{
    "asset": {
        "generator": "COLLADA2GLTF",
        "version": "2.0"
    },
    "scenes": [
        {
            "nodes": [
                0
            ]
        }
    ],
    "scene": 0,
    "nodes": [
        {
            "children": [
                26,
                1
            ],
            "matrix": [
                1.0,
                0.0,
                0.0,
                0.0,
                0.0,
                0.0,
                -1.0,
                0.0,
                0.0,
                1.0,
                0.0,
                0.0,
                0.0,
                0.0,
                0.0,
                1.0
            ],
            "name": "Z_UP"
        },
        {
            "mesh": 0,
            "skin": 0,
            "name": "Fearow"
        },
        {
            "children": [
                25,
                15,
                5,
                3
            ],
            "matrix": [
                0.000007590054337924812,
                -3.6192199411033688e-12,
                -1.0,
                0.0,
                9.5367431640625e-7,
                1.0,
                3.6192199411033688e-12,
                0.0,
                1.0,
                -9.5367431640625e-7,
                0.000007590054337924812,
                0.0,
                0.0,
                0.0,
                0.0,
                1.0
            ],
            "name": "_05_Hips"
        },
        {
            "children": [
                4
            ],
            "matrix": [
                -0.3063879907131195,
                6.390906719389022e-7,
                -0.9519067406654358,
                0.0,
                -0.0000019436176899034764,
                -1.0,
                -4.57918574170435e-8,
                0.0,
                -0.9519067406654358,
                0.0000018361126876698109,
                0.3063879907131195,
                0.0,
                -0.08432818204164505,
                -3.696182628628447e-13,
                -0.4096890389919281,
                1.0
            ],
            "name": "_39_Tail1"
        },
        {
            "matrix": [
                0.9999117255210877,
                9.252894983546869e-8,
                0.013288155198097228,
                0.0,
                -9.518245747131005e-8,
                1.0,
                1.9905749581994318e-7,
                0.0,
                -0.013288155198097228,
                -2.003047256948776e-7,
                0.9999117255210877,
                0.0,
                0.1972668319940567,
                -3.696182628628447e-13,
                -4.844669021508708e-8,
                1.0
            ],
            "name": "_40_Tail2"
        },
        {
            "children": [
                6
            ],
            "matrix": [
                0.9938830733299257,
                5.504241471498972e-7,
                -0.1104372963309288,
                0.0,
                -5.538118443837448e-7,
                1.0,
                -4.509236137695966e-13,
                0.0,
                0.1104372963309288,
                6.116192707850132e-8,
                0.9938830733299257,
                0.0,
                0.2160947471857071,
                -0.2059886604547501,
                -0.14368627965450288,
                1.0
            ],
            "name": "_24_RThigh"
        },
        {
            "children": [
                7
            ],
            "matrix": [
                0.8528228402137756,
                -4.066574206262885e-7,
                0.5222002863883972,
                0.0,
                4.471223178370565e-7,
                1.0,
                4.852793011878021e-8,
                0.0,
                -0.5222002863883972,
                1.921016803407838e-7,
                0.8528228402137756,
                0.0,
                0.2685313224792481,
                0.0,
                -0.0000014049527408133145,
                1.0
            ],
            "name": "_25_RLeg"
        },
        {
            "children": [
                13,
                11,
                9,
                8
            ],
            "matrix": [
                0.42482250928878786,
                0.000007731144251010847,
                0.905276656150818,
                0.0,
                0.0005809596041217446,
                0.9999998211860656,
                -0.0002811691374517977,
                0.0,
                -0.9052764773368836,
                0.0006453761016018689,
                0.4248224198818207,
                0.0,
                0.2328454703092575,
                0.0,
                -2.906801341850951e-7,
                1.0
            ],
            "name": "_26_RFoot"
        },
        {
            "matrix": [
                -1.0,
                0.000006924456556589576,
                -0.000001008717163131223,
                0.0,
                -0.000006923800810909597,
                -0.9999997615814208,
                -0.0006489759543910623,
                0.0,
                -0.0000010132107490790077,
                -0.0006489758961834014,
                0.9999997615814208,
                0.0,
                -0.053360167890787128,
                0.001652224687859416,
                -0.11210747063159944,
                1.0
            ],
            "name": "_37_RToeD"
        },
        {
            "children": [
                10
            ],
            "matrix": [
                0.9207801222801209,
                0.33441680669784548,
                -0.200821653008461,
                0.0,
                -0.3412543535232544,
                0.9399707913398744,
                0.0006064525805413723,
                0.0,
                0.18896929919719697,
                0.06797285377979279,
                0.9796276092529296,
                0.0,
                0.13245362043380738,
                0.09664321690797806,
                -0.09748850017786026,
                1.0
            ],
            "name": "_34_RToeC1"
        },
        {
            "matrix": [
                0.95969820022583,
                -0.20046895742416385,
                0.1969556361436844,
                0.0,
                0.20447421073913578,
                0.9788719415664672,
                -4.645133913072641e-7,
                0.0,
                -0.19279424846172336,
                0.0402727946639061,
                0.9804124236106872,
                0.0,
                0.09986966848373412,
                -5.450255571304297e-7,
                3.996842679043766e-7,
                1.0
            ],
            "name": "_35_RToeC2"
        },
        {
            "children": [
                12
            ],
            "matrix": [
                0.9297791719436646,
                -0.3153459131717682,
                -0.18991494178771976,
                0.0,
                0.3194419145584107,
                0.9475585222244264,
                -0.009468838572502137,
                0.0,
                0.1829414814710617,
                -0.05186286196112633,
                0.9817548990249634,
                0.0,
                0.13362707197666169,
                -0.09781311452388764,
                -0.09748850017786026,
                1.0
            ],
            "name": "_31_RToeB1"
        },
        {
            "matrix": [
                0.9676572680473328,
                0.16742710769176484,
                0.1886996626853943,
                0.0,
                -0.17048990726470948,
                0.9853594303131104,
                -4.625809140179627e-7,
                0.0,
                -0.1859370768070221,
                -0.032170940190553668,
                0.9820348620414734,
                0.0,
                0.10582859069108965,
                -0.0000010658271776264885,
                -3.270148454248556e-7,
                1.0
            ],
            "name": "_32_RToeB2"
        },
        {
            "children": [
                14
            ],
            "matrix": [
                0.9872966408729552,
                0.00009481383312959224,
                -0.15888790786266328,
                0.0,
                0.000007831203220121097,
                0.9999998211860656,
                0.000645395484752953,
                0.0,
                0.1588879227638245,
                -0.0006384410662576556,
                0.9872964024543762,
                0.0,
                0.15529820322990418,
                0.0017583955777809024,
                -0.09748850017786026,
                1.0
            ],
            "name": "_28_RToeA1"
        },
        {
            "matrix": [
                0.9872966408729552,
                0.000007789936717017554,
                0.15888778865337373,
                0.0,
                0.00009484525071457028,
                0.9999998211860656,
                -0.0006383772124536336,
                0.0,
                -0.15888775885105134,
                0.0006453373935073614,
                0.987296462059021,
                0.0,
                0.126359760761261,
                0.0,
                -1.7561916365593789e-7,
                1.0
            ],
            "name": "_29_RToeA2"
        },
        {
            "children": [
                16
            ],
            "matrix": [
                0.9938830733299257,
                5.504241471498972e-7,
                -0.1104372963309288,
                0.0,
                -5.538118443837448e-7,
                1.0,
                -4.509236137695966e-13,
                0.0,
                0.1104372963309288,
                6.116192707850132e-8,
                0.9938830733299257,
                0.0,
                0.2160952389240265,
                0.2059885561466217,
                -0.143686905503273,
                1.0
            ],
            "name": "_09_LThigh"
        },
        {
            "children": [
                17
            ],
            "matrix": [
                0.8528228402137756,
                -4.066574206262885e-7,
                0.5222002863883972,
                0.0,
                4.471223178370565e-7,
                1.0,
                4.852793011878021e-8,
                0.0,
                -0.5222002863883972,
                1.921016803407838e-7,
                0.8528228402137756,
                0.0,
                0.2685288190841675,
                0.0,
                0.0,
                1.0
            ],
            "name": "_10_LLeg"
        },
        {
            "children": [
                23,
                21,
                19,
                18
            ],
            "matrix": [
                0.42482250928878786,
                0.000007731144251010847,
                0.905276656150818,
                0.0,
                0.0005809596041217446,
                0.9999998211860656,
                -0.0002811691374517977,
                0.0,
                -0.9052764773368836,
                0.0006453761016018689,
                0.4248224198818207,
                0.0,
                0.23284566402435304,
                0.0,
                0.0,
                1.0
            ],
            "name": "_11_LFoot"
        },
        {
            "matrix": [
                -1.0,
                0.000008529757906217128,
                0.0000014341271707962733,
                0.0,
                -0.000008514053661201615,
                -0.9999436736106872,
                0.010615154169499874,
                0.0,
                0.000001524591084489657,
                0.010615154169499874,
                0.9999436736106872,
                0.0,
                -0.0533619187772274,
                -0.001652224687859416,
                -0.11210747063159944,
                1.0
            ],
            "name": "_22_LToeD"
        },
        {
            "children": [
                20
            ],
            "matrix": [
                0.9207748174667358,
                -0.33417174220085146,
                -0.2012535929679871,
                0.0,
                0.3412691056728363,
                0.9399654269218444,
                0.0006067645153962076,
                0.0,
                0.18896865844726566,
                -0.06924033164978028,
                0.9795389771461488,
                0.0,
                0.13245345652103425,
                -0.09664323925971984,
                -0.09748850017786026,
                1.0
            ],
            "name": "_19_LToeC1"
        },
        {
            "matrix": [
                0.9596980810165404,
                0.20046931505203248,
                0.19695605337619785,
                0.0,
                -0.20447449386119846,
                0.9788718819618224,
                -6.390528106692273e-10,
                0.0,
                -0.19279474020004273,
                -0.040272485464811328,
                0.9804123044013976,
                0.0,
                0.09986812621355056,
                -2.422331846219095e-8,
                0.0,
                1.0
            ],
            "name": "_20_LToeC2"
        },
        {
            "children": [
                22
            ],
            "matrix": [
                0.9297839999198914,
                0.3155767023563385,
                -0.1895073652267456,
                0.0,
                -0.31942734122276308,
                0.9475504159927368,
                0.010692950338125228,
                0.0,
                0.1829422265291214,
                0.05059169977903366,
                0.981821060180664,
                0.0,
                0.133624866604805,
                0.09781232476234436,
                -0.09748850017786026,
                1.0
            ],
            "name": "_16_LToeB1"
        },
        {
            "matrix": [
                0.9676572680473328,
                -0.16742725670337678,
                0.18869969248771668,
                0.0,
                0.17049023509025577,
                0.9853593707084656,
                -4.724665529920458e-7,
                0.0,
                -0.18593692779541017,
                0.03217191249132157,
                0.9820348620414734,
                0.0,
                0.10583042353391648,
                4.844669021508708e-8,
                0.0,
                1.0
            ],
            "name": "_17_LToeB2"
        },
        {
            "children": [
                24
            ],
            "matrix": [
                0.9872966408729552,
                0.00009481383312959224,
                -0.15888790786266328,
                0.0,
                0.000007831203220121097,
                0.9999998211860656,
                0.000645395484752953,
                0.0,
                0.1588879227638245,
                -0.0006384410662576556,
                0.9872964024543762,
                0.0,
                0.15529628098011018,
                -0.0017582986038178206,
                -0.09748852252960204,
                1.0
            ],
            "name": "_13_LToeA1"
        },
        {
            "matrix": [
                0.9872966408729552,
                0.000007789936717017554,
                0.15888778865337373,
                0.0,
                0.00009484525071457028,
                0.9999998211860656,
                -0.0006383772124536336,
                0.0,
                -0.15888775885105134,
                0.0006453373935073614,
                0.987296462059021,
                0.0,
                0.12636148929595948,
                0.0,
                6.055842494134822e-9,
                1.0
            ],
            "name": "_14_LToeA2"
        },
        {
            "matrix": [
                -0.05319131165742874,
                -3.546027187439904e-7,
                -0.9985843300819396,
                0.0,
                -0.000002673560857147095,
                -1.0,
                4.975172487320378e-7,
                0.0,
                -0.9985843300819396,
                0.0000026962395622831538,
                0.05319131165742874,
                0.0,
                -0.24107743799686433,
                -5.544286817843469e-13,
                -0.29527220129966738,
                1.0
            ],
            "name": "_07_FeelerA"
        },
        {
            "children": [
                27
            ],
            "matrix": [
                1.0,
                -0.0,
                0.0,
                0.0,
                0.0,
                4.4896641959724089e-11,
                1.0,
                0.0,
                -0.0,
                -1.0,
                4.4896641959724089e-11,
                0.0,
                0.0,
                0.0,
                0.0,
                1.0
            ],
            "name": "_01_pm0022_00"
        },
        {
            "children": [
                28
            ],
            "name": "_02_Origin"
        },
        {
            "children": [
                2,
                29
            ],
            "matrix": [
                -0.0000028247213776921859,
                0.000002824722514560563,
                1.0,
                0.0,
                1.0,
                -3.469968703484483e-7,
                0.000002824722514560563,
                0.0,
                3.470048284270888e-7,
                1.0,
                -0.0000028247213776921859,
                0.0,
                0.0,
                0.8720149993896484,
                -0.5604560375213623,
                1.0
            ],
            "name": "_03_Waist"
        },
        {
            "children": [
                56,
                45,
                30
            ],
            "matrix": [
                0.8837855458259583,
                8.022017254916136e-7,
                0.4678921699523926,
                0.0,
                -0.00000253598182098358,
                -1.0,
                0.000006504630619019736,
                0.0,
                0.4678921699523926,
                -0.000006935264536878094,
                -0.8837855458259583,
                0.0,
                0.0,
                0.0,
                0.0,
                1.0
            ],
            "name": "_42_Spine"
        },
        {
            "children": [
                31
            ],
            "matrix": [
                0.32394859194755556,
                0.941567063331604,
                0.0922430157661438,
                0.0,
                0.9360426068305968,
                -0.3331476151943207,
                0.11330007761716844,
                0.0,
                0.13741016387939454,
                0.049639992415905,
                -0.9892696142196656,
                0.0,
                0.5041264891624451,
                0.10013416409492493,
                -0.10818301141262056,
                1.0
            ],
            "name": "_82_RShoulder"
        },
        {
            "children": [
                33,
                32
            ],
            "matrix": [
                0.9743245244026184,
                -0.22137993574142457,
                0.04101984575390816,
                0.0,
                0.22161035239696504,
                0.9751346707344056,
                -0.001100541790947318,
                0.0,
                -0.03975623846054077,
                0.010162707418203354,
                0.999157726764679,
                0.0,
                0.1777258813381195,
                1.6956327897332813e-7,
                0.0000011627205367403804,
                1.0
            ],
            "name": "_83_RArm"
        },
        {
            "matrix": [
                -0.0017320027109235526,
                -0.9988592863082886,
                -0.047718677669763568,
                0.0,
                0.9999973177909852,
                -0.0018039776477962733,
                0.0014652935788035393,
                0.0,
                -0.001549705513752997,
                -0.04771601036190987,
                0.9988597631454468,
                0.0,
                0.18547077476978306,
                -0.6976947784423828,
                0.01068403758108616,
                1.0
            ],
            "name": "_04_RFeelerD"
        },
        {
            "children": [
                44,
                43,
                34
            ],
            "matrix": [
                1.0,
                0.0,
                0.0,
                0.0,
                0.0,
                1.0,
                0.0,
                0.0,
                0.0,
                0.0,
                1.0,
                0.0,
                0.3143658936023712,
                -2.180099727411289e-7,
                -2.906801341850951e-7,
                1.0
            ],
            "name": "_84_RArm2"
        },
        {
            "children": [
                42,
                41,
                35
            ],
            "matrix": [
                0.8655440211296082,
                0.5008328557014465,
                -6.6168355239426558e-9,
                0.0,
                -0.5008328557014465,
                0.8655440211296082,
                2.604470523692726e-7,
                0.0,
                1.3616761407320158e-7,
                -2.2211445127595653e-7,
                1.0,
                0.0,
                0.3602507412433624,
                4.602429442002176e-7,
                9.689337048257585e-7,
                1.0
            ],
            "name": "_89_RForeArm"
        },
        {
            "children": [
                40,
                39,
                36
            ],
            "matrix": [
                1.0,
                0.0,
                0.0,
                0.0,
                0.0,
                1.0,
                0.0,
                0.0,
                0.0,
                0.0,
                1.0,
                0.0,
                0.4703010320663452,
                7.509230499636033e-7,
                -0.0000013565073686550025,
                1.0
            ],
            "name": "_94_RForeArm2"
        },
        {
            "children": [
                38,
                37
            ],
            "matrix": [
                0.5846514701843262,
                -0.811284601688385,
                7.1024186532042689e-9,
                0.0,
                0.811284601688385,
                0.5846514701843262,
                -8.040568388878455e-8,
                0.0,
                6.107945438316166e-8,
                5.277138015458149e-8,
                1.0,
                0.0,
                0.5608268976211548,
                5.08690902734088e-7,
                0.0000015502940868827864,
                1.0
            ],
            "name": "_99_RHand"
        },
        {
            "matrix": [
                0.99848735332489,
                -0.05491049960255623,
                0.0027971379458904268,
                0.0,
                0.05456982925534249,
                0.9959397315979004,
                0.07159700244665146,
                0.0,
                -0.006717207841575146,
                -0.0713360607624054,
                0.9974297285079956,
                0.0,
                0.7826933264732361,
                -0.23477481305599216,
                -0.03518545255064964,
                1.0
            ],
            "name": "_02_RFingerB"
        },
        {
            "matrix": [
                1.0,
                0.0,
                0.0,
                0.0,
                0.0,
                1.0,
                0.0,
                0.0,
                0.0,
                0.0,
                1.0,
                0.0,
                0.812919557094574,
                -9.689337048257585e-7,
                -0.0000018409717768008705,
                1.0
            ],
            "name": "_00_RFingerA"
        },
        {
            "matrix": [
                0.48882612586021426,
                -0.8721917271614075,
                -0.01818104088306427,
                0.0,
                0.8723699450492859,
                0.48881977796554568,
                0.005095386877655983,
                0.0,
                0.004443097859621048,
                -0.018351351842284204,
                0.9998217225074768,
                0.0,
                0.5068163275718689,
                -0.8419414162635803,
                0.02576596289873123,
                1.0
            ],
            "name": "_97_RFingerD"
        },
        {
            "matrix": [
                0.38449826836586,
                -0.9229373335838318,
                -0.01864812895655632,
                0.0,
                0.9231149554252625,
                0.384512722492218,
                0.0029465381521731617,
                0.0,
                0.0044509731233119968,
                -0.018347306177020074,
                0.9998217821121216,
                0.0,
                0.2308998554944992,
                -0.8550043702125549,
                0.026752246543765069,
                1.0
            ],
            "name": "_95_RFingerC"
        },
        {
            "matrix": [
                0.2988012433052063,
                -0.9529772400856018,
                -0.05051922425627709,
                0.0,
                0.9530444145202636,
                0.3007160723209381,
                -0.03572330623865128,
                0.0,
                0.04923544079065323,
                -0.03747289627790451,
                0.9980840086936952,
                0.0,
                0.3915356397628784,
                -0.8463150262832642,
                0.03762755915522576,
                1.0
            ],
            "name": "_92_RFeelerB"
        },
        {
            "matrix": [
                0.17429828643798829,
                -0.9836397767066956,
                -0.04552926868200302,
                0.0,
                0.9834609627723694,
                0.17620617151260377,
                -0.04190349206328392,
                0.0,
                0.04924048110842705,
                -0.03747254982590676,
                0.998083770275116,
                0.0,
                0.1072772815823555,
                -0.8058200478553772,
                0.0531705804169178,
                1.0
            ],
            "name": "_90_RFeelerA"
        },
        {
            "matrix": [
                0.29063016176223757,
                -0.9557669758796692,
                -0.04520653933286667,
                0.0,
                0.9568341970443726,
                0.2902287244796753,
                0.015348630025982857,
                0.0,
                -0.001549478154629469,
                -0.0477159358561039,
                0.9988597631454468,
                0.0,
                0.19662490487098698,
                -0.7116294503211975,
                0.027679698541760449,
                1.0
            ],
            "name": "_87_RFeelerE"
        },
        {
            "matrix": [
                0.5553010106086731,
                -0.8306566476821899,
                -0.040624238550663,
                0.0,
                0.82938152551651,
                0.5567306280136108,
                -0.0466611497104168,
                0.0,
                0.06137615069746971,
                -0.007782008498907089,
                0.9980843663215636,
                0.0,
                0.5502353310585022,
                -0.7136716246604919,
                0.04601529985666275,
                1.0
            ],
            "name": "_85_RFeelerC"
        },
        {
            "children": [
                55,
                46
            ],
            "matrix": [
                0.9503273963928224,
                2.229551938626173e-7,
                -0.31125202775001528,
                0.0,
                -9.093935915416297e-8,
                1.0,
                4.386575085391087e-7,
                0.0,
                0.31125202775001528,
                -3.885631940647727e-7,
                0.9503273963928224,
                0.0,
                0.5849061012268066,
                0.0,
                0.0,
                1.0
            ],
            "name": "_67_Neck1"
        },
        {
            "children": [
                47
            ],
            "matrix": [
                0.9984948039054872,
                -4.544049056302846e-13,
                0.05484588071703911,
                0.0,
                4.668753990182128e-13,
                1.0,
                -2.1456073679912427e-13,
                0.0,
                -0.05484588071703911,
                2.398439790957802e-13,
                0.9984948039054872,
                0.0,
                0.2338538467884064,
                0.0,
                -9.689338043017418e-8,
                1.0
            ],
            "name": "_70_Neck2"
        },
        {
            "children": [
                48
            ],
            "matrix": [
                0.9881452918052672,
                1.4727216779419905e-8,
                0.15352147817611698,
                0.0,
                -1.4903839939961473e-8,
                1.0,
                -3.7527140141040145e-13,
                0.0,
                -0.15352147817611698,
                -2.28768870513818e-9,
                0.9881452918052672,
                0.0,
                0.19129182398319245,
                7.392365257256894e-13,
                -1.9378650506496346e-7,
                1.0
            ],
            "name": "_71_Neck3"
        },
        {
            "children": [
                49
            ],
            "matrix": [
                0.6933241486549377,
                -1.6360181167695418e-13,
                0.7206258773803711,
                0.0,
                -1.987963429428419e-7,
                1.0,
                1.91264931004298e-7,
                0.0,
                -0.7206258773803711,
                -2.758663981694554e-7,
                0.6933241486549377,
                0.0,
                0.19044969975948337,
                -1.4784756535365928e-12,
                -9.689338043017418e-8,
                1.0
            ],
            "name": "_72_Neck4"
        },
        {
            "children": [
                50
            ],
            "matrix": [
                0.9992209076881408,
                -3.752739763905611e-13,
                -0.03946558758616448,
                0.0,
                4.347351367783858e-9,
                1.0,
                1.1006016364945027e-7,
                0.0,
                0.03946558758616448,
                -1.1014599010650274e-7,
                0.9992209076881408,
                0.0,
                0.1878485083580017,
                1.4784756535365928e-12,
                -2.906801341850951e-7,
                1.0
            ],
            "name": "_73_Neck5"
        },
        {
            "children": [
                54,
                51
            ],
            "matrix": [
                0.9440109133720398,
                1.3714063129555146e-7,
                0.3299142122268677,
                0.0,
                -1.9785821336881788e-7,
                1.0,
                1.5046239809635157e-7,
                0.0,
                -0.3299142122268677,
                -2.0731438610255282e-7,
                0.9440109133720398,
                0.0,
                0.1702224463224411,
                2.2177121250521736e-12,
                -1.9378650506496346e-7,
                1.0
            ],
            "name": "_74_Head"
        },
        {
            "children": [
                52
            ],
            "matrix": [
                0.9919541478157044,
                1.1033331048793117e-7,
                0.12659774720668794,
                0.0,
                -5.086183207936301e-8,
                1.0,
                -4.729997726826696e-7,
                0.0,
                -0.12659774720668794,
                4.627550822533522e-7,
                0.9919541478157044,
                0.0,
                0.41046142578125,
                -7.392365257256894e-13,
                -1.9378650506496346e-7,
                1.0
            ],
            "name": "_77_Jaw"
        },
        {
            "children": [
                53
            ],
            "matrix": [
                0.9918879866600036,
                5.02343067317057e-13,
                0.1271151304244995,
                0.0,
                -6.042214550916469e-8,
                1.0,
                4.714741805855738e-7,
                0.0,
                -0.1271151304244995,
                -4.753301254822873e-7,
                0.9918879866600036,
                0.0,
                -0.005498452112078667,
                1.4784756535365928e-12,
                -0.0395067036151886,
                1.0
            ],
            "name": "_79_Tongue1"
        },
        {
            "matrix": [
                0.9989894032478333,
                3.701565276514884e-8,
                -0.04494648799300194,
                0.0,
                -3.7053105472750767e-8,
                1.0,
                -1.5505137321639165e-13,
                0.0,
                0.04494648799300194,
                1.665561910613178e-9,
                0.9989894032478333,
                0.0,
                0.11598563939332962,
                7.392365257256894e-13,
                1.9378650506496346e-7,
                1.0
            ],
            "name": "_80_Tongue2"
        },
        {
            "matrix": [
                -0.2206939309835434,
                4.2094225705113799e-7,
                -0.9753431081771852,
                0.0,
                0.0000056279868658748459,
                1.0,
                -8.418783750130388e-7,
                0.0,
                0.9753431081771852,
                -0.000005675015472661471,
                -0.2206939309835434,
                0.0,
                0.1684153527021408,
                -1.4784756535365928e-12,
                -0.18741144239902497,
                1.0
            ],
            "name": "_75_Hair"
        },
        {
            "matrix": [
                -0.7653225660324097,
                -0.0000014540382835548372,
                0.6436468958854675,
                0.0,
                0.000002048988335445756,
                -1.0,
                1.772690154666634e-7,
                0.0,
                0.6436468958854675,
                0.000001454492917218886,
                0.7653225660324097,
                0.0,
                0.10954438149929048,
                -7.392365257256894e-13,
                0.1913174539804459,
                1.0
            ],
            "name": "_68_FeelerB"
        },
        {
            "children": [
                57
            ],
            "matrix": [
                0.3239484131336212,
                -0.9415671825408936,
                0.09224242717027664,
                0.0,
                -0.9360427260398864,
                -0.3331473469734192,
                -0.11330000311136246,
                0.0,
                0.13740988075733186,
                -0.049639493227005008,
                -0.9892696738243104,
                0.0,
                0.5041264891624451,
                -0.10013416409492493,
                -0.10818370431661606,
                1.0
            ],
            "name": "_43_LShoulder"
        },
        {
            "children": [
                59,
                58
            ],
            "matrix": [
                0.9743247032165529,
                0.2213793396949768,
                0.04101936891674996,
                0.0,
                -0.22160972654819489,
                0.9751347899436952,
                0.0011000657686963678,
                0.0,
                -0.03975588455796242,
                -0.01016211323440075,
                0.999157726764679,
                0.0,
                0.17772534489631654,
                -4.844669021508708e-8,
                -9.689338043017418e-8,
                1.0
            ],
            "name": "_44_LArm"
        },
        {
            "matrix": [
                -0.0017318548634648324,
                0.9988593459129334,
                -0.047718536108732226,
                0.0,
                -0.9999973177909852,
                -0.0018038649577647448,
                -0.0014660367742180825,
                0.0,
                -0.0015504423063248397,
                0.047715868800878528,
                0.9988597631454468,
                0.0,
                0.185470387339592,
                0.6976950764656067,
                0.01068549044430256,
                1.0
            ],
            "name": "_65_LFeelerD"
        },
        {
            "children": [
                70,
                69,
                60
            ],
            "matrix": [
                1.0,
                0.0,
                0.0,
                0.0,
                0.0,
                1.0,
                0.0,
                0.0,
                0.0,
                0.0,
                1.0,
                0.0,
                0.3143658936023712,
                0.0,
                9.689338043017418e-8,
                1.0
            ],
            "name": "_45_LArm2"
        },
        {
            "children": [
                68,
                67,
                61
            ],
            "matrix": [
                0.8655440211296082,
                -0.5008328557014465,
                -3.3091655637917948e-8,
                0.0,
                0.5008328557014465,
                0.8655440211296082,
                2.828395508913673e-7,
                0.0,
                -1.1301306557243153e-7,
                -2.613834624298761e-7,
                1.0,
                0.0,
                0.3602532744407654,
                9.689338043017418e-8,
                0.0,
                1.0
            ],
            "name": "_50_LForeArm"
        },
        {
            "children": [
                66,
                65,
                62
            ],
            "matrix": [
                1.0,
                0.0,
                0.0,
                0.0,
                0.0,
                1.0,
                0.0,
                0.0,
                0.0,
                0.0,
                1.0,
                0.0,
                0.47030383348464968,
                -2.422331846219095e-8,
                0.0,
                1.0
            ],
            "name": "_55_LForeArm2"
        },
        {
            "children": [
                64,
                63
            ],
            "matrix": [
                0.5846513509750366,
                0.8112846612930298,
                -4.966359412605925e-8,
                0.0,
                -0.8112846612930298,
                0.5846513509750366,
                3.336980114454491e-7,
                0.0,
                2.997599608534074e-7,
                -1.5480567583381347e-7,
                1.0,
                0.0,
                0.5608246326446533,
                -4.844669021508708e-8,
                -1.9378650506496346e-7,
                1.0
            ],
            "name": "_60_LHand"
        },
        {
            "matrix": [
                0.99848735332489,
                0.05491046980023384,
                0.002797110937535763,
                0.0,
                -0.054569799453020099,
                0.9959397315979004,
                -0.07159700244665146,
                0.0,
                -0.006717178970575333,
