{
    "asset": {
        "generator": "COLLADA2GLTF",
        "version": "2.0"
    },
    "scenes": [
        {
            "nodes": [
                0
            ]
        }
    ],
    "scene": 0,
    "nodes": [
        {
            "children": [
                28,
                1
            ],
            "matrix": [
                1.0,
                0.0,
                0.0,
                0.0,
                0.0,
                0.0,
                -1.0,
                0.0,
                0.0,
                1.0,
                0.0,
                0.0,
                0.0,
                0.0,
                0.0,
                1.0
            ],
            "name": "Z_UP"
        },
        {
            "mesh": 0,
            "skin": 0,
            "name": "Paras"
        },
        {
            "children": [
                23,
                20,
                19,
                16,
                13,
                10,
                9,
                6,
                3
            ],
            "name": "_05_Spine"
        },
        {
            "children": [
                4
            ],
            "matrix": [
                -0.23657755553722385,
                0.8938149809837341,
                -0.38095390796661379,
                0.0,
                -0.000001523572223049996,
                0.3920838236808777,
                0.9199295043945313,
                0.0,
                0.9716126322746276,
                0.21763524413108829,
                -0.09275686740875244,
                0.0,
                -0.02935119718313217,
                0.14044089615345,
                0.19050002098083497,
                1.0
            ],
            "name": "_40_RThigh2"
        },
        {
            "children": [
                5
            ],
            "matrix": [
                0.4793471097946167,
                0.8729391098022461,
                -0.09057405591011048,
                0.0,
                -0.8659037947654724,
                0.453608512878418,
                -0.2108316719532013,
                0.0,
                -0.14295804500579838,
                0.17948997020721436,
                0.9733172059059144,
                0.0,
                0.2926384806632996,
                -5.208015636526397e-7,
                3.875735217206966e-7,
                1.0
            ],
            "name": "_41_RLeg2"
        },
        {
            "matrix": [
                0.6285020112991333,
                0.766997218132019,
                0.12923048436641694,
                0.0,
                -0.7512803077697754,
                0.6416504383087158,
                -0.15447543561458589,
                0.0,
                -0.20140302181243897,
                -2.037637045759766e-7,
                0.9795084595680236,
                0.0,
                0.18617384135723118,
                9.204858884004352e-7,
                2.180099727411289e-7,
                1.0
            ],
            "name": "_42_RFoot2"
        },
        {
            "children": [
                7
            ],
            "matrix": [
                0.06613435596227646,
                0.9255810976028442,
                -0.3727276027202606,
                0.0,
                -0.000002559202584961895,
                0.3735455572605133,
                0.9276118278503418,
                0.0,
                0.9978107213974,
                -0.06134605407714844,
                0.024706562981009485,
                0.0,
                0.09545548260211945,
                0.1403314471244812,
                0.19050002098083497,
                1.0
            ],
            "name": "_36_RThigh"
        },
        {
            "children": [
                8
            ],
            "matrix": [
                0.5561542510986328,
                0.8308026790618897,
                0.021432192996144296,
                0.0,
                -0.830389678478241,
                0.5544579029083252,
                0.05503958463668823,
                0.0,
                0.033843785524368289,
                -0.048407573252916339,
                0.998254120349884,
                0.0,
                0.27898088097572329,
                1.816750199168382e-7,
                -1.332283403598922e-7,
                1.0
            ],
            "name": "_37_RLeg"
        },
        {
            "matrix": [
                0.5837565660476685,
                0.8112762570381165,
                -0.032544638961553577,
                0.0,
                -0.8099035024642944,
                0.5846618413925171,
                0.04719000309705734,
                0.0,
                0.05731173604726792,
                -0.001189457718282938,
                0.9983556270599364,
                0.0,
                0.18581709265708924,
                -7.266990564858133e-7,
                1.0597718613780673e-7,
                1.0
            ],
            "name": "_38_RFoot"
        },
        {
            "matrix": [
                -0.0912000760436058,
                0.6424420475959778,
                -0.7608881592750549,
                0.0,
                -0.000008264080861408729,
                0.7640718221664429,
                0.6451311707496643,
                0.0,
                0.9958325624465942,
                0.05884229764342308,
                -0.06967809796333313,
                0.0,
                -0.027515819296240808,
                0.2139682769775391,
                -0.188231959939003,
                1.0
            ],
            "name": "_34_RFeelerC"
        },
        {
            "children": [
                11
            ],
            "matrix": [
                0.5499803423881531,
                0.8351771235466003,
                -0.0008867557044140995,
                0.0,
                -0.0000013341409612621649,
                0.0010626355651766062,
                0.999999463558197,
                0.0,
                0.8351776003837586,
                -0.5499799847602844,
                0.000585542933549732,
                0.0,
                0.2408290654420853,
                0.24372996389865876,
                0.04300451278686524,
                1.0
            ],
            "name": "_30_RArm"
        },
        {
            "children": [
                12
            ],
            "matrix": [
                0.4443293809890747,
                0.5995848178863525,
                0.6656346321105957,
                0.0,
                -0.8351448774337769,
                0.008343270048499108,
                0.5499667525291443,
                0.0,
                0.3241981565952301,
                -0.80026775598526,
                0.504447340965271,
                0.0,
                0.12050598114728928,
                7.266990564858133e-7,
                2.180099727411289e-7,
                1.0
            ],
            "name": "_31_RForeArm"
        },
        {
            "matrix": [
                0.9254736304283142,
                0.2921264171600342,
                -0.241165429353714,
                0.0,
                -0.21814657747745518,
                0.931470274925232,
                0.2911618649959564,
                0.0,
                0.3096944987773895,
                -0.21685320138931278,
                0.9257774949073792,
                0.0,
                0.4002000987529755,
                1.211165852055274e-7,
                4.602429442002176e-7,
                1.0
            ],
            "name": "_32_RHand"
        },
        {
            "children": [
                14
            ],
            "matrix": [
                -0.2365652471780777,
                -0.8938152194023132,
                -0.3809608817100525,
                0.0,
                -0.000002769979573713499,
                0.3920907378196717,
                -0.9199265241622924,
                0.0,
                0.9716156125068665,
                -0.2176215946674347,
                -0.09275751560926438,
                0.0,
                -0.02935096994042397,
                -0.14044089615345,
                0.19050002098083497,
                1.0
            ],
            "name": "_26_LThigh2"
        },
        {
            "children": [
                15
            ],
            "matrix": [
                0.47934746742248537,
                -0.8729389309883118,
                -0.09057413786649704,
                0.0,
                0.8659035563468933,
                0.45360881090164187,
                0.21083179116249085,
                0.0,
                -0.14295804500579838,
                -0.17949014902114869,
                0.9733171463012696,
                0.0,
                0.2926384806632996,
                4.844669021508708e-8,
                0.0,
                1.0
            ],
            "name": "_27_LLeg2"
        },
        {
            "matrix": [
                0.628501832485199,
                -0.7669973373413086,
                0.12923042476177216,
                0.0,
                0.7512803673744202,
                0.6416502594947815,
                0.1544756293296814,
                0.0,
                -0.20140312612056733,
                7.079773922669119e-8,
                0.9795084595680236,
                0.0,
                0.18617333471775056,
                0.0,
                -2.422331846219095e-8,
                1.0
            ],
            "name": "_28_LFoot2"
        },
        {
            "children": [
                17
            ],
            "matrix": [
                0.06614647060632706,
                -0.9255774021148682,
                -0.3727346956729889,
                0.0,
                -0.0000017549156154927917,
                0.3735527098178864,
                -0.9276089668273926,
                0.0,
                0.9978099465370178,
                0.06135870888829231,
                0.02470756694674492,
                0.0,
                0.09545548260211945,
                -0.14033138751983646,
                0.19050002098083497,
                1.0
            ],
            "name": "_22_LThigh"
        },
        {
            "children": [
                18
            ],
            "matrix": [
                0.5561535358428955,
                -0.8308031558990479,
                0.021432196721434594,
                0.0,
                0.830390214920044,
                0.5544571876525879,
                -0.05503945052623749,
                0.0,
                0.033843714743852618,
                0.04840746894478798,
                0.998254120349884,
                0.0,
                0.2789834141731262,
                1.2111659231095473e-8,
                -6.055842494134822e-9,
                1.0
            ],
            "name": "_23_LLeg"
        },
        {
            "matrix": [
                0.5837562680244446,
                -0.8112764358520508,
                -0.03254478797316551,
                0.0,
                0.8099036812782288,
                0.584661602973938,
                -0.04719005525112152,
                0.0,
                0.05731186643242836,
                0.00118934886995703,
                0.9983556270599364,
                0.0,
                0.18581655621528624,
                0.0,
                -9.083751528748964e-9,
                1.0
            ],
            "name": "_24_LFoot"
        },
        {
            "matrix": [
                -0.09119152277708054,
                -0.6424373984336853,
                -0.7608931064605713,
                0.0,
                -0.0000010679160595827853,
                0.7640767693519592,
                -0.6451253294944763,
                0.0,
                0.9958333969116212,
                -0.05882914736866951,
                -0.06967800855636597,
                0.0,
                -0.02751556597650051,
                -0.2139682769775391,
                -0.1882311850786209,
                1.0
            ],
            "name": "_20_LFeelerC"
        },
        {
            "children": [
                21
            ],
            "matrix": [
                0.549991250038147,
                -0.8351699113845825,
                -0.0008931380580179393,
                0.0,
                0.000001912037305373815,
                0.00107066729106009,
                -0.9999994039535524,
                0.0,
                0.8351703882217407,
                0.5499909520149231,
                0.0005904545541852713,
                0.0,
                0.24082939326763154,
                -0.24372996389865876,
                0.04300529882311821,
                1.0
            ],
            "name": "_16_LArm"
        },
        {
            "children": [
                22
            ],
            "matrix": [
                0.4443294107913971,
                -0.5995852947235107,
                0.6656341552734375,
                0.0,
                0.8351445198059082,
                0.008342771790921688,
                -0.549967348575592,
                0.0,
                0.3241990804672241,
                0.8002673983573914,
                0.5044472813606262,
                0.0,
                0.12050623446702956,
                -2.422331846219095e-8,
                -6.055842494134822e-9,
                1.0
            ],
            "name": "_17_LForeArm"
        },
        {
            "matrix": [
                0.9254735112190248,
                -0.29212650656700137,
                -0.24116575717926024,
                0.0,
                0.218146488070488,
                0.9314702153205872,
                -0.2911621332168579,
                0.0,
                0.3096948862075806,
                0.21685336530208589,
                0.9257773756980896,
                0.0,
                0.400199830532074,
                9.689338043017418e-8,
                -2.422331846219095e-8,
                1.0
            ],
            "name": "_18_LHand"
        },
        {
            "children": [
                27,
                26,
                25,
                24
            ],
            "matrix": [
                1.0,
                0.0,
                0.0,
                0.0,
                0.0,
                1.0,
                0.0,
                0.0,
                0.0,
                0.0,
                1.0,
                0.0,
                0.29727903008461,
                6.93033887113996e-14,
                -0.03075886517763138,
                1.0
            ],
            "name": "_06_Head"
        },
        {
            "matrix": [
                0.8190353512763977,
                -0.5735951066017151,
                -0.013028853572905064,
                0.0,
                0.5737430453300476,
                0.818824052810669,
                0.0186033733189106,
                0.0,
                -0.0000024652088086440928,
                -0.02271203324198723,
                0.999742031097412,
                0.0,
                0.2189190536737442,
                0.08336178213357926,
                0.116755448281765,
                1.0
            ],
            "name": "_14_RFeelerB"
        },
        {
            "matrix": [
                0.8728140592575073,
                0.1852051317691803,
                -0.4515470266342163,
                0.0,
                -0.16692999005317689,
                0.9826860427856444,
                0.08038955181837082,
                0.0,
                0.4586175382137299,
                0.0052116066217422489,
                0.8886184692382813,
                0.0,
                0.18307705223560337,
                0.18956784904003144,
                -0.03991686180233956,
                1.0
            ],
            "name": "_12_RFeelerA"
        },
        {
            "matrix": [
                0.8190280795097351,
                0.5736055970191956,
                -0.013024658896028996,
                0.0,
                -0.5737534165382385,
                0.8188169002532959,
                -0.018597334623336793,
                0.0,
                -0.0000027239298105996569,
                0.022704681381583219,
                0.9997422099113464,
                0.0,
                0.21891827881336213,
                -0.08336178213357926,
                0.116755448281765,
                1.0
            ],
            "name": "_10_LFeelerB"
        },
        {
            "matrix": [
                0.8728161454200745,
                -0.18519079685211185,
                -0.4515487849712372,
                0.0,
                0.16691768169403077,
                0.9826887845993042,
                -0.08038213104009628,
                0.0,
                0.4586179554462433,
                -0.005212654359638691,
                0.8886182308197022,
                0.0,
                0.18307633697986604,
                -0.18956778943538669,
                -0.03991812840104103,
                1.0
            ],
            "name": "_08_LFeelerA"
        },
        {
            "children": [
                29
            ],
            "matrix": [
                1.0,
                -0.0,
                0.0,
                0.0,
                0.0,
                4.4896641959724089e-11,
                1.0,
                0.0,
                -0.0,
                -1.0,
                4.4896641959724089e-11,
                0.0,
                0.0,
                0.0,
                0.0,
                1.0
            ],
            "name": "_01_pm0046_00"
        },
        {
            "children": [
                30
            ],
            "name": "_02_Origin"
        },
        {
            "children": [
                2
            ],
            "matrix": [
                0.000003004907512149657,
                0.000003004906830028631,
                1.0,
                0.0,
                -1.0,
                2.1748112999375738e-7,
                0.000003004906830028631,
                0.0,
                -2.174721061010132e-7,
                -1.0,
                0.000003004907512149657,
                0.0,
                0.0,
                0.3417570292949677,
                -0.14798471331596378,
                1.0
            ],
            "name": "_03_Waist"
        }
    ],
    "meshes": [
        {
            "primitives": [
                {
                    "attributes": {
                        "COLOR_0": 1,
                        "JOINTS_0": 2,
                        "NORMAL": 3,
                        "POSITION": 4,
                        "TEXCOORD_0": 5,
                        "WEIGHTS_0": 6
                    },
                    "indices": 0,
                    "mode": 4,
                    "material": 0
                },
                {
                    "attributes": {
                        "COLOR_0": 8,
                        "JOINTS_0": 9,
                        "NORMAL": 10,
                        "POSITION": 11,
                        "TEXCOORD_0": 12,
                        "WEIGHTS_0": 13
                    },
                    "indices": 7,
                    "mode": 4,
                    "material": 1
                }
            ],
            "name": "Paras"
        }
    ],
    "skins": [
        {
            "inverseBindMatrices": 14,
            "skeleton": 2,
            "joints": [
                2,
                23,
                20,
                10,
                26,
                24,
                21,
                22,
                11,
                12,
                19,
                9,
                27,
                25,
                16,
                17,
                18,
                13,
                14,
                15,
                6,
                7,
                8,
                3,
                4,
                5
            ],
            "name": "geom-Paras-skin1"
        }
    ],
    "accessors": [
        {
            "bufferView": 0,
            "byteOffset": 0,
            "componentType": 5123,
            "count": 14544,
            "max": [
                3000
            ],
            "min": [
                0
            ],
            "type": "SCALAR"
        },
        {
            "bufferView": 1,
            "byteOffset": 0,
            "componentType": 5126,
            "count": 3001,
            "max": [
                1.0,
                1.0,
                1.0
            ],
            "min": [
                1.0,
                1.0,
                1.0
            ],
            "type": "VEC3"
        },
        {
            "bufferView": 2,
            "byteOffset": 0,
            "componentType": 5123,
            "count": 3001,
            "max": [
                25,
                25,
                24,
                0
            ],
            "min": [
                0,
                0,
                0,
                0
            ],
            "type": "VEC4"
        },
        {
            "bufferView": 1,
            "byteOffset": 36012,
            "componentType": 5126,
            "count": 3001,
            "max": [
                0.998747706413269,
                0.999804139137268,
                0.998562514781952
            ],
            "min": [
                -0.998747706413269,
                -0.99983012676239,
                -0.9999662041664124
            ],
            "type": "VEC3"
        },
        {
            "bufferView": 1,
            "byteOffset": 72024,
            "componentType": 5126,
            "count": 3001,
            "max": [
                0.5926403999328613,
                0.7812760472297669,
                0.5526684522628784
            ],
            "min": [
                -0.5926403999328613,
                -0.0245050061494112,
                -0.5478729009628296
            ],
            "type": "VEC3"
        },
        {
            "bufferView": 2,
            "byteOffset": 24008,
            "componentType": 5126,
            "count": 3001,
            "max": [
                0.9921879768371582,
                0.99609375
            ],
            "min": [
                0.0078125,
                0.005859017372131348
            ],
            "type": "VEC2"
        },
        {
            "bufferView": 3,
            "byteOffset": 0,
            "componentType": 5126,
            "count": 3001,
            "max": [
                1.0,
                0.9500000476837158,
                0.3700000047683716,
                0.0
            ],
            "min": [
                0.030000001192092897,
                0.0,
                0.0,
                0.0
            ],
            "type": "VEC4"
        },
        {
            "bufferView": 0,
            "byteOffset": 29088,
            "componentType": 5123,
            "count": 576,
            "max": [
                113
            ],
            "min": [
                0
            ],
            "type": "SCALAR"
        },
        {
            "bufferView": 1,
            "byteOffset": 108036,
            "componentType": 5126,
            "count": 114,
            "max": [
                1.0,
                1.0,
                1.0
            ],
            "min": [
                1.0,
                1.0,
                1.0
            ],
            "type": "VEC3"
        },
        {
            "bufferView": 2,
            "byteOffset": 48016,
            "componentType": 5123,
            "count": 114,
            "max": [
                1,
                0,
                0,
                0
            ],
            "min": [
                1,
                0,
                0,
                0
            ],
            "type": "VEC4"
        },
        {
            "bufferView": 1,
            "byteOffset": 109404,
            "componentType": 5126,
            "count": 114,
            "max": [
                0.9927096962928772,
                0.983399212360382,
                0.9977359175682068
            ],
            "min": [
                -0.9927096962928772,
                -0.5730209350585938,
                -0.2515462934970856
            ],
            "type": "VEC3"
        },
        {
            "bufferView": 1,
            "byteOffset": 110772,
            "componentType": 5126,
            "count": 114,
            "max": [
                0.29814010858535769,
                0.5246953964233398,
                0.4468672573566437
            ],
            "min": [
                -0.29814010858535769,
                0.3458819389343262,
                0.3129203617572785
            ],
            "type": "VEC3"
        },
        {
            "bufferView": 2,
            "byteOffset": 48928,
            "componentType": 5126,
            "count": 114,
            "max": [
                0.996088981628418,
                0.844480037689209
            ],
            "min": [
                0.03498509898781777,
                -0.8657900094985962
            ],
            "type": "VEC2"
        },
        {
            "bufferView": 3,
            "byteOffset": 48016,
            "componentType": 5126,
            "count": 114,
            "max": [
                1.0,
                0.0,
                0.0,
                0.0
            ],
            "min": [
                1.0,
                0.0,
                0.0,
                0.0
            ],
            "type": "VEC4"
        },
        {
            "bufferView": 4,
            "byteOffset": 0,
            "componentType": 5126,
            "count": 26,
            "max": [
                0.9255776405334472,
                0.9999999403953552,
                0.5499823093414307,
                0.0,
                0.7608926892280579,
                0.9999992847442628,
                0.8002604842185974,
                0.0,
                1.0,
                0.5737454295158386,
                0.9999998211860656,
                0.0,
                5.826169967651367,
                21.85457038879395,
                14.666009902954102,
                1.0
            ],
            "min": [
                -0.92558091878891,
                -1.0,
                -0.5499886274337769,
                0.0,
                -1.0,
                -0.9999994039535524,
                -1.0,
                0.0,
                -0.23657532036304478,
                -0.5737515091896057,
                4.371139894487897e-8,
                0.0,
                -21.918519973754884,
                -21.854660034179689,
                -19.335180282592778,
                1.0
            ],
            "type": "MAT4"
        }
    ],
    "materials": [
        {
            "pbrMetallicRoughness": {
                "baseColorFactor": [
                    1.0,
                    1.0,
                    1.0,
                    1.0
                ],
                "baseColorTexture": {
                    "index": 0
                },
                "metallicFactor": 0.0
            },
            "emissiveFactor": [
                0.0,
                0.0,
                0.0
            ],
            "occlusionTexture": {
                "index": 0
            },
            "name": "BodyASpc00"
        },
        {
            "pbrMetallicRoughness": {
                "baseColorFactor": [
                    1.0,
                    1.0,
                    1.0,
                    1.0
                ],
                "baseColorTexture": {
                    "index": 1
                },
                "metallicFactor": 0.0
            },
            "emissiveFactor": [
                0.0,
                0.0,
                0.0
            ],
            "occlusionTexture": {
                "index": 1
            },
            "name": "BodyB"
        }
    ],
    "textures": [
        {
            "sampler": 0,
            "source": 0
        },
        {
            "sampler": 0,
            "source": 1
        }
    ],
    "images": [
        {
            "uri": "pm0046_00_BodyA1.png"
        },
        {
            "uri": "pm0046_00_BodyB1.png"
        }
    ],
    "samplers": [
        {
            "magFilter": 9729,
            "minFilter": 9986,
            "wrapS": 10497,
            "wrapT": 10497
        }
    ],
    "bufferViews": [
        {
            "buffer": 0,
            "byteOffset": 213484,
            "byteLength": 30240,
            "target": 34963
        },
        {
            "buffer": 0,
            "byteOffset": 51504,
            "byteLength": 112140,
            "byteStride": 12,
            "target": 34962
        },
        {
            "buffer": 0,
            "byteOffset": 163644,
            "byteLength": 49840,
            "byteStride": 8,
            "target": 34962
        },
        {
            "buffer": 0,
            "byteOffset": 1664,
            "byteLength": 49840,
            "byteStride": 16,
            "target": 34962
        },
        {
            "buffer": 0,
            "byteOffset": 0,
            "byteLength": 1664
        }
    ],
    "buffers": [
        {
            "byteLength": 243724,
            "uri": "Paras0.bin"
        }
    ]
}
