{
    "asset": {
        "generator": "COLLADA2GLTF",
        "version": "2.0"
    },
    "scenes": [
        {
            "nodes": [
                0
            ]
        }
    ],
    "scene": 0,
    "nodes": [
        {
            "children": [
                46,
                45,
                44,
                1
            ],
            "matrix": [
                1.0,
                0.0,
                0.0,
                0.0,
                0.0,
                0.0,
                -1.0,
                0.0,
                0.0,
                1.0,
                0.0,
                0.0,
                0.0,
                0.0,
                0.0,
                1.0
            ],
            "name": "Z_UP"
        },
        {
            "mesh": 0,
            "skin": 0,
            "name": "Blastoise"
        },
        {
            "children": [
                38,
                32,
                27,
                20,
                13,
                11,
                8,
                7,
                4,
                3
            ],
            "matrix": [
                -0.000004255716248735553,
                0.8297040462493897,
                0.5582035183906555,
                0.0,
                -1.0,
                -0.000004871731562161585,
                -3.826933721029492e-7,
                0.0,
                0.0000024018954718485476,
                -0.5582035183906555,
                0.8297040462493897,
                0.0,
                0.0,
                1.7253762483596802,
                0.03671823814511299,
                1.0
            ],
            "name": "Waist"
        },
        {
            "matrix": [
                0.03804038465023041,
                -0.5582669377326965,
                -0.8287888169288635,
                0.0,
                0.8095197677612305,
                0.5034734606742859,
                -0.301980584859848,
                0.0,
                0.585858941078186,
                -0.6594334840774536,
                0.4710804522037506,
                0.0,
                0.3670909404754639,
                -0.7715859413146973,
                -0.7317866683006287,
                1.0
            ],
            "name": "LFeelerD"
        },
        {
            "children": [
                5
            ],
            "matrix": [
                0.03804038465023041,
                -0.5582669377326965,
                -0.8287888169288635,
                0.0,
                0.8095197677612305,
                0.5034734606742859,
                -0.301980584859848,
                0.0,
                0.585858941078186,
                -0.6594334840774536,
                0.4710804522037506,
                0.0,
                0.231394499540329,
                -0.6997395157814026,
                -0.9247326850891112,
                1.0
            ],
            "name": "LFeelerA"
        },
        {
            "children": [
                6
            ],
            "matrix": [
                -0.2897008657455445,
                0.09685476869344713,
                0.9522040486335754,
                0.0,
                0.0214629378169775,
                -0.9939591288566588,
                0.10763188451528548,
                0.0,
                0.956876575946808,
                0.05161814764142037,
                0.28587204217910769,
                0.0,
                -0.007612913381308317,
                0.008037677966058255,
                0.34374579787254336,
                1.0
            ],
            "name": "LFeelerB"
        },
        {
            "matrix": [
                1.0,
                0.0,
                0.0,
                0.0,
                0.0,
                1.0,
                0.0,
                0.0,
                0.0,
                0.0,
                1.0,
                0.0,
                1.4366137981414796,
                1.7780000405309696e-7,
                -5.588000249190372e-7,
                1.0
            ],
            "name": "LFeelerC"
        },
        {
            "matrix": [
                0.03804038465023041,
                0.5582669377326965,
                -0.8287888169288635,
                0.0,
                -0.8095197677612305,
                0.5034734606742859,
                0.301980584859848,
                0.0,
                0.585858941078186,
                0.6594334840774536,
                0.4710804522037506,
                0.0,
                0.3670909404754639,
                0.7715859413146973,
                -0.7317866683006287,
                1.0
            ],
            "name": "RFeelerD"
        },
        {
            "children": [
                9
            ],
            "matrix": [
                0.03804038465023041,
                0.5582669377326965,
                -0.8287888169288635,
                0.0,
                -0.8095197677612305,
                0.5034734606742859,
                0.301980584859848,
                0.0,
                0.585858941078186,
                0.6594334840774536,
                0.4710804522037506,
                0.0,
                0.231394499540329,
                0.6997395157814026,
                -0.9247326850891112,
                1.0
            ],
            "name": "RFeelerA"
        },
        {
            "children": [
                10
            ],
            "matrix": [
                -0.2897008657455445,
                -0.0968545600771904,
                0.9522040486335754,
                0.0,
                -0.021463152021169664,
                -0.9939591288566588,
                -0.10763172060251236,
                0.0,
                0.956876575946808,
                -0.0516183041036129,
                0.2858720123767853,
                0.0,
                -0.007609992288053036,
                -0.008038363419473172,
                0.34374579787254336,
                1.0
            ],
            "name": "RFeelerB"
        },
        {
            "matrix": [
                1.0,
                0.0,
                0.0,
                0.0,
                0.0,
                1.0,
                0.0,
                0.0,
                0.0,
                0.0,
                1.0,
                0.0,
                1.4366164207458497,
                -0.000001041399968926271,
                -0.0000032765997275419069,
                1.0
            ],
            "name": "RFeelerC"
        },
        {
            "children": [
                12
            ],
            "matrix": [
                -0.8824136257171631,
                -8.711358717716776e-11,
                -0.4704743921756745,
                0.0,
                8.711358717716776e-11,
                -1.0,
                2.1772427610811108e-11,
                0.0,
                -0.4704743921756745,
                -2.1772427610811108e-11,
                0.8824136257171631,
                0.0,
                -1.4586609601974488,
                2.5400000325248585e-8,
                -0.1361922472715378,
                1.0
            ],
            "name": "Tail1"
        },
        {
            "matrix": [
                0.983889102935791,
                0.0,
                -0.17877988517284394,
                0.0,
                0.0,
                1.0,
                0.0,
                0.0,
                0.17877988517284394,
                0.0,
                0.983889102935791,
                0.0,
                0.4639614522457123,
                2.5400000325248585e-8,
                7.620000275210259e-8,
                1.0
            ],
            "name": "Tail2"
        },
        {
            "children": [
                14
            ],
            "matrix": [
                -0.7319934368133545,
                0.14302919805049897,
                0.6661293506622315,
                0.0,
                0.3932738304138184,
                -0.7096822261810303,
                0.5845398306846619,
                0.0,
                0.5563464164733887,
                0.6898505687713623,
                0.463233083486557,
                0.0,
                -0.5001691579818726,
                0.7651013135910034,
                0.4401438534259796,
                1.0
            ],
            "name": "RThigh"
        },
        {
            "children": [
                15
            ],
            "matrix": [
                0.8425577282905579,
                0.0,
                -0.5386060476303101,
                0.0,
                0.0,
                1.0,
                0.0,
                0.0,
                0.5386060476303101,
                0.0,
                0.8425577282905579,
                0.0,
                0.4695088267326355,
                -1.2699999274445873e-7,
                1.7780000405309696e-7,
                1.0
            ],
            "name": "RLeg"
        },
        {
            "children": [
                19,
                18,
                17,
                16
            ],
            "matrix": [
                -0.3653155267238617,
                0.0,
                0.930883765220642,
                0.0,
                0.0,
                1.0,
                0.0,
                0.0,
                -0.930883765220642,
                0.0,
                -0.3653155267238617,
                0.0,
                0.4174870550632477,
                -0.000001041399968926271,
                0.000001244599957317405,
                1.0
            ],
            "name": "RFoot"
        },
        {
            "matrix": [
                -1.0,
                -8.979318677493353e-11,
                0.0,
                0.0,
                8.979318677493353e-11,
                -1.0,
                0.0,
                0.0,
                0.0,
                0.0,
                1.0,
                0.0,
                -0.3115360736846924,
                2.2860000115088042e-7,
                -0.1330934464931488,
                1.0
            ],
            "name": "RToeB"
        },
        {
            "matrix": [
                1.0,
                0.0,
                0.0,
                0.0,
                0.0,
                1.0,
                0.0,
                0.0,
                0.0,
                0.0,
                1.0,
                0.0,
                0.368858814239502,
                -0.0000010159999419556698,
                -0.11149532347917556,
                1.0
            ],
            "name": "RToeA"
        },
        {
            "matrix": [
                0.3565717041492462,
                0.9342679381370544,
                0.0,
                0.0,
                -0.9342679381370544,
                0.3565717041492462,
                0.0,
                0.0,
                0.0,
                0.0,
                1.0,
                0.0,
                0.16738496720790864,
                0.3231388330459595,
                -0.14599920809268952,
                1.0
            ],
            "name": "RToeD"
        },
        {
            "matrix": [
                0.35658153891563418,
                -0.9342641830444336,
                0.0,
                0.0,
                0.9342641830444336,
                0.35658153891563418,
                0.0,
                0.0,
                0.0,
                0.0,
                1.0,
                0.0,
                0.1673781126737595,
                -0.3231286108493805,
                -0.14599767327308656,
                1.0
            ],
            "name": "RToeC"
        },
        {
            "children": [
                21
            ],
            "matrix": [
                -0.7319934368133545,
                -0.14302919805049897,
                0.6661293506622315,
                0.0,
                -0.3932738304138184,
                -0.7096822261810303,
                -0.5845398306846619,
                0.0,
                0.5563464164733887,
                -0.6898505687713623,
                0.463233083486557,
                0.0,
                -0.5001665949821472,
                -0.7651013135910034,
                0.4401438534259796,
                1.0
            ],
            "name": "LThigh"
        },
        {
            "children": [
                22
            ],
            "matrix": [
                0.8425577282905579,
                0.0,
                -0.5386060476303101,
                0.0,
                0.0,
                1.0,
                0.0,
                0.0,
                0.5386060476303101,
                0.0,
                0.8425577282905579,
                0.0,
                0.4695088267326355,
                0.0,
                -2.794000124595186e-7,
                1.0
            ],
            "name": "LLeg"
        },
        {
            "children": [
                26,
                25,
                24,
                23
            ],
            "matrix": [
                -0.3653155267238617,
                0.0,
                0.930883765220642,
                0.0,
                0.0,
                1.0,
                0.0,
                0.0,
                -0.930883765220642,
                0.0,
                -0.3653155267238617,
                0.0,
                0.4174870550632477,
                -2.5400000325248585e-8,
                7.620000275210259e-8,
                1.0
            ],
            "name": "LFoot"
        },
        {
            "matrix": [
                0.3565717041492462,
                -0.9342679381370544,
                0.0,
                0.0,
                0.9342679381370544,
                0.3565717041492462,
                0.0,
                0.0,
                0.0,
                0.0,
                1.0,
                0.0,
                0.167385995388031,
                -0.3231388330459595,
                -0.14599920809268952,
                1.0
            ],
            "name": "LToeD"
        },
        {
            "matrix": [
                0.35658153891563418,
                0.9342641830444336,
                0.0,
                0.0,
                -0.9342641830444336,
                0.35658153891563418,
                0.0,
                0.0,
                0.0,
                0.0,
                1.0,
                0.0,
                0.16737888753414158,
                0.3231286108493805,
                -0.14599792659282685,
                1.0
            ],
            "name": "LToeC"
        },
        {
            "matrix": [
                -1.0,
                -8.979318677493353e-11,
                0.0,
                0.0,
                8.979318677493353e-11,
                -1.0,
                0.0,
                0.0,
                0.0,
                0.0,
                1.0,
                0.0,
                -0.3115360736846924,
                -7.620000275210259e-8,
                -0.1330934464931488,
                1.0
            ],
            "name": "LToeB"
        },
        {
            "matrix": [
                1.0,
                0.0,
                0.0,
                0.0,
                0.0,
                1.0,
                0.0,
                0.0,
                0.0,
                0.0,
                1.0,
                0.0,
                0.3688613176345825,
                2.5400000325248585e-8,
                -0.11149507015943529,
                1.0
            ],
            "name": "LToeA"
        },
        {
            "children": [
                28
            ],
            "matrix": [
                0.9976561665534972,
                0.0,
                -0.06842640042304993,
                0.0,
                0.0,
                1.0,
                0.0,
                0.0,
                0.06842640042304993,
                0.0,
                0.9976561665534972,
                0.0,
                0.7011720538139343,
                -1.0160000130099435e-7,
                0.11187175661325456,
                1.0
            ],
            "name": "Neck"
        },
        {
            "children": [
                31,
                30,
                29
            ],
            "matrix": [
                0.9999462366104126,
                0.0,
                0.010368640534579754,
                0.0,
                0.0,
                1.0,
                0.0,
                0.0,
                -0.010368640534579754,
                0.0,
                0.9999462366104126,
                0.0,
                0.2172367870807648,
                0.0,
                -1.7780000405309696e-7,
                1.0
            ],
            "name": "Head"
        },
        {
            "matrix": [
                0.3200342059135437,
                0.0,
                0.947405993938446,
                0.0,
                0.0,
                1.0,
                0.0,
                0.0,
                -0.947405993938446,
                0.0,
                0.3200342059135437,
                0.0,
                0.58116215467453,
                0.0,
                -2.5400000325248585e-8,
                1.0
            ],
            "name": "Jaw"
        },
        {
            "matrix": [
                0.3305790722370148,
                -0.4766420722007752,
                -0.8145734071731567,
                0.0,
                0.9431153535842896,
                0.19918116927146913,
                0.2661958634853363,
                0.0,
                0.035367533564567569,
                -0.8562355041503906,
                0.5153735876083374,
                0.0,
                0.9118726253509522,
                -0.455340713262558,
                -0.16105706989765168,
                1.0
            ],
            "name": "LEar"
        },
        {
            "matrix": [
                0.33057957887649538,
                0.4766433835029602,
                -0.8145724534988403,
                0.0,
                -0.9431152939796448,
                0.19917981326580048,
                -0.26619723439216616,
                0.0,
                0.035365235060453418,
                0.8562350869178772,
                0.5153744220733643,
                0.0,
                0.9118650555610656,
                0.455340713262558,
                -0.16105175018310548,
                1.0
            ],
            "name": "REar"
        },
        {
            "children": [
                33
            ],
            "matrix": [
                0.5614509582519531,
                4.881371751253027e-7,
                0.8275099992752075,
                0.0,
                0.0000021431571894936498,
                1.0,
                -0.0000020439811123651458,
                0.0,
                -0.8275099992752075,
                0.000002921079158113571,
                0.5614509582519531,
                0.0,
                0.8407856822013855,
                0.9829800128936768,
                0.29046422243118288,
                1.0
            ],
            "name": "RArm"
        },
        {
            "children": [
                34
            ],
            "matrix": [
                1.0,
                0.0,
                0.0,
                0.0,
                0.0,
                1.0,
                0.0,
                0.0,
                0.0,
                0.0,
                1.0,
                0.0,
                0.4804028868675232,
                0.0,
                3.8099997823337619e-7,
                1.0
            ],
            "name": "RForeArm"
        },
        {
            "children": [
                37,
                36,
                35
            ],
            "matrix": [
                0.9999848008155824,
                2.9524864775254406e-9,
                0.005517937242984772,
                0.0,
                1.0227595481637765e-7,
                1.0,
                -0.000019069968402618544,
                0.0,
                -0.005517937242984772,
                0.00001907024307001848,
                0.9999848008155824,
                0.0,
                0.5221071243286133,
                0.0,
                -0.000001142999963121838,
                1.0
            ],
            "name": "RHand"
        },
        {
            "matrix": [
                0.9988643527030944,
                -0.04764470085501671,
                -0.0000011617056543400397,
                0.0,
                0.02274182438850403,
                0.4768005311489105,
                -0.878717303276062,
                0.0,
                0.04186677560210228,
                0.8777193427085877,
                0.4773425757884979,
                0.0,
                0.2672994136810303,
                -0.016753636300563813,
                0.11067261546850205,
                1.0
            ],
            "name": "RFingerC"
        },
        {
            "matrix": [
                1.0,
                0.0,
                0.0,
                0.0,
                0.0,
                -0.04207098484039307,
                -0.9991146326065064,
                0.0,
                0.0,
                0.9991146326065064,
                -0.04207098484039307,
                0.0,
                0.2672994136810303,
                0.06636258214712143,
                0.016235247254371644,
                1.0
            ],
            "name": "RFingerB"
        },
        {
            "matrix": [
                0.9988643527030944,
                -0.04764440283179283,
                -0.0000025822284897003557,
                0.0,
                -0.029340188950300218,
                -0.6150740385055542,
                -0.787923276424408,
                0.0,
                0.037538547068834308,
                0.7870285511016846,
                -0.6157733798027039,
                0.0,
                0.2672994136810303,
                -0.028630880638957025,
                -0.0687786266207695,
                1.0
            ],
            "name": "RFingerA"
        },
        {
            "children": [
                39
            ],
            "matrix": [
                0.5614509582519531,
                4.881371751253027e-7,
                0.8275099992752075,
                0.0,
                0.0000021431571894936498,
                1.0,
                -0.0000020439811123651458,
                0.0,
                -0.8275099992752075,
                0.000002921079158113571,
                0.5614509582519531,
                0.0,
                0.8407881855964661,
                -0.9829800128936768,
                0.29046422243118288,
                1.0
            ],
            "name": "LArm"
        },
        {
            "children": [
                40
            ],
            "matrix": [
                1.0,
                0.0,
                0.0,
                0.0,
                0.0,
                1.0,
                0.0,
                0.0,
                0.0,
                0.0,
                1.0,
                0.0,
                0.4804028868675232,
                0.0,
                0.0,
                1.0
            ],
            "name": "LForeArm"
        },
        {
            "children": [
                43,
                42,
                41
            ],
            "matrix": [
                0.9999848008155824,
                2.9524864775254406e-9,
                0.005517937242984772,
                0.0,
                1.0227595481637765e-7,
                1.0,
                -0.000019069968402618544,
                0.0,
                -0.005517937242984772,
                0.00001907024307001848,
                0.9999848008155824,
                0.0,
                0.5221046209335327,
                0.0,
                0.0,
                1.0
            ],
            "name": "LHand"
        },
        {
            "matrix": [
                1.0,
                0.0,
                0.0,
                0.0,
                0.0,
                -0.04207098484039307,
                0.9991146326065064,
                0.0,
                0.0,
                -0.9991146326065064,
                -0.04207098484039307,
                0.0,
                0.2672994136810303,
                -0.06636283546686173,
                0.01623428240418434,
                1.0
            ],
            "name": "LFingerB"
        },
        {
            "matrix": [
                0.9988642930984496,
                0.04764540493488312,
                0.0000016363799204555108,
                0.0,
                -0.02274278923869133,
                0.4767620861530304,
                0.8787381052970886,
                0.0,
                0.041867051273584369,
                -0.877740204334259,
                0.47730422019958498,
                0.0,
                0.2672994136810303,
                0.01675381511449814,
                0.11067110300064088,
                1.0
            ],
            "name": "LFingerC"
        },
        {
            "matrix": [
                0.9988643527030944,
                0.04764418303966522,
                0.0000010654897550921306,
                0.0,
                0.0293391402810812,
                -0.6151151657104492,
                0.7878912091255188,
                0.0,
                0.03753908723592758,
                -0.7869964241981506,
                -0.6158145070075989,
                0.0,
                0.2672994136810303,
                0.02863189391791821,
                -0.06877785921096802,
                1.0
            ],
            "name": "LFingerA"
        },
        {
            "mesh": 1,
            "skin": 1,
            "name": "Blastoise_CannonsB"
        },
        {
            "mesh": 2,
            "skin": 2,
            "name": "Blastoise_CannonsA"
        },
        {
            "children": [
                47
            ],
            "matrix": [
                1.0,
                0.0,
                0.0,
                0.0,
                0.0,
                4.4896641959724089e-11,
                1.0,
                0.0,
                0.0,
                -1.0,
                4.4896641959724089e-11,
                0.0,
                0.0,
                0.0,
                0.0,
                1.0
            ],
            "name": "pm0009_00"
        },
        {
            "children": [
                2
            ],
            "name": "Origin"
        }
    ],
    "meshes": [
        {
            "primitives": [
                {
                    "attributes": {
                        "JOINTS_0": 1,
                        "NORMAL": 2,
                        "POSITION": 3,
                        "TEXCOORD_0": 4,
                        "WEIGHTS_0": 5
                    },
                    "indices": 0,
                    "mode": 4,
                    "material": 0
                },
                {
                    "attributes": {
                        "JOINTS_0": 7,
                        "NORMAL": 8,
                        "POSITION": 9,
                        "TEXCOORD_0": 10,
                        "WEIGHTS_0": 11
                    },
                    "indices": 6,
                    "mode": 4,
                    "material": 1
                },
                {
                    "attributes": {
                        "JOINTS_0": 13,
                        "NORMAL": 14,
                        "POSITION": 15,
                        "TEXCOORD_0": 16,
                        "WEIGHTS_0": 17
                    },
                    "indices": 12,
                    "mode": 4,
                    "material": 2
                },
                {
                    "attributes": {
                        "JOINTS_0": 19,
                        "NORMAL": 20,
                        "POSITION": 21,
                        "TEXCOORD_0": 22,
                        "WEIGHTS_0": 23
                    },
                    "indices": 18,
                    "mode": 4,
                    "material": 3
                }
            ],
            "name": "Blastoise"
        },
        {
            "primitives": [
                {
                    "attributes": {
                        "JOINTS_0": 25,
                        "NORMAL": 26,
                        "POSITION": 27,
                        "TEXCOORD_0": 28,
                        "WEIGHTS_0": 29
                    },
                    "indices": 24,
                    "mode": 4,
                    "material": 4
                }
            ],
            "name": "Blastoise_CannonsB"
        },
        {
            "primitives": [
                {
                    "attributes": {
                        "JOINTS_0": 31,
                        "NORMAL": 32,
                        "POSITION": 33,
                        "TEXCOORD_0": 34,
                        "WEIGHTS_0": 35
                    },
                    "indices": 30,
                    "mode": 4,
                    "material": 5
                }
            ],
            "name": "Blastoise_CannonsA"
        }
    ],
    "skins": [
        {
            "inverseBindMatrices": 36,
            "skeleton": 2,
            "joints": [
                2,
                38,
                39,
                40,
                43,
                41,
                42,
                4,
                20,
                21,
                22,
                26,
                25,
                24,
                23,
                27,
                28,
                29,
                30,
                31,
                32,
                33,
                34,
                37,
                36,
                35,
                8,
                13,
                14,
                15,
                17,
                16,
                19,
                18,
                11,
                12
            ],
            "name": "Blastoise-mesh-skin"
        },
        {
            "inverseBindMatrices": 37,
            "skeleton": 3,
            "joints": [
                3,
                7
            ],
            "name": "Blastoise_CannonsB-mesh-skin"
        },
        {
            "inverseBindMatrices": 38,
            "skeleton": 4,
            "joints": [
                4,
                5,
                6,
                8,
                9,
                10
            ],
            "name": "Blastoise_CannonsA-mesh-skin"
        }
    ],
    "accessors": [
        {
            "bufferView": 0,
            "byteOffset": 0,
            "componentType": 5123,
            "count": 612,
            "max": [
                125
            ],
            "min": [
                0
            ],
            "type": "SCALAR"
        },
        {
            "bufferView": 1,
            "byteOffset": 0,
            "componentType": 5123,
            "count": 126,
            "max": [
                16,
                0,
                0,
                0
            ],
            "min": [
                16,
                0,
                0,
                0
            ],
            "type": "VEC4"
        },
        {
            "bufferView": 2,
            "byteOffset": 0,
            "componentType": 5126,
            "count": 126,
            "max": [
                0.889378011226654,
                -0.11240999400615692,
                0.9843699932098388
            ],
            "min": [
                -0.889378011226654,
                -0.9784730076789856,
                -0.28759801387786868
            ],
            "type": "VEC3"
        },
        {
            "bufferView": 2,
            "byteOffset": 1512,
            "componentType": 5126,
            "count": 126,
            "max": [
                0.4481397867202759,
                -1.1418620347976685,
                3.4959545135498049
            ],
            "min": [
                -0.4481397867202759,
                -1.7034865617752076,
                3.133394956588745
            ],
            "type": "VEC3"
        },
        {
            "bufferView": 1,
            "byteOffset": 1008,
            "componentType": 5126,
            "count": 126,
            "max": [
                0.4921899735927582,
                -1.7716100215911866
            ],
            "min": [
                0.007813000120222569,
                -1.9783899784088138
            ],
            "type": "VEC2"
        },
        {
            "bufferView": 3,
            "byteOffset": 0,
            "componentType": 5126,
            "count": 126,
            "max": [
                1.0,
                0.0,
                0.0,
                0.0
            ],
            "min": [
                1.0,
                0.0,
                0.0,
                0.0
            ],
            "type": "VEC4"
        },
        {
            "bufferView": 0,
            "byteOffset": 1224,
            "componentType": 5123,
            "count": 5490,
            "max": [
                1240
            ],
            "min": [
                0
            ],
            "type": "SCALAR"
        },
        {
            "bufferView": 1,
            "byteOffset": 2016,
            "componentType": 5123,
            "count": 1241,
            "max": [
                33,
                33,
                0,
                0
            ],
            "min": [
                0,
                0,
                0,
                0
            ],
            "type": "VEC4"
        },
        {
            "bufferView": 2,
            "byteOffset": 3024,
            "componentType": 5126,
            "count": 1241,
            "max": [
                0.9974139928817748,
                0.998955011367798,
                0.9995669722557068
            ],
            "min": [
                -0.9974139928817748,
                -0.9952889680862428,
                -1.0
            ],
            "type": "VEC3"
        },
        {
            "bufferView": 2,
            "byteOffset": 17916,
            "componentType": 5126,
            "count": 1241,
            "max": [
                1.4541473388671876,
                1.2631723880767825,
                3.303422451019287
            ],
            "min": [
                -1.4541473388671876,
                -2.2230231761932379,
                0.0
            ],
            "type": "VEC3"
        },
        {
            "bufferView": 1,
            "byteOffset": 11944,
            "componentType": 5126,
            "count": 1241,
            "max": [
                1.0,
                -0.007809996604919434
            ],
            "min": [
                0.0,
                -0.9921900033950806
            ],
            "type": "VEC2"
        },
        {
            "bufferView": 3,
            "byteOffset": 2016,
            "componentType": 5126,
            "count": 1241,
            "max": [
                1.0,
                0.9700000286102296,
                0.0,
                0.0
            ],
            "min": [
                0.030000001192092897,
                0.0,
                0.0,
                0.0
            ],
            "type": "VEC4"
        },
        {
            "bufferView": 0,
            "byteOffset": 12204,
            "componentType": 5123,
            "count": 10032,
            "max": [
                2196
            ],
            "min": [
                0
            ],
            "type": "SCALAR"
        },
        {
            "bufferView": 1,
            "byteOffset": 21872,
            "componentType": 5123,
            "count": 2197,
            "max": [
                35,
                35,
                35,
                33
            ],
            "min": [
                0,
                0,
                0,
                0
            ],
            "type": "VEC4"
        },
        {
            "bufferView": 2,
            "byteOffset": 32808,
            "componentType": 5126,
            "count": 2197,
            "max": [
                0.9992039799690248,
                0.999002993106842,
                0.9997860193252564
            ],
            "min": [
                -0.9992039799690248,
                -0.9999079704284668,
                -1.0
            ],
            "type": "VEC3"
        },
        {
            "bufferView": 2,
            "byteOffset": 59172,
            "componentType": 5126,
            "count": 2197,
            "max": [
                1.4010257720947266,
                1.8327242136001588,
                3.5015931129455568
            ],
            "min": [
                -1.4010257720947266,
                -2.072710990905762,
                0.0
            ],
            "type": "VEC3"
        },
        {
            "bufferView": 1,
            "byteOffset": 39448,
            "componentType": 5126,
            "count": 2197,
            "max": [
                1.0,
                0.9925940036773682
            ],
            "min": [
                0.0,
                0.007804989814758301
            ],
            "type": "VEC2"
        },
        {
            "bufferView": 3,
            "byteOffset": 21872,
            "componentType": 5126,
            "count": 2197,
            "max": [
                1.0,
                0.949999988079071,
                0.8600000143051148,
                0.2199999988079071
            ],
            "min": [
                0.010000000707805157,
                0.0,
                0.0,
                0.0
            ],
            "type": "VEC4"
        },
        {
            "bufferView": 0,
            "byteOffset": 32268,
            "componentType": 5123,
            "count": 612,
            "max": [
                125
            ],
            "min": [
                0
            ],
            "type": "SCALAR"
        },
        {
            "bufferView": 1,
            "byteOffset": 57024,
            "componentType": 5123,
            "count": 126,
            "max": [
                16,
                0,
                0,
                0
            ],
            "min": [
                16,
                0,
                0,
                0
            ],
            "type": "VEC4"
        },
        {
            "bufferView": 2,
            "byteOffset": 85536,
            "componentType": 5126,
            "count": 126,
            "max": [
                0.8887839913368225,
                -0.019161999225616456,
                0.9925820231437684
            ],
            "min": [
                -0.8887839913368225,
                -0.9363430142402648,
                -0.3076409995555878
            ],
            "type": "VEC3"
        },
        {
            "bufferView": 2,
            "byteOffset": 87048,
            "componentType": 5126,
            "count": 126,
            "max": [
                0.45242732763290408,
                -1.1442521810531617,
                3.5006024837493898
            ],
            "min": [
                -0.45242732763290408,
                -1.7037431001663209,
                3.1367475986480719
            ],
            "type": "VEC3"
        },
        {
            "bufferView": 1,
            "byteOffset": 58032,
            "componentType": 5126,
            "count": 126,
            "max": [
                0.9687599539756776,
                -1.086439847946167
            ],
            "min": [
                0.03123999945819378,
