{
    "asset": {
        "generator": "COLLADA2GLTF",
        "version": "2.0"
    },
    "scenes": [
        {
            "nodes": [
                0
            ]
        }
    ],
    "scene": 0,
    "nodes": [
        {
            "children": [
                45,
                44,
                43,
                42,
                41,
                1
            ],
            "matrix": [
                1.0,
                0.0,
                0.0,
                0.0,
                0.0,
                0.0,
                -1.0,
                0.0,
                0.0,
                1.0,
                0.0,
                0.0,
                0.0,
                0.0,
                0.0,
                1.0
            ],
            "name": "Z_UP"
        },
        {
            "mesh": 0,
            "skin": 0,
            "name": "Mesh_5__Body03_"
        },
        {
            "children": [
                5,
                4,
                3
            ],
            "matrix": [
                1.0,
                0.0,
                0.0,
                0.0,
                0.0,
                7.549790126404332e-8,
                -1.0,
                0.0,
                0.0,
                1.0,
                7.549790126404332e-8,
                0.0,
                0.0,
                0.0,
                0.0,
                1.0
            ],
            "name": "pm0041_00_zubat"
        },
        {
            "matrix": [
                1.0,
                0.0,
                0.0,
                0.0,
                0.0,
                1.0,
                0.0,
                0.0,
                0.0,
                0.0,
                1.0,
                0.0,
                0.0,
                0.0,
                2.29346994728985e-7,
                1.0
            ],
            "name": "pm0041_00_BodySkin"
        },
        {
            "matrix": [
                1.0,
                0.0,
                0.0,
                0.0,
                0.0,
                1.0,
                0.0,
                0.0,
                0.0,
                0.0,
                1.0,
                0.0,
                0.0,
                0.0,
                2.29346994728985e-7,
                1.0
            ],
            "name": "pm0041_01_FangSkin"
        },
        {
            "children": [
                6
            ],
            "matrix": [
                1.0,
                -5.1159499135948128e-14,
                -6.776280088161002e-7,
                0.0,
                5.1159499135948128e-14,
                1.0,
                4.618529950844996e-13,
                0.0,
                6.776280088161002e-7,
                -4.618529950844996e-13,
                1.0,
                0.0,
                0.0,
                0.0,
                2.29346994728985e-7,
                1.0
            ],
            "name": "Origin"
        },
        {
            "children": [
                23,
                18,
                15,
                10,
                7
            ],
            "matrix": [
                -0.000004454459940461675,
                1.0,
                6.678019985884021e-7,
                0.0,
                -1.0,
                -0.000004454449936019955,
                -6.776280088161002e-7,
                0.0,
                -6.776249961149006e-7,
                -6.678050112896017e-7,
                0.9999999403953552,
                0.0,
                0.0,
                54.92669677734375,
                -1.5631900884393455e-13,
                1.0
            ],
            "name": "Waist"
        },
        {
            "children": [
                8
            ],
            "matrix": [
                -0.019102519378066064,
                0.01837245002388954,
                -0.999648690223694,
                0.0,
                -0.999632716178894,
                -0.019566049799323087,
                0.01874261908233166,
                0.0,
                -0.019214829429984097,
                0.999639630317688,
                0.01873946003615856,
                0.0,
                -4.879147052764893,
                4.466578006744385,
                -5.084807872772217,
                1.0
            ],
            "name": "RTail1"
        },
        {
            "children": [
                9
            ],
            "matrix": [
                0.9996488094329834,
                -0.018742689862847329,
                -0.01873941905796528,
                0.0,
                0.019101690500974656,
                0.9996328949928284,
                0.01921553909778595,
                0.0,
                0.018372459337115289,
                -0.01956583932042122,
                0.9996396899223328,
                0.0,
                0.0,
                13.190899848937989,
                2.38419005427204e-7,
                1.0
            ],
            "name": "RTail2"
        },
        {
            "matrix": [
                1.3649800223447529e-7,
                1.0,
                8.35891995620841e-8,
                0.0,
                1.4254099767185838e-7,
                -3.1492600527371908e-8,
                -0.9999999403953552,
                0.0,
                -1.0,
                2.9221000730217385e-8,
                -7.846379901366164e-8,
                0.0,
                0.0,
                35.34872055053711,
                4.768369876728684e-7,
                1.0
            ],
            "name": "EndRTail2"
        },
        {
            "children": [
                11
            ],
            "matrix": [
                -0.000005911700100114103,
                -4.579590040520998e-7,
                -1.0,
                0.0,
                0.5252342224121094,
                0.8509576320648193,
                -0.00000351664994013845,
                0.0,
                0.8509576320648193,
                -0.5252342820167542,
                -0.000004780370090884389,
                0.0,
                3.8267860412597658,
                9.409772872924805,
                -2.5111610889434816,
                1.0
            ],
            "name": "RArm"
        },
        {
            "children": [
                12
            ],
            "matrix": [
                1.0,
                -4.5179601215750166e-7,
                0.000010218700481345876,
                0.0,
                -0.0000022495798930322059,
                0.9652544856071472,
                0.2613111138343811,
                0.0,
                -0.000009974810382118449,
                -0.26131150126457217,
                0.9652543067932128,
                0.0,
                0.0,
                12.28969955444336,
                0.000003814699994109105,
                1.0
            ],
            "name": "RForeArm"
        },
        {
            "children": [
                13
            ],
            "matrix": [
                1.0,
                -0.0000030564699500246208,
                -0.00000901908970263321,
                0.0,
                0.0000052281197895354129,
                0.9676035046577454,
                0.2524752020835877,
                0.0,
                0.0000079569899753551,
                -0.2524751126766205,
                0.967603325843811,
                0.0,
                -2.38419005427204e-7,
                13.716269493103028,
                0.000003814699994109105,
                1.0
            ],
            "name": "RHand"
        },
        {
            "children": [
                14
            ],
            "matrix": [
                1.0,
                0.000005892600256629521,
                -0.0000029267700938362397,
                0.0,
                -5.495739969774149e-7,
                -0.3676117956638336,
                -0.9299793243408204,
                0.0,
                -0.000006554700121341739,
                0.9299793243408204,
                -0.3676117956638336,
                0.0,
                0.0,
                14.466119766235352,
                0.0,
                1.0
            ],
            "name": "RFinger"
        },
        {
            "matrix": [
                -0.0000018242800479129072,
                1.0,
                0.000002771620074781822,
                0.0,
                -1.0,
                -0.0000018318499996894389,
                -0.0000037156298731133576,
                0.0,
                -0.000003713189926202176,
                -0.000002622600050017354,
                0.9999999403953552,
                0.0,
                4.768369876728684e-7,
                57.53829956054688,
                0.0,
                1.0
            ],
            "name": "EndRFinger"
        },
        {
            "children": [
                16
            ],
            "matrix": [
                -0.018368739634752278,
                0.01910999044775963,
                -0.999648928642273,
                0.0,
                -0.9996331334114076,
                0.019564829766750337,
                0.01874247007071972,
                0.0,
                0.019916119053959848,
                0.9996262192726136,
                0.018743589520454408,
                0.0,
                -4.879147052764893,
                -4.466488838195801,
                -5.084807872772217,
                1.0
            ],
            "name": "LTail1"
        },
        {
            "children": [
                17
            ],
            "matrix": [
                0.9996486306190492,
                -0.01874125935137272,
                -0.018743589520454408,
                0.0,
                0.018367949873209,
                0.9996328353881836,
                -0.019916560500860219,
                0.0,
                0.01911010965704918,
                0.019564619287848474,
                0.9996259212493897,
                0.0,
                -4.768369876728684e-7,
                13.19098949432373,
                2.38419005427204e-7,
                1.0
            ],
            "name": "LTail2"
        },
        {
            "matrix": [
                6.599339741342193e-8,
                1.0,
                1.539540050998767e-7,
                0.0,
                -3.7744399605799127e-8,
                8.667029760545122e-9,
                -1.0,
                0.0,
                -1.0,
                4.9142300895255178e-8,
                2.6568500288703946e-8,
                0.0,
                0.0,
                35.34864044189453,
                0.0,
                1.0
            ],
            "name": "EndLTail2"
        },
        {
            "children": [
                19
            ],
            "matrix": [
                0.7606773376464844,
                0.4694989025592804,
                0.44826430082321169,
                0.0,
                0.5252249836921692,
                -0.8509632349014282,
                -0.0000010928099527518498,
                0.0,
                0.3814559876918793,
                0.23544050753116609,
                -0.8939011096954346,
                0.0,
                3.826843023300171,
                -9.409753799438477,
                -2.5112199783325197,
                1.0
            ],
            "name": "LArm"
        },
        {
            "children": [
                20
            ],
            "matrix": [
                0.8324167132377625,
                -0.2607961893081665,
                0.4889447987079621,
                0.0,
                0.23360340297222136,
                0.9652497172355652,
                0.11714620143175124,
                0.0,
                -0.5025048851966858,
                0.016704749315977098,
                0.864412784576416,
                0.0,
                0.000011444099982327316,
                12.289679527282717,
                0.000005722049991163658,
                1.0
            ],
            "name": "LForeArm"
        },
        {
            "children": [
                21
            ],
            "matrix": [
                0.8453810214996338,
                -0.2119435966014862,
                0.4903171956539154,
                0.0,
                0.2519507110118866,
                0.967605233192444,
                -0.01614603027701378,
                0.0,
                -0.4710115194320679,
                0.13718539476394654,
                0.8713945150375366,
                0.0,
                -0.000007629389983776491,
                13.716309547424317,
                2.38419005427204e-7,
                1.0
            ],
            "name": "LHand"
        },
        {
            "children": [
                22
            ],
            "matrix": [
                0.4001530110836029,
                -0.9152135848999025,
                -0.0475621409714222,
                0.0,
                -0.7807244062423706,
                -0.367610901594162,
                0.5053039193153381,
                0.0,
                -0.4799450933933258,
                -0.16506600379943849,
                -0.8616299629211426,
                0.0,
                -0.000003814699994109105,
                14.46597957611084,
                -4.768369876728684e-7,
                1.0
            ],
            "name": "LFinger"
        },
        {
            "matrix": [
                6.556509788424592e-7,
                1.0,
                0.0000019296999198559208,
                0.0,
                0.17750650644302369,
                0.0000017480899714428234,
                -0.984119713306427,
                0.0,
                -0.984119713306427,
                7.45058002848964e-7,
                -0.17750650644302369,
                0.0,
                0.0,
                57.53818893432617,
                0.0,
                1.0
            ],
            "name": "EndLFinger"
        },
        {
            "children": [
                40,
                38,
                32,
                30,
                24
            ],
            "matrix": [
                1.0,
                0.0,
                -0.000003767250063901884,
                0.0,
                0.0,
                1.0,
                1.419210061970322e-11,
                0.0,
                0.000003767250063901884,
                -1.419210061970322e-11,
                1.0,
                0.0,
                9.213794708251954,
                -0.000006914140158187365,
                -0.000006848650173196802,
                1.0
            ],
            "name": "Head"
        },
        {
            "children": [
                29,
                27,
                25
            ],
            "matrix": [
                -0.0000030557300760847285,
                3.139359989745572e-7,
                1.0,
                0.0,
                3.139359989745572e-7,
                -0.9999999403953552,
                3.139369937343872e-7,
                0.0,
                0.9999999403953552,
                3.139369937343872e-7,
                0.0000030557300760847285,
                0.0,
                8.181106567382813,
                0.00007414819992845878,
                -0.008385260589420796,
                1.0
            ],
            "name": "UpperJaw"
        },
        {
            "children": [
                26
            ],
            "matrix": [
                -0.8657963871955872,
                -0.2340736985206604,
                -0.44227349758148196,
                0.0,
                0.4200099110603333,
                0.14050650596618653,
                -0.8965765237808228,
                0.0,
                0.2720073163509369,
                -0.9620121121406556,
                -0.0233367495238781,
                0.0,
                8.228302955627442,
                -2.612968921661377,
                2.1651148796081545,
                1.0
            ],
            "name": "RFeelerB"
        },
        {
            "matrix": [
                0.0000016689299400240998,
                0.9999998211860656,
                8.959319757195772e-7,
                0.0,
                -0.6117548942565918,
                0.00000402330988436006,
                -0.7910463809967041,
                0.0,
                -0.7910467982292175,
                2.682209867543861e-7,
                0.6117560863494873,
                0.0,
                0.0,
                3.240700006484986,
                2.38419005427204e-7,
                1.0
            ],
            "name": "EndRFeelerB"
        },
        {
            "children": [
                28
            ],
            "matrix": [
                -0.7426632046699524,
                -0.6210117340087891,
                -0.250591903924942,
                0.0,
                0.4200097918510437,
                -0.14049729704856873,
                -0.8965784907341003,
                0.0,
                0.5215778350830078,
                -0.7711067199707031,
                0.3651731014251709,
                0.0,
                8.22835922241211,
                2.6129820346832277,
                2.1652069091796877,
                1.0
            ],
            "name": "LFeelerB"
        },
        {
            "matrix": [
                0.000005096199856780004,
                1.0,
                4.172329965967947e-7,
                0.0,
                -0.25553449988365176,
                0.0000018477400089977892,
                -0.9667999148368836,
                0.0,
                -0.9667999744415284,
                0.000004529949819698231,
                0.25553420186042788,
                0.0,
                -0.0000019073499970545528,
                3.240787982940674,
                0.0000019073499970545528,
                1.0
            ],
            "name": "EndLFeelerB"
        },
        {
            "matrix": [
                1.0,
                -1.8969299465628268e-14,
                -5.563649807527327e-8,
                0.0,
                -9.437529289958376e-15,
                1.0,
                0.0,
                0.0,
                5.56432979692545e-8,
                0.0,
                1.0,
                0.0,
                10.410510063171389,
                -1.4551900483217306e-11,
                2.767493963241577,
                1.0
            ],
            "name": "EndUpperJaw"
        },
        {
            "children": [
                31
            ],
            "matrix": [
                -0.19530780613422397,
                -0.009441357105970385,
                -0.9806966185569764,
                0.0,
                0.662054181098938,
                0.7364645004272461,
                -0.1389396041631699,
                0.0,
                0.7235599756240845,
                -0.6764103174209595,
                -0.13758660852909089,
                0.0,
                9.27690887451172,
                6.120806217193604,
                -1.128633975982666,
                1.0
            ],
            "name": "REar"
        },
        {
            "matrix": [
                -0.0000010281800086886506,
                1.0000009536743165,
                0.000006675719760096399,
                0.0,
                0.13893510401248933,
                0.00000578165008846554,
                -0.9903014302253724,
                0.0,
                -0.9903016090393066,
                4.097820038850841e-8,
                -0.13893510401248933,
                0.0,
                -0.0000028610199933609698,
                16.11861038208008,
                0.00001907350088004023,
                1.0
            ],
            "name": "EndREar"
        },
        {
            "children": [
                37,
                35,
                33
            ],
            "matrix": [
                -0.0000030557300760847285,
                7.84839997436393e-8,
                1.0,
                0.0,
                7.848390026765628e-8,
                -0.9999999403953552,
                7.848429817158832e-8,
                0.0,
                0.9999999403953552,
                7.848439764757133e-8,
                0.0000030557300760847285,
                0.0,
                1.8517990112304688,
                0.0000498295012221206,
                2.6477949619293219,
                1.0
            ],
            "name": "LowerJaw"
        },
        {
            "children": [
                34
            ],
            "matrix": [
                -0.9870043992996216,
                0.04338806122541428,
                -0.1547245979309082,
                0.0,
                -0.15216560661792756,
                0.05713481083512306,
                0.9867023229599,
                0.0,
                0.0516512505710125,
                0.9974232316017152,
                -0.04979014024138451,
                0.0,
                6.116578102111816,
                -5.173777103424072,
                -0.7058792114257813,
                1.0
            ],
            "name": "RFeelerA"
        },
        {
            "matrix": [
                0.000004157419880357338,
                1.0,
                3.576280107608909e-7,
                0.0,
                -0.7578569054603577,
                0.00000268220992438728,
                0.6524208188056946,
                0.0,
                0.6524205803871155,
                -0.0000024437899810436649,
                0.7578572034835815,
                0.0,
                0.0000019073499970545528,
                3.037785053253174,
                -0.0000014305099966804849,
                1.0
            ],
            "name": "EndRFeelerA"
        },
        {
            "children": [
                36
            ],
            "matrix": [
                -0.8939298391342163,
                0.4337969124317169,
                -0.11273620277643204,
                0.0,
                -0.1521669924259186,
                -0.0571458600461483,
                0.9867014288902284,
                0.0,
                0.4215856194496155,
                0.8991966247558594,
                0.11709389835596085,
                0.0,
                6.116622924804688,
                5.173763751983643,
                -0.7059174180030823,
                1.0
            ],
            "name": "LFeelerA"
        },
        {
            "matrix": [
                9.685749802201826e-8,
                1.0,
                0.00000908225956663955,
                0.0,
                0.9763712286949158,
                -0.0000015273700455509245,
                0.21609880030155186,
                0.0,
                0.2160986959934235,
                0.000008195639566110913,
                -0.9763715863227844,
                0.0,
                -9.536739753457368e-7,
                3.037864923477173,
                0.0,
                1.0
            ],
            "name": "EndLFeelerA"
        },
        {
            "matrix": [
                1.0,
                1.2166499361795924e-12,
                -8.742299684172394e-8,
                0.0,
                -9.870079369967994e-15,
                1.0,
                4.547470256258124e-13,
                0.0,
                5.389589929905014e-8,
                0.0,
                1.0,
                0.0,
                10.069809913635254,
                0.0,
                0.0,
                1.0
            ],
            "name": "EndLowerJaw"
        },
        {
            "children": [
                39
            ],
            "matrix": [
                0.011342080309987069,
                0.19521459937095646,
                -0.9806948900222778,
                0.0,
                0.6620638370513916,
                -0.7364556789398193,
                -0.13893990218639377,
                0.0,
                -0.749361515045166,
                -0.6477066874504089,
                -0.1375975012779236,
                0.0,
                9.276893615722657,
                -6.120615005493164,
                -1.1286439895629886,
                1.0
            ],
            "name": "LEar"
        },
        {
            "matrix": [
                -0.0000011725400099749097,
                0.9999995827674866,
                -0.0000015497199683522925,
                0.0,
                0.1389421969652176,
                -0.0000011324899560349878,
                -0.9903010129928588,
                0.0,
                -0.9903004169464112,
                -0.0000013597300494438969,
                -0.13894230127334596,
                0.0,
                1.7881400538044549e-7,
                16.118579864501954,
                0.000007629389983776491,
                1.0
            ],
            "name": "EndLEar"
        },
        {
            "matrix": [
                1.0,
                0.0,
                2.273740007038838e-13,
                0.0,
                0.0,
                1.0,
                0.0,
                0.0,
                -4.547470256258124e-13,
                0.0,
                1.0,
                0.0,
                13.293699264526368,
                0.00004076959885424003,
                0.00004019940024591051,
                1.0
            ],
            "name": "EndHead"
        },
        {
            "mesh": 1,
            "skin": 1,
            "name": "Mesh_4__Body02_"
        },
        {
            "mesh": 2,
            "skin": 2,
            "name": "Mesh_3__Body01_"
        },
        {
            "mesh": 3,
            "skin": 3,
            "name": "Mesh_2__Body00_"
        },
        {
            "mesh": 4,
            "skin": 4,
            "name": "Mesh_1__Body04_"
        },
        {
            "children": [
                2
            ],
            "matrix": [
                1.0,
                2.2204500197172535e-16,
                -2.2204500197172535e-16,
                0.0,
                0.0,
                -1.0,
                -3.258410004036705e-7,
                0.0,
                -2.2204500197172535e-16,
                3.258410004036705e-7,
                -1.0,
                0.0,
                0.0,
                0.0,
                0.0,
                1.0
            ],
            "name": "Armature"
        }
    ],
    "meshes": [
        {
            "primitives": [
                {
                    "attributes": {
                        "JOINTS_0": 1,
                        "NORMAL": 2,
                        "POSITION": 3,
                        "TEXCOORD_0": 4,
                        "WEIGHTS_0": 5
                    },
                    "indices": 0,
                    "mode": 4,
                    "material": 0
                }
            ],
            "name": "Mesh_5__Body03_"
        },
        {
            "primitives": [
                {
                    "attributes": {
                        "JOINTS_0": 7,
                        "NORMAL": 8,
                        "POSITION": 9,
                        "TEXCOORD_0": 10,
                        "WEIGHTS_0": 11
                    },
                    "indices": 6,
                    "mode": 4,
                    "material": 1
                }
            ],
            "name": "Mesh_4__Body02_"
        },
        {
            "primitives": [
                {
                    "attributes": {
                        "JOINTS_0": 13,
                        "NORMAL": 14,
                        "POSITION": 15,
                        "TEXCOORD_0": 16,
                        "WEIGHTS_0": 17
                    },
                    "indices": 12,
                    "mode": 4,
                    "material": 2
                }
            ],
            "name": "Mesh_3__Body01_"
        },
        {
            "primitives": [
                {
                    "attributes": {
                        "JOINTS_0": 19,
                        "NORMAL": 20,
                        "POSITION": 21,
                        "TEXCOORD_0": 22,
                        "WEIGHTS_0": 23
                    },
                    "indices": 18,
                    "mode": 4,
                    "material": 3
                }
            ],
            "name": "Mesh_2__Body00_"
        },
        {
            "primitives": [
                {
                    "attributes": {
                        "JOINTS_0": 25,
                        "NORMAL": 26,
                        "POSITION": 27,
                        "TEXCOORD_0": 28,
                        "WEIGHTS_0": 29
                    },
                    "indices": 24,
                    "mode": 4,
                    "material": 4
                }
            ],
            "name": "Mesh_1__Body04_"
        }
    ],
    "skins": [
        {
            "inverseBindMatrices": 30,
            "skeleton": 2,
            "joints": [
                2,
                5,
                6,
                23,
                40,
                38,
                39,
                32,
                37,
                35,
                36,
                33,
                34,
                30,
                31,
                24,
                29,
                27,
                28,
                25,
                26,
                18,
                19,
                20,
                21,
                22,
                15,
                16,
                17,
                10,
                11,
                12,
                13,
                14,
                7,
                8,
                9,
                4,
                3
            ],
            "name": "Armature"
        },
        {
            "inverseBindMatrices": 31,
            "skeleton": 2,
            "joints": [
                2,
                5,
                6,
                23,
                40,
                38,
                39,
                32,
                37,
                35,
                36,
                33,
                34,
                30,
                31,
                24,
                29,
                27,
                28,
                25,
                26,
                18,
                19,
                20,
                21,
                22,
                15,
                16,
                17,
                10,
                11,
                12,
                13,
                14,
                7,
                8,
                9,
                4,
                3
            ],
            "name": "Armature"
        },
        {
            "inverseBindMatrices": 32,
            "skeleton": 2,
            "joints": [
                2,
                5,
                6,
                23,
                40,
                38,
                39,
                32,
                37,
                35,
                36,
                33,
                34,
                30,
                31,
                24,
                29,
                27,
                28,
                25,
                26,
                18,
                19,
                20,
                21,
                22,
                15,
                16,
                17,
                10,
                11,
                12,
                13,
                14,
                7,
                8,
                9,
                4,
                3
            ],
            "name": "Armature"
        },
        {
            "inverseBindMatrices": 33,
            "skeleton": 2,
            "joints": [
                2,
                5,
                6,
                23,
                40,
                38,
                39,
                32,
                37,
                35,
                36,
                33,
                34,
                30,
                31,
                24,
                29,
                27,
                28,
                25,
                26,
                18,
                19,
                20,
                21,
                22,
                15,
                16,
                17,
                10,
                11,
                12,
                13,
                14,
                7,
                8,
                9,
                4,
                3
            ],
            "name": "Armature"
        },
        {
            "inverseBindMatrices": 34,
            "skeleton": 2,
            "joints": [
                2,
                5,
                6,
                23,
                40,
                38,
                39,
                32,
                37,
                35,
                36,
                33,
                34,
                30,
                31,
                24,
                29,
                27,
                28,
                25,
                26,
                18,
                19,
                20,
                21,
                22,
                15,
                16,
                17,
                10,
                11,
                12,
                13,
                14,
                7,
                8,
                9,
                4,
                3
            ],
            "name": "Armature"
        }
    ],
    "accessors": [
        {
            "bufferView": 0,
            "byteOffset": 0,
            "componentType": 5123,
            "count": 696,
            "max": [
                133
            ],
            "min": [
                0
            ],
            "type": "SCALAR"
        },
        {
            "bufferView": 1,
            "byteOffset": 0,
            "componentType": 5123,
            "count": 134,
            "max": [
                15,
                15,
                15,
                0
            ],
            "min": [
                3,
                0,
                0,
                0
            ],
            "type": "VEC4"
        },
        {
            "bufferView": 2,
            "byteOffset": 0,
            "componentType": 5126,
            "count": 134,
            "max": [
                0.9975585341453552,
                0.999664306640625,
                0.9833064079284668
            ],
            "min": [
                -0.9975585341453552,
                -0.400860607624054,
                -0.9920042157173156
            ],
            "type": "VEC3"
        },
        {
            "bufferView": 2,
            "byteOffset": 1608,
            "componentType": 5126,
            "count": 134,
            "max": [
                7.7011799812316898,
                11.935400009155274,
                -64.48639678955078
            ],
            "min": [
                -7.701200008392334,
                0.4269239902496338,
                -74.77479553222656
            ],
            "type": "VEC3"
        },
        {
            "bufferView": 1,
            "byteOffset": 1072,
            "componentType": 5126,
            "count": 134,
            "max": [
                0.5779569745063782,
                1.7307860851287842
            ],
            "min": [
                0.42204299569129946,
                1.3471059799194337
            ],
            "type": "VEC2"
        },
        {
            "bufferView": 3,
            "byteOffset": 0,
            "componentType": 5126,
            "count": 134,
            "max": [
                1.0,
                0.9900000095367432,
                0.2500000298023224,
                0.0
            ],
            "min": [
                0.009999988600611689,
                0.0,
                0.0,
                0.0
            ],
            "type": "VEC4"
        },
        {
            "bufferView": 0,
            "byteOffset": 1392,
            "componentType": 5123,
            "count": 3396,
            "max": [
                751
            ],
            "min": [
                0
            ],
            "type": "SCALAR"
        },
        {
            "bufferView": 1,
            "byteOffset": 2144,
            "componentType": 5123,
            "count": 752,
            "max": [
                35,
                35,
                35,
                0
            ],
            "min": [
                2,
                0,
                0,
                0
            ],
            "type": "VEC4"
        },
        {
            "bufferView": 2,
            "byteOffset": 3216,
            "componentType": 5126,
            "count": 752,
            "max": [
                0.9999390244483948,
                0.9999390244483948,
                0.8785364031791687
            ],
            "min": [
                -0.9999390244483948,
                -0.9999390244483948,
                -0.8450881242752075
            ],
            "type": "VEC3"
        },
        {
            "bufferView": 2,
            "byteOffset": 12240,
            "componentType": 5126,
            "count": 752,
            "max": [
                66.99649810791016,
                -1.42985999584198,
                -1.6283199787139893
            ],
            "min": [
                -66.99649810791016,
                -7.400709629058838,
                -91.19979858398438
            ],
            "type": "VEC3"
        },
        {
            "bufferView": 1,
            "byteOffset": 8160,
            "componentType": 5126,
            "count": 752,
            "max": [
                0.9837279915809633,
                1.9912409782409669
            ],
            "min": [
                0.016270989552140237,
                1.023826003074646
            ],
            "type": "VEC2"
        },
        {
            "bufferView": 3,
            "byteOffset": 2144,
            "componentType": 5126,
            "count": 752,
            "max": [
                1.0,
                0.9900000095367432,
                0.940000057220459,
                0.0
            ],
            "min": [
                0.009999988600611689,
                0.0,
                0.0,
                0.0
            ],
            "type": "VEC4"
        },
        {
            "bufferView": 0,
            "byteOffset": 8184,
            "componentType": 5123,
            "count": 1848,
            "max": [
                460
            ],
            "min": [
                0
            ],
            "type": "SCALAR"
        },
        {
            "bufferView": 1,
            "byteOffset": 14176,
            "componentType": 5123,
            "count": 461,
            "max": [
                32,
                32,
                32,
                31
            ],
            "min": [
                2,
                0,
                0,
                0
            ],
            "type": "VEC4"
        },
        {
            "bufferView": 2,
            "byteOffset": 21264,
            "componentType": 5126,
            "count": 461,
            "max": [
                0.2074953019618988,
                1.0,
                0.39225441217422488
            ],
            "min": [
                -0.2074953019618988,
                -1.0,
                -0.000030518502171617
            ],
            "type": "VEC3"
        },
        {
            "bufferView": 2,
            "byteOffset": 26796,
            "componentType": 5126,
            "count": 461,
            "max": [
                66.40909576416016,
                -2.096539974212647,
                -40.88859939575195
            ],
