{
    "asset": {
        "generator": "COLLADA2GLTF",
        "version": "2.0"
    },
    "scenes": [
        {
            "nodes": [
                0
            ]
        }
    ],
    "scene": 0,
    "nodes": [
        {
            "children": [
                42,
                1
            ],
            "matrix": [
                1.0,
                0.0,
                0.0,
                0.0,
                0.0,
                0.0,
                -1.0,
                0.0,
                0.0,
                1.0,
                0.0,
                0.0,
                0.0,
                0.0,
                0.0,
                1.0
            ],
            "name": "Z_UP"
        },
        {
            "mesh": 0,
            "skin": 0,
            "name": "Gloom"
        },
        {
            "children": [
                11,
                7,
                3
            ],
            "matrix": [
                -0.000003595222551666666,
                1.0,
                0.0,
                0.0,
                -1.0,
                -0.000003595222551666666,
                0.0,
                0.0,
                0.0,
                0.0,
                1.0,
                0.0,
                0.0,
                0.8932087421417236,
                0.0,
                1.0
            ],
            "name": "_03_Waist"
        },
        {
            "children": [
                4
            ],
            "matrix": [
                -0.971095860004425,
                -0.006926457397639752,
                -0.2385893613100052,
                0.0,
                0.007132432423532009,
                -0.9999745488166808,
                2.4696637623833344e-8,
                0.0,
                -0.2385832816362381,
                -0.0017016985220834613,
                0.971120536327362,
                0.0,
                0.2811955213546753,
                0.23834845423698426,
                0.11213819682598114,
                1.0
            ],
            "name": "_55_RHips"
        },
        {
            "children": [
                5
            ],
            "matrix": [
                0.9711305499076844,
                -4.867100056316076e-10,
                0.23854854702949525,
                0.0,
                4.716110280078567e-10,
                1.0,
                1.2036996399622525e-10,
                0.0,
                -0.23854854702949525,
                -4.392832451960427e-12,
                0.9711305499076844,
                0.0,
                0.8071081042289734,
                -9.689338043017418e-8,
                1.211165852055274e-7,
                1.0
            ],
            "name": "_56_RThigh"
        },
        {
            "children": [
                6
            ],
            "matrix": [
                0.005708359181880951,
                -0.535129189491272,
                0.8447509407997131,
                0.0,
                0.006006040144711733,
                0.8447678089141846,
                0.5350993275642395,
                0.0,
                -0.9999656677246094,
                0.002019068924710155,
                0.008036245591938496,
                0.0,
                0.2672156095504761,
                1.4534006709254758e-7,
                -2.3617732836100914e-7,
                1.0
            ],
            "name": "_57_RFoot"
        },
        {
            "matrix": [
                0.9996531009674072,
                -1.3802047504896109e-8,
                0.02633744664490223,
                0.0,
                1.3827512468367333e-8,
                1.0,
                -7.847692495843717e-10,
                0.0,
                -0.02633744664490223,
                1.1486783746406102e-9,
                0.9996531009674072,
                0.0,
                0.4014799892902374,
                -0.003012582194060087,
                -0.04435957223176956,
                1.0
            ],
            "name": "_59_RToe"
        },
        {
            "children": [
                8
            ],
            "matrix": [
                -0.971095860004425,
                0.006926451809704304,
                -0.2385893613100052,
                0.0,
                -0.007132438011467457,
                -0.9999745488166808,
                2.2997683757353117e-8,
                0.0,
                -0.2385832816362381,
                0.0017017461359500886,
                0.971120536327362,
                0.0,
                0.28119832277297976,
                -0.23834845423698426,
                0.11213819682598114,
                1.0
            ],
            "name": "_49_LHips"
        },
        {
            "children": [
                9
            ],
            "matrix": [
                0.9711305499076844,
                1.1885241946174575e-7,
                0.23854854702949525,
                0.0,
                -1.2240077751357607e-7,
                1.0,
                6.172175964769267e-11,
                0.0,
                -0.23854854702949525,
                -2.9258467648674018e-8,
                0.9711305499076844,
                0.0,
                0.8071075677871704,
                1.211165852055274e-7,
                0.0,
                1.0
            ],
            "name": "_50_LThigh"
        },
        {
            "children": [
                10
            ],
            "matrix": [
                0.005708346609026194,
                0.535128653049469,
                0.8447512984275818,
                0.0,
                -0.0060049425810575489,
                0.8447681665420532,
                -0.5350987911224365,
                0.0,
                -0.9999656677246094,
                -0.002018153667449951,
                0.008035645820200444,
                0.0,
                0.2672156095504761,
                -4.844669021508708e-8,
                -1.2111659231095473e-8,
                1.0
            ],
            "name": "_51_LFoot"
        },
        {
            "matrix": [
                0.9996531009674072,
                7.1353691843967238e-9,
                0.02633744664490223,
                0.0,
                -1.2472858301748602e-8,
                1.0,
                2.0249353838153187e-7,
                0.0,
                -0.02633744664490223,
                -2.0275180645512595e-7,
                0.9996531009674072,
                0.0,
                0.4014802575111389,
                0.003013042034581304,
                -0.04435957223176956,
                1.0
            ],
            "name": "_53_LToe"
        },
        {
            "children": [
                25,
                22,
                20,
                17,
                15,
                12
            ],
            "name": "_04_Head"
        },
        {
            "children": [
                14,
                13
            ],
            "matrix": [
                -3.8078834307953e-8,
                -0.000003427559477131581,
                1.0,
                0.0,
                -0.022216469049453737,
                -0.9997531771659852,
                -0.000003427559477131581,
                0.0,
                0.9997531771659852,
                -0.022216469049453737,
                -3.8078834307953e-8,
                0.0,
                0.10048620402812958,
                -7.392365257256894e-13,
                0.6904659271240234,
                1.0
            ],
            "name": "_43_UpperBeak"
        },
        {
            "matrix": [
                1.0,
                0.0,
                0.0,
                0.0,
                0.0,
                1.0,
                0.0,
                0.0,
                0.0,
                0.0,
                1.0,
                0.0,
                -0.05542026087641716,
                -0.2696336805820465,
                -0.04264603927731514,
                1.0
            ],
            "name": "_47_RBeakA"
        },
        {
            "matrix": [
                1.0,
                0.0,
                0.0,
                0.0,
                0.0,
                1.0,
                0.0,
                0.0,
                0.0,
                0.0,
                1.0,
                0.0,
                -0.0554199256002903,
                0.2696336805820465,
                -0.04264486953616142,
                1.0
            ],
            "name": "_45_LBeakA"
        },
        {
            "children": [
                16
            ],
            "matrix": [
                -0.13970713317394257,
                0.9646680951118468,
                0.22337724268436433,
                0.0,
                -0.9901928901672364,
                -0.13610593974590302,
                -0.03151597827672959,
                0.0,
                5.130013391863031e-7,
                -0.2255895733833313,
                0.9742224216461182,
                0.0,
                -0.20368656516075138,
                0.6318579912185669,
                0.1570448875427246,
                1.0
            ],
            "name": "_40_RArm"
        },
        {
            "matrix": [
                1.0,
                0.0,
                0.0,
                0.0,
                0.0,
                1.0,
                0.0,
                0.0,
                0.0,
                0.0,
                1.0,
                0.0,
                0.25056135654449465,
                -8.235924724431243e-7,
                -1.4155496330658938e-7,
                1.0
            ],
            "name": "_41_RHand"
        },
        {
            "children": [
                19,
                18
            ],
            "matrix": [
                -3.8078834307953e-8,
                -0.000003427559477131581,
                1.0,
                0.0,
                -0.022216469049453737,
                -0.9997531771659852,
                -0.000003427559477131581,
                0.0,
                0.9997531771659852,
                -0.022216469049453737,
                -3.8078834307953e-8,
                0.0,
                0.022266177460551267,
                0.0,
                0.6945299506187439,
                1.0
            ],
            "name": "_34_LowerBeak"
        },
        {
            "matrix": [
                1.0,
                0.0,
                0.0,
                0.0,
                0.0,
                1.0,
                0.0,
                0.0,
                0.0,
                0.0,
                1.0,
                0.0,
                -0.05948372185230255,
                -0.2696336805820465,
                -0.0578107014298439,
                1.0
            ],
            "name": "_38_RBeakB"
        },
        {
            "matrix": [
                1.0,
                0.0,
                0.0,
                0.0,
                0.0,
                1.0,
                0.0,
                0.0,
                0.0,
                0.0,
                1.0,
                0.0,
                -0.05948329344391823,
                0.2696336805820465,
                -0.0578097403049469,
                1.0
            ],
            "name": "_36_LBeakB"
        },
        {
            "children": [
                21
            ],
            "matrix": [
                -0.13970740139484406,
                -0.9646680355072022,
                0.2233772575855255,
                0.0,
                0.9901928305625916,
                -0.1361061930656433,
                0.03151602670550347,
                0.0,
                5.26298265413061e-7,
                0.2255895733833313,
                0.9742224216461182,
                0.0,
                -0.20368656516075138,
                -0.6318579912185669,
                0.1570448875427246,
                1.0
            ],
            "name": "_31_LArm"
        },
        {
            "matrix": [
                1.0,
                0.0,
                0.0,
                0.0,
                0.0,
                1.0,
                0.0,
                0.0,
                0.0,
                0.0,
                1.0,
                0.0,
                0.2505608797073364,
                4.844669021508708e-8,
                4.768976680225023e-8,
                1.0
            ],
            "name": "_32_LHand"
        },
        {
            "children": [
                23
            ],
            "matrix": [
                -0.0982855036854744,
                -0.1850828230381012,
                0.977795660495758,
                0.0,
                0.000004295559847378172,
                -0.982553005218506,
                -0.185982882976532,
                0.0,
                0.9951582551002502,
                -0.01827521994709969,
                0.09657150506973268,
                0.0,
                0.03310097381472588,
                -0.2004219889640808,
                0.617138683795929,
                1.0
            ],
            "name": "_27_FeelerB1"
        },
        {
            "children": [
                24
            ],
            "matrix": [
                0.2572510838508606,
                -1.2118358938550958e-7,
                -0.9663445949554445,
                0.0,
                2.3613869970517954e-8,
                1.0,
                -1.1911785691154366e-7,
                0.0,
                0.9663445949554445,
                7.82406139876457e-9,
                0.2572510838508606,
                0.0,
                0.09479701519012453,
                1.8167503057497929e-8,
                2.906801341850951e-7,
                1.0
            ],
            "name": "_28_FeelerB2"
        },
        {
            "matrix": [
                0.9868496656417848,
                5.001420388950351e-10,
                -0.1616407185792923,
                0.0,
                1.094850543559289e-9,
                1.0,
                9.778445608787934e-9,
                0.0,
                0.1616407185792923,
                -9.826828240022678e-9,
                0.9868496656417848,
                0.0,
                0.08862806856632233,
                2.422331846219095e-8,
                0.0,
                1.0
            ],
            "name": "_29_FeelerB3"
        },
        {
            "children": [
                39,
                36,
                31,
                26
            ],
            "matrix": [
                1.0,
                0.0,
                0.0,
                0.0,
                0.0,
                1.0,
                0.0,
                0.0,
                0.0,
                0.0,
                1.0,
                0.0,
                0.4166872501373291,
                -3.696182628628447e-13,
                0.0,
                1.0
            ],
            "name": "_05_FeelerA"
        },
        {
            "children": [
                27
            ],
            "matrix": [
                -0.133388951420784,
                0.8685659766197205,
                -0.4772845208644867,
                0.0,
                -0.9909652471542358,
                -0.11010055243968964,
                0.07658789306879044,
                0.0,
                0.013972348533570769,
                0.48318836092948916,
                0.8754048943519592,
                0.0,
                0.04817419499158859,
                0.17466288805007938,
                -0.17552846670150758,
                1.0
            ],
            "name": "_21_HairD1"
        },
        {
            "children": [
                28
            ],
            "matrix": [
                0.9319688081741332,
                0.3625383973121643,
                1.752221834294687e-8,
                0.0,
                -0.3625383973121643,
                0.9319688081741332,
                -4.1826191399252378e-9,
                0.0,
                -1.784652070568882e-8,
                -2.4544060117648316e-9,
                1.0,
                0.0,
                0.5767526626586914,
                0.0,
                0.0,
                1.0
            ],
            "name": "_22_HairD2"
        },
        {
            "children": [
                29
            ],
            "matrix": [
                0.7274531722068787,
                0.6861572861671448,
                -1.271465208674272e-7,
                0.0,
                -0.6861572861671448,
                0.7274531722068787,
                4.49049650796951e-8,
                0.0,
                1.2330501419910437e-7,
                5.457625462668148e-8,
                1.0,
                0.0,
                0.45724597573280337,
                -1.9378650506496346e-7,
                4.844669021508708e-8,
                1.0
            ],
            "name": "_23_HairD3"
        },
        {
            "children": [
                30
            ],
            "matrix": [
                0.3763711750507355,
                0.9264689683914184,
                -1.0632929559051264e-7,
                0.0,
                -0.9264689683914184,
                0.3763711750507355,
                -1.4610634480050068e-8,
                0.0,
                2.648298291774154e-8,
                1.0400981409475209e-7,
                1.0,
                0.0,
                0.3772506713867188,
                -9.689338043017418e-8,
                1.0294924379650185e-7,
                1.0
            ],
            "name": "_24_HairD4"
        },
        {
            "matrix": [
                0.06188664585351944,
                0.9980831742286682,
                -7.0684169628520988e-9,
                0.0,
                -0.9980831742286682,
                0.06188664585351944,
                1.8856331962524567e-7,
                0.0,
                1.8863931927626258e-7,
                -4.614683302150979e-9,
                1.0,
                0.0,
                0.1393711417913437,
                0.0,
                2.1195409871666017e-8,
                1.0
            ],
            "name": "_25_HairD5"
        },
        {
            "children": [
                32
            ],
            "matrix": [
                -0.3147159814834595,
                -0.6715571880340576,
                -0.6707941293716431,
                0.0,
                0.9491859078407288,
                -0.22266532480716706,
                -0.2224102169275284,
                0.0,
                -0.0000014084989743423649,
                -0.7067043781280518,
                0.7075089812278748,
                0.0,
                0.07932364195585251,
                -0.20302143692970277,
                -0.2111223042011261,
                1.0
            ],
            "name": "_15_HairC1"
        },
        {
            "children": [
                33
            ],
            "matrix": [
                0.7262653112411499,
                0.6874144673347473,
                1.1635693297762373e-8,
                0.0,
                -0.6874144673347473,
                0.7262653112411499,
                3.0282166108008826e-8,
                0.0,
                1.2365799939573208e-8,
                -2.999143333681786e-8,
                1.0,
                0.0,
                0.6263284087181091,
                -3.875735217206966e-7,
                -6.055842494134822e-9,
                1.0
            ],
            "name": "_16_HairC2"
        },
        {
            "children": [
                34
            ],
            "matrix": [
                0.8863030076026917,
                0.4631057679653168,
                -3.526407965637191e-7,
                0.0,
                -0.4631057679653168,
                0.8863030076026917,
                1.0338823130950915e-7,
                0.0,
                3.604262985845708e-7,
                7.167669480168115e-8,
                1.0,
                0.0,
                0.431394100189209,
                0.0,
                7.759039988286531e-8,
                1.0
            ],
            "name": "_17_HairC3"
        },
        {
            "children": [
                35
            ],
            "matrix": [
                0.8643732666969299,
                0.5028507113456726,
                4.485640090479137e-7,
                0.0,
                -0.5028507113456726,
                0.8643732666969299,
                -5.071603936812608e-7,
                0.0,
                -6.427526955121721e-7,
                2.1281516637827739e-7,
                1.0,
                0.0,
                0.28038549423217776,
                -9.689338043017418e-8,
                -1.8167503057497929e-8,
                1.0
            ],
            "name": "_18_HairC4"
        },
        {
            "matrix": [
                0.906662106513977,
                0.4218575656414032,
                1.890123080272588e-8,
                0.0,
                -0.4218575656414032,
                0.906662106513977,
                3.149935423607531e-7,
                0.0,
                1.157453866085234e-7,
                -2.935663587777526e-7,
                1.0,
                0.0,
                0.20698465406894685,
                -9.689338043017418e-8,
                -7.872577612033639e-8,
                1.0
            ],
            "name": "_19_HairC5"
        },
        {
            "children": [
                37
            ],
            "matrix": [
                -0.06408626586198807,
                0.8107253909111023,
                0.5819083452224731,
                0.0,
                -0.997933268547058,
                -0.04931187257170677,
                -0.0412013866007328,
                0.0,
                -0.004708023276180029,
                -0.5833461284637451,
                0.8122100234031677,
                0.0,
                0.08831147849559784,
                0.18018074333667756,
                0.13466419279575349,
                1.0
            ],
            "name": "_11_HairB1"
        },
        {
            "children": [
                38
            ],
            "matrix": [
                0.8700576424598694,
                0.4929499626159668,
                -8.647239368997362e-9,
                0.0,
                -0.4929499626159668,
                0.8700576424598694,
                5.166997993910627e-7,
                0.0,
                2.622307420097059e-7,
                -4.452959672107682e-7,
                1.0,
                0.0,
                0.3557904958724976,
                -2.906801341850951e-7,
                -7.721193640009005e-8,
                1.0
            ],
            "name": "_12_HairB2"
        },
        {
            "matrix": [
                0.717850923538208,
                0.6961968541145325,
                -3.7398351082629235e-7,
                0.0,
                -0.6961968541145325,
                0.717850923538208,
                -3.115831503919253e-8,
                0.0,
                2.467720889853809e-7,
                2.827331684329693e-7,
                1.0,
                0.0,
                0.3561890125274658,
                -1.9378650506496346e-7,
                -1.476108302256307e-8,
                1.0
            ],
            "name": "_13_HairB3"
        },
        {
            "children": [
                40
            ],
            "matrix": [
                -0.22246819734573365,
                -0.9072617292404176,
                0.3569090962409973,
                0.0,
                0.9749399423599244,
                -0.20702509582042698,
                0.08144141733646393,
                0.0,
                4.599150145168096e-7,
                0.3660830557346344,
                0.9305821657180786,
                0.0,
                0.07231427729129791,
                -0.2832252085208893,
                0.12423698604106905,
                1.0
            ],
            "name": "_07_HairA1"
        },
        {
            "children": [
                41
            ],
            "matrix": [
                0.8870354294776917,
                -0.4617013931274414,
                -1.2786753877946922e-8,
                0.0,
                0.4617013931274414,
                0.8870354294776917,
                -1.0178025533491564e-8,
                0.0,
                1.604151123046904e-8,
                3.124607017568337e-9,
                1.0,
                0.0,
                0.4617821276187897,
                2.906801341850951e-7,
                1.6653535439559165e-8,
                1.0
            ],
            "name": "_08_HairA2"
        },
        {
            "matrix": [
                0.7782532572746277,
                -0.6279505491256714,
                -9.205356832353573e-8,
                0.0,
                0.6279505491256714,
                0.7782532572746277,
                -1.332533638986888e-8,
                0.0,
                8.000863971346918e-8,
                -4.7434603800411426e-8,
                1.0,
                0.0,
                0.3607384264469147,
                0.0,
                1.1354688744802388e-8,
                1.0
            ],
            "name": "_09_HairA3"
        },
        {
            "children": [
                43
            ],
            "matrix": [
                1.0,
                -0.0,
                0.0,
                0.0,
                0.0,
                4.4896641959724089e-11,
                1.0,
                0.0,
                -0.0,
                -1.0,
                4.4896641959724089e-11,
                0.0,
                0.0,
                0.0,
                0.0,
                1.0
            ],
            "name": "_01_pm0044_00_kusaihana"
        },
        {
            "children": [
                2
            ],
            "name": "_02_Origin"
        }
    ],
    "meshes": [
        {
            "primitives": [
                {
                    "attributes": {
                        "COLOR_0": 1,
                        "JOINTS_0": 2,
                        "NORMAL": 3,
                        "POSITION": 4,
                        "TEXCOORD_0": 5,
                        "WEIGHTS_0": 6
                    },
                    "indices": 0,
                    "mode": 4,
                    "material": 0
                },
                {
                    "attributes": {
                        "COLOR_0": 8,
                        "JOINTS_0": 9,
                        "NORMAL": 10,
                        "POSITION": 11,
                        "TEXCOORD_0": 12,
                        "WEIGHTS_0": 13
                    },
                    "indices": 7,
                    "mode": 4,
                    "material": 1
                }
            ],
            "name": "Gloom"
        }
    ],
    "skins": [
        {
            "inverseBindMatrices": 14,
            "skeleton": 2,
            "joints": [
                17,
                18,
                13,
                12,
                14,
                19,
                4,
                5,
                6,
                8,
                9,
                10,
                22,
                23,
                24,
                11,
                25,
                39,
                32,
                33,
                40,
                41,
                26,
                27,
                28,
                29,
                30,
                2,
                15,
                16,
                20,
                21,
                36,
                37,
                38,
                31,
                34,
                35
            ],
            "name": "geom-Gloom-skin1"
        }
    ],
    "accessors": [
        {
            "bufferView": 0,
            "byteOffset": 0,
            "componentType": 5123,
            "count": 14676,
            "max": [
                3077
            ],
            "min": [
                0
            ],
            "type": "SCALAR"
        },
        {
            "bufferView": 1,
            "byteOffset": 0,
            "componentType": 5126,
            "count": 3078,
            "max": [
                1.0,
                1.0,
                1.0
            ],
            "min": [
                1.0,
                1.0,
                1.0
            ],
            "type": "VEC3"
        },
        {
            "bufferView": 2,
            "byteOffset": 0,
            "componentType": 5123,
            "count": 3078,
            "max": [
                36,
                37,
                37,
                37
            ],
            "min": [
                0,
                0,
                0,
                0
            ],
            "type": "VEC4"
        },
        {
            "bufferView": 1,
            "byteOffset": 36936,
            "componentType": 5126,
            "count": 3078,
            "max": [
                1.0,
                1.0,
                1.0
            ],
            "min": [
                -1.0,
                -1.0,
                -1.0
            ],
            "type": "VEC3"
        },
        {
            "bufferView": 1,
            "byteOffset": 73872,
            "componentType": 5126,
            "count": 3078,
            "max": [
                1.146134614944458,
                2.042973041534424,
                0.7624596953392029
            ],
            "min": [
                -1.2282931804656985,
                -0.0004552213358692825,
                -1.1438359022140504
            ],
            "type": "VEC3"
        },
        {
            "bufferView": 2,
            "byteOffset": 24624,
            "componentType": 5126,
            "count": 3078,
            "max": [
                0.997485339641571,
                0.9951480627059937
            ],
            "min": [
                0.00533806998282671,
                0.011668026447296145
            ],
            "type": "VEC2"
        },
        {
            "bufferView": 3,
            "byteOffset": 0,
            "componentType": 5126,
            "count": 3078,
            "max": [
                1.0,
                0.9700000286102296,
                0.8899999856948853,
                0.5699999928474426
            ],
            "min": [
                0.009999999776482582,
                0.0,
                0.0,
                0.0
            ],
            "type": "VEC4"
        },
        {
            "bufferView": 0,
            "byteOffset": 29352,
            "componentType": 5123,
            "count": 240,
            "max": [
                54
            ],
            "min": [
                0
            ],
            "type": "SCALAR"
        },
        {
            "bufferView": 1,
            "byteOffset": 110808,
            "componentType": 5126,
            "count": 55,
            "max": [
                1.0,
                1.0,
                1.0
            ],
            "min": [
                1.0,
                1.0,
                1.0
            ],
            "type": "VEC3"
        },
        {
            "bufferView": 2,
            "byteOffset": 49248,
            "componentType": 5123,
            "count": 55,
            "max": [
                15,
                16,
                0,
                0
            ],
            "min": [
                15,
                0,
                0,
                0
            ],
            "type": "VEC4"
        },
        {
            "bufferView": 1,
            "byteOffset": 111468,
            "componentType": 5126,
            "count": 55,
            "max": [
                0.7113776803016663,
                0.6753703951835632,
                0.9863114356994628
            ],
            "min": [
                -0.7113777995109558,
                0.15473420917987824,
                0.5157179832458496
            ],
            "type": "VEC3"
        },
        {
            "bufferView": 1,
            "byteOffset": 112128,
            "componentType": 5126,
            "count": 55,
            "max": [
                0.4937886893749237,
                1.2961925268173218,
                0.6824039816856384
            ],
            "min": [
                -0.4937886893749237,
                0.8996323943138123,
                0.3670223653316498
            ],
            "type": "VEC3"
        },
        {
            "bufferView": 2,
            "byteOffset": 49688,
            "componentType": 5126,
            "count": 55,
            "max": [
                0.5062612295150757,
                0.2247486710548401
            ],
            "min": [
                -0.000752091989852488,
                0.025798678398132325
            ],
            "type": "VEC2"
        },
        {
            "bufferView": 3,
            "byteOffset": 49248,
            "componentType": 5126,
            "count": 55,
            "max": [
                1.0,
                0.03999999910593033,
                0.0,
                0.0
            ],
            "min": [
                0.959999978542328,
                0.0,
                0.0,
                0.0
            ],
            "type": "VEC4"
        },
        {
            "bufferView": 4,
            "byteOffset": 0,
            "componentType": 5126,
            "count": 38,
            "max": [
                0.9646688103675842,
                1.0,
                0.7067047953605652,
                0.0,
                1.0,
                0.990193486213684,
                1.0,
                0.0,
                1.0,
                0.7012221217155457,
                1.0,
                0.0,
                57.73143768310547,
                76.9591064453125,
                3.1671199798583986,
                1.0
            ],
            "min": [
                -0.964667797088623,
                -1.0,
                -0.48318859934806826,
                0.0,
                -1.0,
                -0.9979333281517028,
                -0.00470600463449955,
                0.0,
                -0.6707941889762878,
                -0.5699896812438965,
                -0.014173503965139388,
                0.0,
                -73.55687713623047,
                -57.743160247802737,
                -39.1218490600586,
                1.0
            ],
            "type": "MAT4"
        }
    ],
    "materials": [
        {
            "pbrMetallicRoughness": {
                "baseColorFactor": [
                    1.0,
                    1.0,
                    1.0,
                    1.0
                ],
                "baseColorTexture": {
                    "index": 0
                },
                "metallicFactor": 0.0
            },
            "emissiveFactor": [
                0.0,
                0.0,
                0.0
            ],
            "occlusionTexture": {
                "index": 0
            },
            "name": "BodyA_00"
        },
        {
            "pbrMetallicRoughness": {
                "baseColorFactor": [
                    1.0,
                    1.0,
                    1.0,
                    1.0
                ],
                "baseColorTexture": {
                    "index": 1
                },
                "metallicFactor": 0.0
            },
            "emissiveFactor": [
                0.0,
                0.0,
                0.0
            ],
            "occlusionTexture": {
                "index": 1
            },
            "name": "Eye"
        }
    ],
    "textures": [
        {
            "sampler": 0,
            "source": 0
        },
        {
            "sampler": 0,
            "source": 1
        }
    ],
    "images": [
        {
            "uri": "pm0044_01_Body1.png"
        },
        {
            "uri": "pm0044_00_Eye1.png"
        }
    ],
    "samplers": [
        {
            "magFilter": 9729,
            "minFilter": 9986,
            "wrapS": 10497,
            "wrapT": 10497
        }
    ],
    "bufferViews": [
        {
            "buffer": 0,
            "byteOffset": 215476,
            "byteLength": 29832,
            "target": 34963
        },
        {
            "buffer": 0,
            "byteOffset": 52560,
            "byteLength": 112788,
            "byteStride": 12,
            "target": 34962
        },
        {
            "buffer": 0,
            "byteOffset": 165348,
            "byteLength": 50128,
            "byteStride": 8,
            "target": 34962
        },
        {
            "buffer": 0,
            "byteOffset": 2432,
            "byteLength": 50128,
            "byteStride": 16,
            "target": 34962
        },
        {
            "buffer": 0,
            "byteOffset": 0,
            "byteLength": 2432
        }
    ],
    "buffers": [
        {
            "byteLength": 245308,
            "uri": "Gloom_F0.bin"
        }
    ]
}
