{
    "asset": {
        "generator": "COLLADA2GLTF",
        "version": "2.0"
    },
    "scenes": [
        {
            "nodes": [
                0
            ]
        }
    ],
    "scene": 0,
    "nodes": [
        {
            "children": [
                26,
                1
            ],
            "matrix": [
                1.0,
                0.0,
                0.0,
                0.0,
                0.0,
                0.0,
                -1.0,
                0.0,
                0.0,
                1.0,
                0.0,
                0.0,
                0.0,
                0.0,
                0.0,
                1.0
            ],
            "name": "Z_UP"
        },
        {
            "mesh": 0,
            "skin": 0,
            "name": "Ponyta"
        },
        {
            "children": [
                19,
                12,
                5,
                3
            ],
            "matrix": [
                -0.9960359930992128,
                -0.0000023199431780085439,
                0.08895116299390793,
                0.0,
                -0.0002779493515845388,
                -0.9999950528144836,
                -0.0031384355388581754,
                0.0,
                0.0889507308602333,
                -0.003150718752294779,
                0.9960310459136964,
                0.0,
                0.0,
                0.0,
                0.0,
                1.0
            ],
            "name": "Hips"
        },
        {
            "children": [
                4
            ],
            "matrix": [
                0.3706238865852356,
                0.0029260427691042425,
                -0.9287784099578856,
                0.0,
                -0.000001507459501226549,
                -0.9999950528144836,
                -0.003151006530970335,
                0.0,
                -0.9287830591201782,
                0.0011692383559420705,
                -0.3706220388412476,
                0.0,
                0.205673947930336,
                -0.0002373371389694512,
                -0.18281210958957673,
                1.0
            ],
            "name": "TailG1"
        },
        {
            "matrix": [
                1.0,
                0.0,
                0.0,
                0.0,
                0.0,
                1.0,
                0.0,
                0.0,
                0.0,
                0.0,
                1.0,
                0.0,
                0.10671111196279526,
                0.0,
                -9.689338043017418e-8,
                1.0
            ],
            "name": "TailG2"
        },
        {
            "children": [
                6
            ],
            "matrix": [
                0.8191489577293396,
                0.0018067816272377968,
                -0.5735779404640198,
                0.0,
                -0.0000018207294942840236,
                -0.9999950528144836,
                -0.003152603982016444,
                0.0,
                -0.573580801486969,
                0.002583496505394578,
                -0.8191449046134949,
                0.0,
                0.4854272305965424,
                -0.007440317422151566,
                -0.02757136896252632,
                1.0
            ],
            "name": "TailB1"
        },
        {
            "children": [
                7
            ],
            "matrix": [
                1.0,
                0.0,
                0.0,
                0.0,
                0.0,
                1.0,
                0.0,
                0.0,
                0.0,
                0.0,
                1.0,
                0.0,
                0.1950611472129822,
                0.0,
                -1.9378650506496346e-7,
                1.0
            ],
            "name": "TailB2"
        },
        {
            "children": [
                8
            ],
            "matrix": [
                1.0,
                0.0,
                0.0,
                0.0,
                0.0,
                1.0,
                0.0,
                0.0,
                0.0,
                0.0,
                1.0,
                0.0,
                0.21857193112373353,
                -1.5139567377531194e-9,
                1.4534006709254758e-7,
                1.0
            ],
            "name": "TailB3"
        },
        {
            "children": [
                9
            ],
            "matrix": [
                1.0,
                0.0,
                0.0,
                0.0,
                0.0,
                1.0,
                0.0,
                0.0,
                0.0,
                0.0,
                1.0,
                0.0,
                0.2342463582754135,
                1.5139567377531194e-9,
                -1.9378650506496346e-7,
                1.0
            ],
            "name": "TailB4"
        },
        {
            "children": [
                10
            ],
            "matrix": [
                1.0,
                0.0,
                0.0,
                0.0,
                0.0,
                1.0,
                0.0,
                0.0,
                0.0,
                0.0,
                1.0,
                0.0,
                0.2420830875635147,
                -2.573731094912546e-8,
                1.4534006709254758e-7,
                1.0
            ],
            "name": "TailB5"
        },
        {
            "children": [
                11
            ],
            "matrix": [
                1.0,
                0.0,
                0.0,
                0.0,
                0.0,
                1.0,
                0.0,
                0.0,
                0.0,
                0.0,
                1.0,
                0.0,
                0.2420828938484192,
                0.0,
                9.689338043017418e-8,
                1.0
            ],
            "name": "TailB6"
        },
        {
            "matrix": [
                1.0,
                0.0,
                0.0,
                0.0,
                0.0,
                1.0,
                0.0,
                0.0,
                0.0,
                0.0,
                1.0,
                0.0,
                0.23424558341503144,
                -1.5139567377531194e-9,
                -2.906801341850951e-7,
                1.0
            ],
            "name": "TailB7"
        },
        {
            "children": [
                13
            ],
            "matrix": [
                0.11021927744150162,
                -0.021428685635328298,
                0.9936762452125548,
                0.0,
                8.213484079533373e-7,
                0.999767541885376,
                0.021559953689575197,
                0.0,
                -0.9939072728157044,
                -0.002375506330281496,
                0.1101936772465706,
                0.0,
                0.2552979290485382,
                -0.2060297727584839,
                0.10314127057790756,
                1.0
            ],
            "name": "RThigh"
        },
        {
            "children": [
                17,
                14
            ],
            "matrix": [
                0.7915787100791931,
                -1.2547078931390843e-9,
                -0.6110672354698181,
                0.0,
                8.212707736099388e-10,
                1.0,
                -9.894286501221928e-10,
                0.0,
                0.6110672354698181,
                2.8135899166059627e-10,
                0.7915787100791931,
                0.0,
                0.4096164107322693,
                4.844669021508708e-8,
                -4.844669092562981e-7,
                1.0
            ],
            "name": "RLeg"
        },
        {
            "children": [
                15
            ],
            "matrix": [
                0.2421450912952423,
                -0.009200800210237505,
                -0.9701964259147644,
                0.0,
                0.013244688510894776,
                -0.9998305439949036,
                0.012787490151822569,
                0.0,
                -0.9701496362686156,
                -0.01594637706875801,
                -0.2419821918010712,
                0.0,
                0.1840292662382126,
                -0.009348774328827858,
                -0.2114684879779816,
                1.0
            ],
            "name": "RTailB1"
        },
        {
            "children": [
                16
            ],
            "matrix": [
                1.0,
                0.0,
                0.0,
                0.0,
                0.0,
                1.0,
                0.0,
                0.0,
                0.0,
                0.0,
                1.0,
                0.0,
                0.1418331116437912,
                0.0,
                4.3601892230071828e-7,
                1.0
            ],
            "name": "RTailB2"
        },
        {
            "matrix": [
                1.0,
                0.0,
                0.0,
                0.0,
                0.0,
                1.0,
                0.0,
                0.0,
                0.0,
                0.0,
                1.0,
                0.0,
                0.1419941484928131,
                7.266990564858135e-8,
                5.329123382580292e-7,
                1.0
            ],
            "name": "RTailB3"
        },
        {
            "children": [
                18
            ],
            "matrix": [
                -0.6945884823799133,
                0.000004294089194445405,
                0.7194072604179382,
                0.0,
                0.01991678588092327,
                0.999616801738739,
                0.019223712384700776,
                0.0,
                -0.7191315293312073,
                0.02768084965646267,
                -0.6943224668502808,
                0.0,
                0.44633156061172488,
                9.689338043017418e-8,
                -9.689338043017418e-8,
                1.0
            ],
            "name": "RFoot"
        },
        {
            "matrix": [
                1.0,
                0.0,
                0.0,
                0.0,
                0.0,
                1.0,
                0.0,
                0.0,
                0.0,
                0.0,
                1.0,
                0.0,
                0.0321691520512104,
                7.266990564858135e-8,
                -0.48972243070602419,
                1.0
            ],
            "name": "RToe"
        },
        {
            "children": [
                20
            ],
            "matrix": [
                0.110220268368721,
                0.01516581978648901,
                0.9937914609909058,
                0.0,
                4.12859719745029e-7,
                0.9998835921287536,
                -0.015258834697306157,
                0.0,
                -0.9939072132110596,
                0.0016822430770844222,
                0.11020743101835252,
                0.0,
                0.2552979290485382,
                0.2060297429561615,
                0.10314233601093292,
                1.0
            ],
            "name": "LThigh"
        },
        {
            "children": [
                24,
                21
            ],
            "matrix": [
                0.7915787100791931,
                1.6492328613892938e-9,
                -0.6110672354698181,
                0.0,
                -2.61263100043152e-9,
                1.0,
                -6.854732892414005e-10,
                0.0,
                0.6110672354698181,
                2.139099342102213e-9,
                0.7915787100791931,
                0.0,
                0.4096130728721619,
                4.844669021508708e-8,
                0.0,
                1.0
            ],
            "name": "LLeg"
        },
        {
            "children": [
                22
            ],
            "matrix": [
                0.2421453446149826,
                0.00919982884079218,
                -0.9701963663101196,
                0.0,
                -0.013243361376225949,
                -0.9998305439949036,
                -0.012786162085831166,
                0.0,
                -0.970149576663971,
                0.015944771468639378,
                -0.24198247492313386,
                0.0,
                0.18402835726737977,
                0.009348896332085133,
                -0.2114669382572174,
                1.0
            ],
            "name": "LTailB1"
        },
        {
            "children": [
                23
            ],
            "matrix": [
                1.0,
                0.0,
                0.0,
                0.0,
                0.0,
                1.0,
                0.0,
                0.0,
                0.0,
                0.0,
                1.0,
                0.0,
                0.14183473587036134,
                4.844669021508708e-8,
                -9.689338043017418e-8,
                1.0
            ],
            "name": "LTailB2"
        },
        {
            "matrix": [
                1.0,
                0.0,
                0.0,
                0.0,
                0.0,
                1.0,
                0.0,
                0.0,
                0.0,
                0.0,
                1.0,
                0.0,
                0.14199422299861909,
                0.0,
                0.0,
                1.0
            ],
            "name": "LTailB3"
        },
        {
            "children": [
                25
            ],
            "matrix": [
                -0.6945893168449402,
                0.0000036430542422749569,
                0.7194064855575562,
                0.0,
                0.0008597568375989795,
                0.9999992847442628,
                0.0008250339888036251,
                0.0,
                -0.719406008720398,
                0.0011915743816643954,
                -0.6945887804031372,
                0.0,
                0.44633132219314577,
                -4.844669021508708e-8,
                0.0,
                1.0
            ],
            "name": "LFoot"
        },
        {
            "matrix": [
                1.0,
                0.0,
                0.0,
                0.0,
                0.0,
                1.0,
                0.0,
                0.0,
                0.0,
                0.0,
                1.0,
                0.0,
                0.03216887265443802,
                9.689338043017418e-8,
                -0.48972243070602419,
                1.0
            ],
            "name": "LToe"
        },
        {
            "children": [
                27
            ],
            "matrix": [
                1.0,
                -0.0,
                0.0,
                0.0,
                0.0,
                3.995190525074577e-7,
                1.0,
                0.0,
                -0.0,
                -1.0,
                3.995190525074577e-7,
                0.0,
                0.0,
                0.0,
                0.0,
                1.0
            ],
            "name": "pm0077_00"
        },
        {
            "children": [
                28
            ],
            "name": "Origin"
        },
        {
            "children": [
                2,
                29
            ],
            "matrix": [
                8.121164540852989e-8,
                -0.08894933015108109,
                0.996036171913147,
                0.0,
                -1.0,
                0.000004891173830401385,
                5.183329108149337e-7,
                0.0,
                -0.000004917891601508018,
                -0.996036171913147,
                -0.08894933015108109,
                0.0,
                0.0,
                1.4957932233810425,
                -0.38537389039993288,
                1.0
            ],
            "name": "Waist"
        },
        {
            "children": [
                32,
                30
            ],
            "name": "Spine1"
        },
        {
            "children": [
                31
            ],
            "matrix": [
                -0.24339659512043,
                -7.543981155322399e-7,
                -0.9699268341064452,
                0.0,
                -0.000005411928668763721,
                1.0,
                5.802982627756137e-7,
                0.0,
                0.9699268341064452,
                0.000005390417754824739,
                -0.24339659512043,
                0.0,
                0.09946814924478532,
                0.0002373376046307385,
                -0.17685198783874513,
                1.0
            ],
            "name": "TailF1"
        },
        {
            "matrix": [
                1.0,
                0.0,
                0.0,
                0.0,
                0.0,
                1.0,
                0.0,
                0.0,
                0.0,
                0.0,
                1.0,
                0.0,
                0.15259532630443574,
                2.5382448143318475e-8,
                9.689338043017418e-8,
                1.0
            ],
            "name": "TailF2"
        },
        {
            "children": [
                56,
                42,
                35,
                33
            ],
            "matrix": [
                0.9982484579086304,
                -6.068819966421717e-15,
                0.05916047468781471,
                0.0,
                5.641979683446152e-8,
                1.0,
                -9.520034041088366e-7,
                0.0,
                -0.05916047468781471,
                9.536737479720614e-7,
                0.9982484579086304,
                0.0,
                0.26322782039642336,
                -5.0799744855112297e-8,
                0.0,
                1.0
            ],
            "name": "Spine2"
        },
        {
            "children": [
                34
            ],
            "matrix": [
                -0.5636616349220276,
                -6.719386647091596e-7,
                -0.8260058164596558,
                0.0,
                -2.074177558597512e-7,
                1.0,
                -6.719386647091596e-7,
                0.0,
                0.8260058164596558,
                -2.074177558597512e-7,
                -0.5636616349220276,
                0.0,
                0.13800257444381718,
                0.00023736293951515108,
                -0.25681737065315249,
                1.0
            ],
            "name": "TailE1"
        },
        {
            "matrix": [
                1.0,
                0.0,
                0.0,
                0.0,
                0.0,
                1.0,
                0.0,
                0.0,
                0.0,
                0.0,
                1.0,
                0.0,
                0.1373979151248932,
                -4.7311311118791718e-11,
                -4.844669021508708e-8,
                1.0
            ],
            "name": "TailE2"
        },
        {
            "children": [
                36
            ],
            "matrix": [
                -0.15285314619541169,
                0.006968108005821705,
                0.9882243275642396,
                0.0,
                0.0010794466361403466,
                -0.9999733567237854,
                0.0072179147973656658,
                0.0,
                0.988248348236084,
                0.00217001629061997,
                0.15284155309200288,
                0.0,
                0.48734980821609499,
                0.22116468846797944,
                0.05921120941638947,
                1.0
            ],
            "name": "RShoulder"
        },
        {
            "children": [
                40,
                37
            ],
            "matrix": [
                0.9455121159553528,
                0.007295717019587755,
                0.3255051374435425,
                0.0,
                -0.006969197187572718,
                0.9999733567237854,
                -0.00216912804171443,
                0.0,
                -0.3255122900009155,
                -0.00021757264039479196,
                0.945537805557251,
                0.0,
                0.21573440730571748,
                1.211165994163821e-7,
                2.422331988327642e-7,
                1.0
            ],
            "name": "RArm"
        },
        {
            "children": [
                38
            ],
            "matrix": [
                -0.17772693932056428,
                -0.2147233784198761,
                -0.9603681564331056,
                0.0,
                0.14461618661880494,
                -0.9710082411766052,
                0.19033947587013248,
                0.0,
                -0.9733957648277284,
                -0.10505632311105728,
                0.20362679660320286,
                0.0,
                0.15936711430549622,
                -0.06475833803415299,
                -0.14235450327396394,
                1.0
            ],
            "name": "RTailA1"
        },
        {
            "children": [
                39
            ],
            "matrix": [
                1.0,
                0.0,
                0.0,
                0.0,
                0.0,
                1.0,
                0.0,
                0.0,
                0.0,
                0.0,
                1.0,
                0.0,
                0.09274690598249436,
                0.000001174831254502351,
                -0.0000010658271776264885,
                1.0
            ],
            "name": "RTailA2"
        },
        {
            "matrix": [
                1.0,
                0.0,
                0.0,
                0.0,
                0.0,
                1.0,
                0.0,
                0.0,
                0.0,
                0.0,
                1.0,
                0.0,
                0.10120050609111786,
                -8.114817546811537e-7,
                0.0000017440809187974085,
                1.0
            ],
            "name": "RTailA3"
        },
        {
            "children": [
                41
            ],
            "matrix": [
                0.991120457649231,
                2.2265029446869034e-13,
                -0.1329670250415802,
                0.0,
                -2.291344197713485e-13,
                1.0,
                -3.3463296966306658e-14,
                0.0,
                0.1329670250415802,
                6.363347891148731e-14,
                0.991120457649231,
                0.0,
                0.5297271609306336,
                -7.266990564858135e-8,
                -3.391255631868262e-7,
                1.0
            ],
            "name": "RForeArm"
        },
        {
            "matrix": [
                -0.07466699928045273,
                9.613105476091733e-7,
                0.997208535671234,
                0.0,
                7.491983069485286e-7,
                1.0,
                -9.079045071302972e-7,
                0.0,
                -0.997208535671234,
                6.793164288865228e-7,
                -0.07466699928045273,
                0.0,
                0.4180509746074677,
                2.422331846219095e-8,
                5.329123382580292e-7,
                1.0
            ],
            "name": "RHand"
        },
        {
            "children": [
                43
            ],
            "matrix": [
                0.46952810883522036,
                9.39055894377816e-7,
                -0.8829175233840942,
                0.0,
                6.487525752163492e-7,
                1.0,
                0.0000014085840120969806,
                0.0,
                0.8829175233840942,
                -0.0000012341647561697756,
                0.46952810883522036,
                0.0,
                0.4368675649166107,
                0.0,
                9.689338043017418e-8,
                1.0
            ],
            "name": "Neck1"
        },
        {
            "children": [
                46,
                44
            ],
            "matrix": [
                0.9999119639396668,
                1.151953288617766e-13,
                0.01326853223145008,
                0.0,
                -1.1669377757931449e-13,
                1.0,
                1.121584446953268e-13,
                0.0,
                -0.01326853223145008,
                -1.1369692080182018e-13,
                0.9999119639396668,
                0.0,
                0.32815021276474,
                7.392364715155808e-13,
                9.689338043017418e-8,
                1.0
            ],
            "name": "Neck2"
        },
        {
            "children": [
                45
            ],
            "matrix": [
                -0.007820026017725468,
                -9.321865057643209e-9,
                -0.9999694228172302,
                0.0,
                -3.632880454795817e-11,
                1.0,
                -9.321865945821628e-9,
                0.0,
                0.9999694228172302,
                -3.656954600250728e-11,
                -0.007820026017725468,
                0.0,
                0.205121785402298,
                0.00023736304137855768,
                -0.2229014039039612,
                1.0
            ],
            "name": "TailD1"
        },
        {
            "matrix": [
                1.0,
                0.0,
                0.0,
                0.0,
                0.0,
                1.0,
                0.0,
                0.0,
                0.0,
                0.0,
                1.0,
                0.0,
                0.15814520418643952,
                4.7311311118791718e-11,
                -0.000001937865135914763,
                1.0
            ],
            "name": "TailD2"
        },
        {
            "children": [
                52,
                51,
                50,
                49,
                47
            ],
            "matrix": [
                1.0,
                0.0,
                0.0,
                0.0,
                0.0,
                1.0,
                0.0,
                0.0,
                0.0,
                0.0,
                1.0,
                0.0,
                0.3184344470500946,
                2.5397230984935963e-8,
                0.0,
                1.0
            ],
            "name": "Head"
        },
        {
            "children": [
                48
            ],
            "matrix": [
                -0.1658962070941925,
                3.9552762132188948e-7,
                -0.9861432313919069,
                0.0,
                3.3037160562798827e-8,
                1.0,
                3.9552762132188948e-7,
                0.0,
                0.9861432313919069,
                3.3037160562798827e-8,
                -0.1658962070941925,
                0.0,
                0.16054077446460725,
                0.00023736298317089677,
                -0.19481441378593448,
                1.0
            ],
            "name": "TailC1"
        },
        {
            "matrix": [
                1.0,
                0.0,
                0.0,
                0.0,
                0.0,
                1.0,
                0.0,
                0.0,
                0.0,
                0.0,
                1.0,
                0.0,
                0.1310830265283585,
                4.7311311118791718e-11,
                3.875735217206966e-7,
                1.0
            ],
            "name": "TailC2"
        },
        {
            "matrix": [
                0.5660353899002075,
                0.7618380784988403,
                -0.3149709105491638,
                0.0,
                -0.5324655771255493,
                0.04618280753493309,
                -0.8451908826828003,
                0.0,
                -0.629352331161499,
                0.6461191177368164,
                0.4317936301231385,
                0.0,
                0.3847589492797852,
                0.1347469985485077,
                0.0558292530477047,
                1.0
            ],
            "name": "REar"
        },
        {
            "matrix": [
                0.5660353302955627,
                -0.7618380188941956,
                -0.3149711191654206,
                0.0,
                0.5324657559394836,
                0.04618275538086891,
                0.845190703868866,
                0.0,
                -0.6293522119522095,
                -0.6461191773414612,
                0.431793749332428,
                0.0,
                0.3847591876983643,
                -0.13474701344966889,
                0.055829405784606937,
                1.0
            ],
            "name": "LEar"
        },
        {
            "matrix": [
                -0.3731999397277832,
                -0.0000011567120736799553,
                0.9277509450912476,
                0.0,
                -2.738357540721381e-9,
                1.0,
                0.0000012456899867174798,
                0.0,
                -0.9277509450912476,
                4.623509255452518e-7,
                -0.3731999397277832,
                0.0,
                0.1934850811958313,
                7.392364715155808e-13,
                0.2655874788761139,
                1.0
            ],
            "name": "Jaw"
        },
        {
            "children": [
                53
            ],
            "matrix": [
                0.8712525367736816,
                1.4921324975603057e-7,
                -0.4908350110054016,
                0.0,
                0.0000010951430340355728,
                -1.0,
                0.0000016399255855503725,
                0.0,
                -0.4908350110054016,
                -0.000001966323907254264,
                -0.8712525367736816,
                0.0,
                0.3795730173587799,
                2.5401778458444825e-8,
                0.24751628935337068,
                1.0
            ],
            "name": "Hair1"
        },
        {
            "children": [
                54
            ],
            "matrix": [
                0.3967525362968445,
                -8.75975385435622e-14,
                0.9179255962371826,
                0.0,
                2.538175561655337e-13,
                1.0,
                -1.4276999518053093e-14,
                0.0,
                -0.9179255962371826,
                2.386500827684934e-13,
                0.3967525362968445,
                0.0,
                0.2167199105024338,
                2.540025434427662e-8,
                9.689338043017418e-8,
                1.0
            ],
            "name": "Hair2"
        },
        {
            "children": [
                55
            ],
            "matrix": [
                0.967638611793518,
                -1.1368680384029815e-13,
                0.25234007835388186,
                0.0,
                1.6738321069898618e-13,
                1.0,
                -1.913277343631656e-13,
                0.0,
                -0.25234007835388186,
                2.2737359412806916e-13,
                0.967638611793518,
                0.0,
                0.2724350690841675,
                1.4784756535365928e-12,
                0.0,
                1.0
            ],
            "name": "Hair3"
        },
        {
            "matrix": [
                0.9976285696029664,
                9.42837252498538e-14,
                0.0688275620341301,
                0.0,
                6.563914922708136e-8,
                1.0,
                -9.51415131567046e-7,
                0.0,
                -0.0688275620341301,
                9.536767038298422e-7,
                0.9976285696029664,
                0.0,
                0.2508698999881745,
                2.5398703584755826e-8,
                -3.875735217206966e-7,
                1.0
            ],
            "name": "Hair4"
        },
        {
            "children": [
                57
            ],
            "matrix": [
                -0.1528545469045639,
                -0.006970460992306471,
                0.9882240891456604,
                0.0,
                -0.001078965375199914,
                -0.9999733567237854,
                -0.007220224477350712,
                0.0,
                0.9882481098175048,
                -0.002169903833419085,
                0.1528429538011551,
                0.0,
                0.48735004663467409,
                -0.22116464376449586,
                0.05921206995844841,
                1.0
            ],
            "name": "LShoulder"
        },
        {
            "children": [
                61,
                58
            ],
            "matrix": [
                0.9455121159553528,
                -0.0072958883829414848,
                0.3255051374435425,
                0.0,
                0.006969398818910122,
                0.9999733567237854,
                0.002169068669900298,
                0.0,
                -0.3255122900009155,
                0.00021769420709460976,
                0.945537805557251,
                0.0,
                0.215733140707016,
                -2.422331846219095e-8,
                0.0,
                1.0
            ],
            "name": "LArm"
        },
        {
            "children": [
                59
            ],
            "matrix": [
                -0.177726611495018,
                0.2147238403558731,
                -0.9603680968284608,
                0.0,
                -0.14461565017700196,
                -0.9710082411766052,
                -0.1903401017189026,
                0.0,
                -0.9733958840370178,
                0.10505576431751253,
                0.20362642407417298,
                0.0,
                0.15936750173568726,
                0.0647592544555664,
                -0.14235450327396394,
                1.0
            ],
            "name": "LTailA1"
        },
        {
            "children": [
                60
            ],
            "matrix": [
                1.0,
                0.0,
                0.0,
                0.0,
                0.0,
                1.0,
                0.0,
                0.0,
                0.0,
                0.0,
                1.0,
                0.0,
                0.09274663031101228,
                -2.422331846219095e-8,
                0.0,
                1.0
            ],
            "name": "LTailA2"
        },
        {
            "matrix": [
                1.0,
                0.0,
                0.0,
                0.0,
                0.0,
                1.0,
                0.0,
                0.0,
                0.0,
                0.0,
                1.0,
                0.0,
                0.10120037943124773,
                -2.422331846219095e-8,
                0.0,
                1.0
            ],
            "name": "LTailA3"
        },
        {
            "children": [
                62
            ],
            "matrix": [
                0.991120457649231,
                -2.366922304854191e-13,
                -0.1329670250415802,
                0.0,
                2.1981547170587399e-13,
                1.0,
                -1.416037426205108e-13,
                0.0,
                0.1329670250415802,
                1.1111815271082696e-13,
                0.991120457649231,
                0.0,
                0.5297271609306336,
                -4.844669021508708e-8,
                7.266990564858135e-8,
                1.0
            ],
            "name": "LForeArm"
        },
        {
            "matrix": [
                -0.07466766238212586,
                -0.000001050327568918874,
                0.9972084760665894,
                0.0,
                -2.770202911506203e-7,
                1.0,
                0.000001032525460686884,
                0.0,
                -0.9972084760665894,
                -1.991507332377296e-7,
                -0.07466766238212586,
                0.0,
                0.4180537760257721,
                7.266990564858135e-8,
                -2.422331846219095e-8,
                1.0
            ],
            "name": "LHand"
        }
    ],
    "meshes": [
        {
            "primitives": [
                {
                    "attributes": {
                        "JOINTS_0": 1,
                        "NORMAL": 2,
                        "POSITION": 3,
                        "TEXCOORD_0": 4,
                        "WEIGHTS_0": 5
                    },
                    "indices": 0,
                    "mode": 4,
                    "material": 0
                },
                {
                    "attributes": {
                        "JOINTS_0": 7,
                        "NORMAL": 8,
                        "POSITION": 9,
                        "TEXCOORD_0": 10,
                        "WEIGHTS_0": 11
                    },
                    "indices": 6,
                    "mode": 4,
                    "material": 1
                },
                {
                    "attributes": {
                        "JOINTS_0": 13,
                        "NORMAL": 14,
                        "POSITION": 15,
                        "TEXCOORD_0": 16,
                        "WEIGHTS_0": 17
                    },
                    "indices": 12,
                    "mode": 4,
                    "material": 2
                },
                {
                    "attributes": {
                        "JOINTS_0": 19,
                        "NORMAL": 20,
                        "POSITION": 21,
                        "TEXCOORD_0": 22,
                        "WEIGHTS_0": 23
                    },
                    "indices": 18,
                    "mode": 4,
                    "material": 3
                },
                {
                    "attributes": {
                        "JOINTS_0": 25,
                        "NORMAL": 26,
                        "POSITION": 27,
                        "TEXCOORD_0": 28,
                        "WEIGHTS_0": 29
                    },
                    "indices": 24,
                    "mode": 4,
                    "material": 4
                },
                {
                    "attributes": {
                        "JOINTS_0": 31,
                        "NORMAL": 32,
                        "POSITION": 33,
                        "TEXCOORD_0": 34,
                        "WEIGHTS_0": 35
                    },
                    "indices": 30,
                    "mode": 4,
                    "material": 5
                },
                {
                    "attributes": {
                        "JOINTS_0": 37,
                        "NORMAL": 38,
                        "POSITION": 39,
                        "TEXCOORD_0": 40,
                        "WEIGHTS_0": 41
                    },
                    "indices": 36,
                    "mode": 4,
                    "material": 6
                },
                {
                    "attributes": {
                        "JOINTS_0": 43,
                        "NORMAL": 44,
                        "POSITION": 45,
                        "TEXCOORD_0": 46,
                        "WEIGHTS_0": 47
                    },
                    "indices": 42,
                    "mode": 4,
                    "material": 7
                },
                {
                    "attributes": {
                        "JOINTS_0": 49,
                        "NORMAL": 50,
                        "POSITION": 51,
                        "TEXCOORD_0": 52,
