{
    "asset": {
        "generator": "COLLADA2GLTF",
        "version": "2.0"
    },
    "scenes": [
        {
            "nodes": [
                0
            ]
        }
    ],
    "scene": 0,
    "nodes": [
        {
            "children": [
                19,
                1
            ],
            "matrix": [
                1.0,
                0.0,
                0.0,
                0.0,
                0.0,
                0.0,
                -1.0,
                0.0,
                0.0,
                1.0,
                0.0,
                0.0,
                0.0,
                0.0,
                0.0,
                1.0
            ],
            "name": "Z_UP"
        },
        {
            "mesh": 0,
            "skin": 0,
            "name": "Persian"
        },
        {
            "children": [
                14,
                9,
                3
            ],
            "matrix": [
                -0.983387529850006,
                -0.000003595881253204425,
                0.18151850998401646,
                0.0,
                0.000003299699301351211,
                -1.0,
                -0.000001933677367560449,
                0.0,
                0.18151850998401646,
                -0.0000013025977523284385,
                0.983387529850006,
                0.0,
                0.0,
                0.0,
                0.0,
                1.0
            ],
            "name": "_04_Hips"
        },
        {
            "children": [
                4
            ],
            "matrix": [
                1.0,
                1.496070041184794e-7,
                -0.000007287139851541724,
                0.0,
                1.496070041184794e-7,
                -1.0,
                -9.033828546334276e-11,
                0.0,
                -0.000007287139851541724,
                8.924808114763039e-11,
                -1.0,
                0.0,
                0.6003493070602417,
                -8.16775070688891e-7,
                -0.153184249997139,
                1.0
            ],
            "name": "_22_Tail1"
        },
        {
            "children": [
                5
            ],
            "matrix": [
                1.0,
                0.0,
                0.0,
                0.0,
                0.0,
                1.0,
                0.0,
                0.0,
                0.0,
                0.0,
                1.0,
                0.0,
                0.3618839681148529,
                -3.696182357577904e-13,
                0.0,
                1.0
            ],
            "name": "_23_Tail2"
        },
        {
            "children": [
                6
            ],
            "matrix": [
                1.0,
                0.0,
                0.0,
                0.0,
                0.0,
                1.0,
                0.0,
                0.0,
                0.0,
                0.0,
                1.0,
                0.0,
                0.5066743493080139,
                -1.8480938892943836e-13,
                0.0,
                1.0
            ],
            "name": "_24_Tail3"
        },
        {
            "children": [
                7
            ],
            "matrix": [
                1.0,
                0.0,
                0.0,
                0.0,
                0.0,
                1.0,
                0.0,
                0.0,
                0.0,
                0.0,
                1.0,
                0.0,
                0.4831029176712036,
                9.240468633320289e-13,
                0.0,
                1.0
            ],
            "name": "_25_Tail4"
        },
        {
            "children": [
                8
            ],
            "matrix": [
                1.0,
                0.0,
                0.0,
                0.0,
                0.0,
                1.0,
                0.0,
                0.0,
                0.0,
                0.0,
                1.0,
                0.0,
                0.5233591198921204,
                -1.2936651532999277e-12,
                -3.875735217206966e-7,
                1.0
            ],
            "name": "_26_Tail5"
        },
        {
            "matrix": [
                1.0,
                0.0,
                0.0,
                0.0,
                0.0,
                1.0,
                0.0,
                0.0,
                0.0,
                0.0,
                1.0,
                0.0,
                0.33723071217536929,
                3.141751398968995e-12,
                0.0,
                1.0
            ],
            "name": "_27_Tail6"
        },
        {
            "children": [
                10
            ],
            "matrix": [
                0.06832139939069748,
                -0.0000017266395389015088,
                0.9976633787155153,
                0.0,
                0.0000012858847640018212,
                1.0,
                0.0000016426242837042085,
                0.0,
                -0.9976633787155153,
                0.0000011706537179634325,
                0.06832139939069748,
                0.0,
                0.40921688079833987,
                -0.3509644865989685,
                0.12381841987371444,
                1.0
            ],
            "name": "_14_RThigh"
        },
        {
            "children": [
                11
            ],
            "matrix": [
                0.7927372455596924,
                3.071273368959737e-8,
                -0.6095635294914246,
                0.0,
                -1.92268529985995e-8,
                1.0,
                2.5380279211617567e-8,
                0.0,
                0.6095635294914246,
                -8.399902995392951e-9,
                0.7927372455596924,
                0.0,
                0.5607835054397583,
                2.422331846219095e-8,
                -0.0000016956329318418285,
                1.0
            ],
            "name": "_15_RLeg"
        },
        {
            "children": [
                12
            ],
            "matrix": [
                -0.6622917652130127,
                0.00000978965272224741,
                0.7492460608482361,
                0.0,
                0.000920099497307092,
                0.9999992847442628,
                0.0008002506801858544,
                0.0,
                -0.7492454648017883,
                0.0012193802976980806,
                -0.6622912883758545,
                0.0,
                0.4861583113670349,
                2.422331846219095e-8,
                7.751470434413932e-7,
                1.0
            ],
            "name": "_16_RFoot"
        },
        {
            "children": [
                13
            ],
            "matrix": [
                1.0,
                0.0,
                0.0,
                0.0,
                0.0,
                1.0,
                0.0,
                0.0,
                0.0,
                0.0,
                1.0,
                0.0,
                0.047170188277959827,
                7.266990564858135e-8,
                -0.7187260389328003,
                1.0
            ],
            "name": "_18_RToe1"
        },
        {
            "matrix": [
                1.0,
                0.0,
                0.0,
                0.0,
                0.0,
                1.0,
                0.0,
                0.0,
                0.0,
                0.0,
                1.0,
                0.0,
                0.17033743858337406,
                -4.844669021508708e-8,
                -0.013818100094795229,
                1.0
            ],
            "name": "_20_RToe2"
        },
        {
            "children": [
                15
            ],
            "matrix": [
                0.06832139939069748,
                -0.0000017266395389015088,
                0.9976633787155153,
                0.0,
                0.0000012858847640018212,
                1.0,
                0.0000016426242837042085,
                0.0,
                -0.9976633787155153,
                0.0000011706537179634325,
                0.06832139939069748,
                0.0,
                0.4092193841934204,
                0.3509644865989685,
                0.12381841987371444,
                1.0
            ],
            "name": "_06_LThigh"
        },
        {
            "children": [
                16
            ],
            "matrix": [
                0.7927372455596924,
                3.071273368959737e-8,
                -0.6095635294914246,
                0.0,
                -1.92268529985995e-8,
                1.0,
                2.5380279211617567e-8,
                0.0,
                0.6095635294914246,
                -8.399902995392951e-9,
                0.7927372455596924,
                0.0,
                0.5607811808586121,
                2.422331846219095e-8,
                -2.422331988327642e-7,
                1.0
            ],
            "name": "_07_LLeg"
        },
        {
            "children": [
                17
            ],
            "matrix": [
                -0.6622917652130127,
                0.00000978965272224741,
                0.7492460608482361,
                0.0,
                0.000920099497307092,
                0.9999992847442628,
                0.0008002506801858544,
                0.0,
                -0.7492454648017883,
                0.0012193802976980806,
                -0.6622912883758545,
                0.0,
                0.4861608147621155,
                2.422331846219095e-8,
                0.0,
                1.0
            ],
            "name": "_08_LFoot"
        },
        {
            "children": [
                18
            ],
            "matrix": [
                1.0,
                -9.536745437799257e-7,
                4.768366466123553e-7,
                0.0,
                9.53091557676089e-7,
                0.999999225139618,
                0.0012210628483444453,
                0.0,
                -4.780007998306246e-7,
                -0.0012210628483444453,
                0.999999225139618,
                0.0,
                0.04717183858156204,
                7.266990564858135e-8,
                -0.7187260389328003,
                1.0
            ],
            "name": "_10_LToe1"
        },
        {
            "matrix": [
                1.0,
                0.0,
                0.0,
                0.0,
                0.0,
                1.0,
                0.0,
                0.0,
                0.0,
                0.0,
                1.0,
                0.0,
                0.17033621668815614,
                -4.844669021508708e-8,
                -0.013818341307342053,
                1.0
            ],
            "name": "_12_LToe2"
        },
        {
            "children": [
                20
            ],
            "matrix": [
                1.0,
                -0.0,
                0.0,
                0.0,
                0.0,
                4.4896641959724089e-11,
                1.0,
                0.0,
                -0.0,
                -1.0,
                4.4896641959724089e-11,
                0.0,
                0.0,
                0.0,
                0.0,
                1.0
            ],
            "name": "_01_pm0053_00"
        },
        {
            "children": [
                21
            ],
            "name": "_02_Origin"
        },
        {
            "children": [
                2,
                22
            ],
            "matrix": [
                -8.950852361522266e-7,
                -0.181515708565712,
                0.9833880662918092,
                0.0,
                -1.0,
                0.0000010694768661778654,
                -7.127993626454554e-7,
                0.0,
                -9.22326535146567e-7,
                -0.9833880662918092,
                -0.181515708565712,
                0.0,
                0.0,
                1.889259696006775,
                -0.257413774728775,
                1.0
            ],
            "name": "_03_Waist"
        },
        {
            "children": [
                23
            ],
            "name": "_29_Spine1"
        },
        {
            "children": [
                46,
                29,
                24
            ],
            "matrix": [
                0.9808319211006165,
                5.233659371769312e-14,
                -0.19485563039779664,
                0.0,
                -1.858286964306899e-7,
                1.0,
                -9.353933592137764e-7,
                0.0,
                0.19485563039779664,
                9.536734637549672e-7,
                0.9808319211006165,
                0.0,
                0.4637328684329987,
                0.0,
                0.0,
                1.0
            ],
            "name": "_30_Spine2"
        },
        {
            "children": [
                25
            ],
            "matrix": [
                -0.13672009110450746,
                0.5723692774772644,
                0.8085178136825562,
                0.0,
                -0.007842404767870903,
                -0.8167818188667297,
                0.5768933892250061,
                0.0,
                0.9905786514282228,
                0.07253219187259674,
                0.11615922302007677,
                0.0,
                0.7159526348114014,
                0.12786056101322178,
                0.03860286995768547,
                1.0
            ],
            "name": "_65_RShoulder"
        },
        {
            "children": [
                26
            ],
            "matrix": [
                0.8182916641235352,
                0.5746410489082336,
                0.013653784058988096,
                0.0,
                -0.5723699331283569,
                0.8167810440063477,
                -0.07253509759902954,
                0.0,
                -0.05283379554748535,
                0.05153984948992729,
                0.9972723722457886,
                0.0,
                0.3240758180618286,
                -8.720404593987041e-7,
                -7.266990564858133e-7,
                1.0
            ],
            "name": "_66_RArm"
        },
        {
            "children": [
                27
            ],
            "matrix": [
                0.9612259864807128,
                1.2216922216706436e-14,
                0.27576184272766116,
                0.0,
                -9.118107158201385e-9,
                1.0,
                3.178304197604121e-8,
                0.0,
                -0.27576184272766116,
                -3.306511331402362e-8,
                0.9612259864807128,
                0.0,
                0.7131558060646057,
                -2.422331846219095e-8,
                0.0000015987394590410989,
                1.0
            ],
            "name": "_67_RForeArm"
        },
        {
            "children": [
                28
            ],
            "matrix": [
                0.18878649175167085,
                -3.538918065260077e-7,
                0.9820181727409364,
                0.0,
                0.017357638105750085,
                0.9998437762260436,
                -0.0033365306444466116,
                0.0,
                -0.9818647503852844,
                0.017675407230854036,
                0.1887570023536682,
                0.0,
                0.6742836236953735,
                4.844669021508708e-8,
                7.751470434413932e-7,
                1.0
            ],
            "name": "_68_RHand"
        },
        {
            "matrix": [
                1.0,
                0.0,
                0.0,
                0.0,
                0.0,
                1.0,
                0.0,
                0.0,
                0.0,
                0.0,
                1.0,
                0.0,
                0.167919397354126,
                -2.422331846219095e-8,
                -0.01848867349326611,
                1.0
            ],
            "name": "_70_RFinger"
        },
        {
            "children": [
                30
            ],
            "matrix": [
                0.92333722114563,
                2.493692079497123e-7,
                -0.3839901387691498,
                0.0,
                0.0000010421091474199785,
                1.0,
                0.0000031552565360470909,
                0.0,
                0.3839901387691498,
                -0.000003313525439807563,
                0.92333722114563,
                0.0,
                0.9159722924232484,
                -7.392364715155808e-13,
                0.0,
                1.0
            ],
            "name": "_38_Neck"
        },
        {
            "children": [
                45,
                44,
                42,
                40,
                38,
                37,
                35,
                33,
                31
            ],
            "matrix": [
                0.9611464142799376,
                9.335450812386625e-8,
                0.27603915333747866,
                0.0,
                -6.51586844924168e-7,
                1.0,
                0.0000019305805381009124,
                0.0,
                -0.27603915333747866,
                -0.0000020354339085315589,
                0.9611464142799376,
                0.0,
                0.4591834843158722,
                -5.544286817843469e-13,
                -3.875735217206966e-7,
                1.0
            ],
            "name": "_39_Head"
        },
        {
            "children": [
                32
            ],
            "matrix": [
                -0.5681862235069275,
                0.810592770576477,
                -0.14178763329982758,
                0.0,
                -0.16901877522468568,
                0.05367208644747734,
                0.9841503500938416,
                0.0,
                0.8053552508354187,
                0.5831454396247864,
                0.10650966316461565,
                0.0,
                0.3736644685268402,
                0.3352368175983429,
                0.17070254683494569,
                1.0
            ],
            "name": "_62_RFeelerC1"
        },
        {
            "matrix": [
                0.9902780055999756,
                0.1077175959944725,
                -0.08801347762346268,
                0.0,
                -0.10813728719949722,
                0.9941359758377076,
                -4.72844618570889e-7,
                0.0,
                0.08749731630086899,
                0.009518006816506386,
                0.996119260787964,
                0.0,
                0.12352487444877625,
                -7.751470434413932e-7,
                -0.0000013565073686550025,
                1.0
            ],
            "name": "_63_RFeelerC2"
        },
        {
            "children": [
                34
            ],
            "matrix": [
                -0.5555534958839417,
                0.8291719555854797,
                0.06192043796181679,
                0.0,
                -0.05463269352912903,
                -0.11071059852838516,
                0.9923499822616576,
                0.0,
                0.8296840190887451,
                0.5479205846786499,
                0.10680555552244188,
                0.0,
                0.3719172179698944,
                0.28907737135887148,
                0.24642837047576905,
                1.0
            ],
            "name": "_59_RFeelerB1"
        },
        {
            "matrix": [
                0.9941025972366332,
                0.10502853989601137,
                -0.02700033038854599,
                0.0,
                -0.10506684333086014,
                0.994465172290802,
                -1.4332755426949008e-8,
                0.0,
                0.026850886642932893,
                0.00283685396425426,
                0.9996353983879088,
                0.0,
                0.15047606825828553,
                -3.875735217206966e-7,
                9.689338185125962e-7,
                1.0
            ],
            "name": "_60_RFeelerB2"
        },
        {
            "children": [
                36
            ],
            "matrix": [
                -0.596246063709259,
                0.7301374673843384,
                0.33375129103660586,
                0.0,
                -0.14043892920017246,
                -0.5041863322257996,
                0.8520991802215576,
                0.0,
                0.7904223799705505,
                0.4611890912055969,
                0.4031588435173035,
                0.0,
                0.33683979511260989,
                0.25757378339767458,
                0.3051474690437317,
                1.0
            ],
            "name": "_56_RFeelerA1"
        },
        {
            "matrix": [
                0.9859538674354552,
                0.1341827362775803,
                -0.0994480922818184,
                0.0,
                -0.13452166318893434,
                0.9909051060676576,
                0.0033202667254954578,
                0.0,
                0.09898914396762848,
                0.010104293003678322,
                0.9950371980667114,
                0.0,
                0.17432743310928346,
                -3.875735217206966e-7,
                4.844669092562981e-7,
                1.0
            ],
            "name": "_57_RFeelerA2"
        },
        {
            "matrix": [
                -0.04272257909178734,
                0.690724790096283,
                -0.721854567527771,
                0.0,
                0.27052393555641177,
                0.7035214900970459,
                0.6571714878082275,
                0.0,
                0.9617648124694824,
                -0.1672028750181198,
                -0.2169138342142105,
                0.0,
                0.2596644461154938,
                0.12236832827329636,
                -0.21363094449043278,
                1.0
            ],
            "name": "_54_REar"
        },
        {
            "children": [
                39
            ],
            "matrix": [
                -0.5682023763656616,
                -0.8105822205543518,
                -0.1417834609746933,
                0.0,
                0.1690183132886887,
                0.05366477370262146,
                -0.9841508269309998,
                0.0,
                0.8053439855575562,
                -0.5831608176231384,
                0.10651078820228577,
                0.0,
                0.37365761399269106,
                -0.33524441719055178,
                0.17070402204990388,
                1.0
            ],
            "name": "_51_LFeelerC1"
        },
        {
            "matrix": [
                0.9902780652046204,
                -0.1077173426747322,
                -0.0880131796002388,
                0.0,
                0.10813700407743454,
                0.9941359758377076,
                1.657798094356622e-7,
                0.0,
                0.0874970555305481,
                -0.009517645463347437,
                0.9961193203926086,
                0.0,
                0.12352454662322998,
                1.9378650506496346e-7,
                0.0,
                1.0
            ],
            "name": "_52_LFeelerC2"
        },
        {
            "children": [
                41
            ],
            "matrix": [
                -0.5555781126022339,
                -0.8291550874710083,
                0.06192570924758911,
                0.0,
                0.05462642014026642,
                -0.1107165589928627,
                -0.9923496246337892,
                0.0,
                0.8296679258346558,
                -0.547944962978363,
                0.1068054735660553,
                0.0,
                0.3719121217727661,
                -0.28908246755599978,
                0.24642962217330936,
                1.0
            ],
            "name": "_48_LFeelerB1"
        },
        {
            "matrix": [
                0.994102656841278,
                -0.10502826422452928,
                -0.02700039930641651,
                0.0,
                0.10506657510995864,
                0.994465172290802,
                1.0144112216892154e-8,
                0.0,
                0.026850957423448564,
                -0.0028368495404720308,
                0.9996353983879088,
                0.0,
                0.15047599375247956,
                0.0,
                -3.875735217206966e-7,
                1.0
            ],
            "name": "_49_LFeelerB2"
        },
        {
            "children": [
                43
            ],
            "matrix": [
                -0.5962666273117065,
                -0.7301190495491028,
                0.33375489711761477,
                0.0,
                0.140429824590683,
                -0.5041974782943726,
                -0.8520941138267517,
                0.0,
                0.7904084920883179,
                -0.4612061381340027,
                0.4031666219234467,
                0.0,
                0.3368316888809204,
                -0.2575813829898834,
                0.30515027046203616,
                1.0
            ],
            "name": "_45_LFeelerA1"
        },
        {
            "matrix": [
                0.9859538078308106,
                -0.13418333232402802,
                -0.09944827854633333,
                0.0,
                0.13452231884002686,
                0.990904986858368,
                -0.0033198490273207428,
                0.0,
                0.09898926317691805,
                -0.01010479498654604,
                0.9950371980667114,
                0.0,
                0.17432637512683869,
                -3.875735217206966e-7,
                2.906801341850951e-7,
                1.0
            ],
            "name": "_46_LFeelerA2"
        },
        {
            "matrix": [
                -0.04273752123117447,
                -0.6907283067703247,
                -0.7218503355979919,
                0.0,
                -0.2705115973949433,
                0.703522801399231,
                -0.6571751236915588,
                0.0,
                0.9617676138877868,
                0.16718286275863648,
                -0.21691684424877168,
                0.0,
                0.2596641778945923,
                -0.12237539142370224,
                -0.2136295884847641,
                1.0
            ],
            "name": "_43_LEar"
        },
        {
            "matrix": [
                0.6392362117767334,
                7.028385340390743e-8,
                0.7690104246139526,
                0.0,
                2.567427372923703e-7,
                1.0,
                -3.048113512704731e-7,
                0.0,
                -0.7690104246139526,
                3.9228430637194835e-7,
                0.6392362117767334,
                0.0,
                0.4076626002788544,
                -2.990494465393567e-7,
                0.2048969864845276,
                1.0
            ],
            "name": "_41_Jaw"
        },
        {
            "children": [
                47
            ],
            "matrix": [
                -0.1367201954126358,
                -0.572371244430542,
                0.8085163831710815,
                0.0,
                0.007842902094125748,
                -0.8167803883552551,
                -0.5768953561782837,
                0.0,
                0.9905786514282228,
                -0.07253213226795197,
                0.11615942418575288,
                0.0,
                0.7159520983695984,
                -0.12786057591438294,
                0.038603655993938449,
                1.0
            ],
            "name": "_31_LShoulder"
        },
        {
            "children": [
                48
            ],
            "matrix": [
                0.8182917833328247,
                -0.5746409296989441,
                0.013653814792633057,
                0.0,
                0.5723698139190674,
                0.8167811632156372,
                0.07253476977348328,
                0.0,
                -0.05283362418413162,
                -0.05153957009315491,
                0.9972724318504334,
                0.0,
                0.3240760564804077,
                0.0,
                -4.844669021508708e-8,
                1.0
            ],
            "name": "_32_LArm"
        },
        {
            "children": [
                49
            ],
            "matrix": [
                0.9612259864807128,
                5.104197839671428e-14,
                0.27576184272766116,
                0.0,
                -9.373589904271285e-9,
                1.0,
                3.26734372890769e-8,
                0.0,
                -0.27576184272766116,
                -3.3991437220493029e-8,
                0.9612259864807128,
                0.0,
                0.7131558060646057,
                0.0,
                -1.4534006709254758e-7,
                1.0
            ],
            "name": "_33_LForeArm"
        },
        {
            "children": [
                50
            ],
            "matrix": [
                0.18878696858882905,
                0.000004841075678996276,
                0.9820180535316468,
                0.0,
                -0.006733151152729988,
                0.9999765157699584,
                0.0012894775718450549,
                0.0,
                -0.9819949865341188,
                -0.006855512503534556,
                0.1887825578451157,
                0.0,
                0.6742861866950989,
                2.422331846219095e-8,
                9.689338043017418e-8,
                1.0
            ],
            "name": "_34_LHand"
        },
        {
            "matrix": [
                1.0,
                0.0,
                0.0,
                0.0,
                0.0,
                1.0,
                0.0,
                0.0,
                0.0,
                0.0,
                1.0,
                0.0,
                0.1679208427667618,
                -4.844669021508708e-8,
                -0.01848862506449223,
                1.0
            ],
            "name": "_36_LFinger"
        }
    ],
    "meshes": [
        {
            "primitives": [
                {
                    "attributes": {
                        "COLOR_0": 1,
                        "JOINTS_0": 2,
                        "NORMAL": 3,
                        "POSITION": 4,
                        "TEXCOORD_0": 5,
                        "WEIGHTS_0": 6
                    },
                    "indices": 0,
                    "mode": 4,
                    "material": 0
                },
                {
                    "attributes": {
                        "COLOR_0": 8,
                        "JOINTS_0": 9,
                        "NORMAL": 10,
                        "POSITION": 11,
                        "TEXCOORD_0": 12,
                        "WEIGHTS_0": 13
                    },
                    "indices": 7,
                    "mode": 4,
                    "material": 1
                },
                {
                    "attributes": {
                        "COLOR_0": 15,
                        "JOINTS_0": 16,
                        "NORMAL": 17,
                        "POSITION": 18,
                        "TEXCOORD_0": 19,
                        "WEIGHTS_0": 20
                    },
                    "indices": 14,
                    "mode": 4,
                    "material": 2
                }
            ],
            "name": "Persian"
        }
    ],
    "skins": [
        {
            "inverseBindMatrices": 21,
            "skeleton": 2,
            "joints": [
                30,
                2,
                22,
                23,
                46,
                24,
                47,
                29,
                25,
                26,
                48,
                45,
                27,
                28,
                50,
                49,
                9,
                14,
                15,
                10,
                3,
                11,
                16,
                17,
                18,
                4,
                5,
                6,
                7,
                8,
                35,
                36,
                33,
                34,
                31,
                32,
                42,
                43,
                40,
                41,
                38,
                39,
                13,
                12,
                37,
                44
            ],
            "name": "geom-Persian-skin1"
        }
    ],
    "accessors": [
        {
            "bufferView": 0,
            "byteOffset": 0,
            "componentType": 5123,
            "count": 408,
            "max": [
                85
            ],
            "min": [
                0
            ],
            "type": "SCALAR"
        },
        {
            "bufferView": 1,
            "byteOffset": 0,
            "componentType": 5126,
            "count": 86,
            "max": [
                1.0,
                1.0,
                1.0
            ],
            "min": [
                1.0,
                1.0,
                1.0
            ],
            "type": "VEC3"
        },
        {
            "bufferView": 2,
            "byteOffset": 0,
            "componentType": 5123,
            "count": 86,
            "max": [
                0,
                0,
                0,
                0
            ],
            "min": [
                0,
                0,
                0,
                0
            ],
            "type": "VEC4"
        },
        {
            "bufferView": 1,
            "byteOffset": 1032,
            "componentType": 5126,
            "count": 86,
            "max": [
                0.9377161264419556,
                0.5041670799255371,
                0.953624427318573
            ],
            "min": [
                -0.93771630525589,
                -0.14506720006465913,
                0.3266105055809021
            ],
            "type": "VEC3"
        },
        {
            "bufferView": 1,
            "byteOffset": 2064,
            "componentType": 5126,
            "count": 86,
            "max": [
                0.3177362084388733,
                2.180104970932007,
                2.258106231689453
            ],
            "min": [
                -0.3177362084388733,
                1.8461815118789673,
                1.9842607975006104
            ],
            "type": "VEC3"
        },
        {
            "bufferView": 2,
            "byteOffset": 688,
            "componentType": 5126,
            "count": 86,
            "max": [
                0.5038080811500549,
                0.2150081992149353
            ],
            "min": [
                0.016064800322055818,
                0.05058819055557251
            ],
            "type": "VEC2"
        },
        {
            "bufferView": 3,
            "byteOffset": 0,
            "componentType": 5126,
            "count": 86,
            "max": [
                1.0,
                0.0,
                0.0,
                0.0
            ],
            "min": [
                1.0,
                0.0,
                0.0,
                0.0
            ],
            "type": "VEC4"
        },
        {
            "bufferView": 0,
            "byteOffset": 816,
            "componentType": 5123,
            "count": 14544,
            "max": [
                3294
            ],
            "min": [
                0
            ],
            "type": "SCALAR"
        },
        {
            "bufferView": 1,
            "byteOffset": 3096,
            "componentType": 5126,
            "count": 3295,
            "max": [
                1.0,
                1.0,
                1.0
            ],
            "min": [
                1.0,
                1.0,
                1.0
            ],
            "type": "VEC3"
        },
        {
            "bufferView": 2,
            "byteOffset": 1376,
            "componentType": 5123,
            "count": 3295,
            "max": [
                42,
                45,
                45,
                29
            ],
            "min": [
                0,
                0,
                0,
                0
            ],
            "type": "VEC4"
        },
        {
            "bufferView": 1,
            "byteOffset": 42636,
            "componentType": 5126,
            "count": 3295,
            "max": [
                0.9999551773071288,
                0.9999806880950928,
                0.999273419380188
            ],
            "min": [
                -0.9999551773071288,
                -1.0,
                -0.9999691843986512
            ],
            "type": "VEC3"
        },
        {
            "bufferView": 1,
            "byteOffset": 82176,
            "componentType": 5126,
            "count": 3295,
            "max": [
                0.6732648611068726,
                2.558262586593628,
                2.330298662185669
            ],
            "min": [
                -0.6732653379440308,
                -0.06212177127599716,
                -3.5256216526031496
            ],
            "type": "VEC3"
        },
        {
            "bufferView": 2,
            "byteOffset": 27736,
            "componentType": 5126,
            "count": 3295,
            "max": [
                0.996235728263855,
                0.9921875
            ],
            "min": [
                0.0,
                0.012220025062561036
            ],
            "type": "VEC2"
        },
        {
            "bufferView": 3,
            "byteOffset": 1376,
            "componentType": 5126,
            "count": 3295,
            "max": [
                1.0,
                0.9900000095367432,
                0.8199999928474426,
                0.6200000047683716
            ],
            "min": [
                0.009999999776482582,
                0.0,
                0.0,
                0.0
            ],
            "type": "VEC4"
        },
        {
            "bufferView": 0,
            "byteOffset": 29904,
            "componentType": 5123,
            "count": 408,
            "max": [
                85
            ],
            "min": [
                0
            ],
            "type": "SCALAR"
        },
        {
            "bufferView": 1,
            "byteOffset": 121716,
            "componentType": 5126,
            "count": 86,
            "max": [
                1.0,
                1.0,
                1.0
            ],
            "min": [
                1.0,
                1.0,
                1.0
            ],
            "type": "VEC3"
        },
        {
            "bufferView": 2,
            "byteOffset": 54096,
            "componentType": 5123,
            "count": 86,
            "max": [
                0,
                0,
                0,
                0
            ],
            "min": [
                0,
                0,
                0,
                0
            ],
            "type": "VEC4"
        },
        {
            "bufferView": 1,
            "byteOffset": 122748,
            "componentType": 5126,
            "count": 86,
            "max": [
                0.9256309866905212,
                0.3269351124763489,
                0.899030327796936
            ],
            "min": [
                -0.9256309866905212,
                -0.1450657993555069,
