{
    "asset": {
        "generator": "COLLADA2GLTF",
        "version": "2.0"
    },
    "scenes": [
        {
            "nodes": [
                0
            ]
        }
    ],
    "scene": 0,
    "nodes": [
        {
            "children": [
                37,
                1
            ],
            "matrix": [
                1.0,
                0.0,
                0.0,
                0.0,
                0.0,
                0.0,
                -1.0,
                0.0,
                0.0,
                1.0,
                0.0,
                0.0,
                0.0,
                0.0,
                0.0,
                1.0
            ],
            "name": "Z_UP"
        },
        {
            "mesh": 0,
            "skin": 0,
            "name": "Rapidash"
        },
        {
            "children": [
                27,
                17,
                6,
                3
            ],
            "matrix": [
                -0.9999929070472716,
                0.000002043497715931153,
                0.0037651038728654386,
                0.0,
                -0.0000959528551902622,
                -0.9996889233589172,
                -0.024942023679614068,
                0.0,
                0.003763881511986256,
                -0.02494220808148384,
                0.999681830406189,
                0.0,
                0.0,
                0.0,
                0.0,
                1.0
            ],
            "name": "Hips"
        },
        {
            "children": [
                4
            ],
            "matrix": [
                0.3686792552471161,
                0.023183079436421396,
                -0.9292675256729126,
                0.0,
                0.000002219344196419115,
                -0.999688982963562,
                -0.024939050897955896,
                0.0,
                -0.929556667804718,
                0.009192448109388352,
                -0.368564635515213,
                0.0,
                0.5151450037956238,
                -1.0294924379650185e-7,
                -0.40500783920288088,
                1.0
            ],
            "name": "TailH01"
        },
        {
            "children": [
                5
            ],
            "matrix": [
                1.0,
                0.0,
                0.0,
                0.0,
                0.0,
                1.0,
                0.0,
                0.0,
                0.0,
                0.0,
                1.0,
                0.0,
                0.2633599042892456,
                2.6494232585605464e-8,
                -1.9378650506496346e-7,
                1.0
            ],
            "name": "TailH02"
        },
        {
            "matrix": [
                1.0,
                0.0,
                0.0,
                0.0,
                0.0,
                1.0,
                0.0,
                0.0,
                0.0,
                0.0,
                1.0,
                0.0,
                0.2292584776878357,
                0.0,
                0.0,
                1.0
            ],
            "name": "TailH03"
        },
        {
            "children": [
                7
            ],
            "matrix": [
                0.81915283203125,
                0.014304516837000849,
                -0.5733969211578369,
                0.0,
                0.0000012881711199952406,
                -0.9996890425682068,
                -0.024937374517321588,
                0.0,
                -0.5735753178596497,
                0.02042678184807301,
                -0.8188981413841248,
                0.0,
                0.796150267124176,
                -6.055842760588348e-8,
                -0.07307267934083939,
                1.0
            ],
            "name": "TailB01"
        },
        {
            "children": [
                8
            ],
            "matrix": [
                1.0,
                0.0,
                0.0,
                0.0,
                0.0,
                1.0,
                0.0,
                0.0,
                0.0,
                0.0,
                1.0,
                0.0,
                0.4885817170143128,
                -2.573731094912546e-8,
                1.9378650506496346e-7,
                1.0
            ],
            "name": "TailB02"
        },
        {
            "children": [
                9
            ],
            "matrix": [
                1.0,
                0.0,
                0.0,
                0.0,
                0.0,
                1.0,
                0.0,
                0.0,
                0.0,
                0.0,
                1.0,
                0.0,
                0.5474716424942017,
                3.784904889503337e-10,
                9.689338043017418e-8,
                1.0
            ],
            "name": "TailB03"
        },
        {
            "children": [
                10
            ],
            "matrix": [
                1.0,
                0.0,
                0.0,
                0.0,
                0.0,
                1.0,
                0.0,
                0.0,
                0.0,
                0.0,
                1.0,
                0.0,
                0.5867316126823425,
                -2.5358801281072378e-8,
                3.875735217206966e-7,
                1.0
            ],
            "name": "TailB04"
        },
        {
            "children": [
                11
            ],
            "matrix": [
                1.0,
                0.0,
                0.0,
                0.0,
                0.0,
                1.0,
                0.0,
                0.0,
                0.0,
                0.0,
                1.0,
                0.0,
                0.6063617467880249,
                -2.5358801281072378e-8,
                -1.9378650506496346e-7,
                1.0
            ],
            "name": "TailB05"
        },
        {
            "children": [
                12
            ],
            "matrix": [
                1.0,
                0.0,
                0.0,
                0.0,
                0.0,
                1.0,
                0.0,
                0.0,
                0.0,
                0.0,
                1.0,
                0.0,
                0.6063615083694458,
                0.0,
                5.813602683701902e-7,
                1.0
            ],
            "name": "TailB06"
        },
        {
            "children": [
                13
            ],
            "matrix": [
                1.0,
                0.0,
                0.0,
                0.0,
                0.0,
                1.0,
                0.0,
                0.0,
                0.0,
                0.0,
                1.0,
                0.0,
                0.5867308378219605,
                0.0,
                -1.9378650506496346e-7,
                1.0
            ],
            "name": "TailB07"
        },
        {
            "children": [
                14
            ],
            "matrix": [
                1.0,
                0.0,
                0.0,
                0.0,
                0.0,
                1.0,
                0.0,
                0.0,
                0.0,
                0.0,
                1.0,
                0.0,
                0.5474721193313599,
                3.784904889503337e-10,
                1.9378650506496346e-7,
                1.0
            ],
            "name": "TailB08"
        },
        {
            "children": [
                15
            ],
            "matrix": [
                1.0,
                0.0,
                0.0,
                0.0,
                0.0,
                1.0,
                0.0,
                0.0,
                0.0,
                0.0,
                1.0,
                0.0,
                0.4885857701301575,
                0.0,
                5.813602683701902e-7,
                1.0
            ],
            "name": "TailB09"
        },
        {
            "children": [
                16
            ],
            "matrix": [
                1.0,
                0.0,
                0.0,
                0.0,
                0.0,
                1.0,
                0.0,
                0.0,
                0.0,
                0.0,
                1.0,
                0.0,
                0.3119142949581146,
                0.0,
                -3.875735217206966e-7,
                1.0
            ],
            "name": "TailB10"
        },
        {
            "matrix": [
                1.0,
                0.0,
                0.0,
                0.0,
                0.0,
                1.0,
                0.0,
                0.0,
                0.0,
                0.0,
                1.0,
                0.0,
                0.41006267070770266,
                0.0,
                1.9378650506496346e-7,
                1.0
            ],
            "name": "TailB11"
        },
        {
            "children": [
                18
            ],
            "matrix": [
                -0.17671875655651093,
                -0.06653347611427307,
                0.9820100665092468,
                0.0,
                0.000006918586677784333,
                0.9977126121520996,
                0.0675986036658287,
                0.0,
                -0.984261393547058,
                0.011952735483646393,
                -0.1763140708208084,
                0.0,
                0.5325084328651428,
                -0.2869135737419129,
                0.1602214127779007,
                1.0
            ],
            "name": "RThigh"
        },
        {
            "children": [
                19
            ],
            "matrix": [
                0.678573727607727,
                2.527885900605042e-9,
                -0.7345322966575623,
                0.0,
                -3.041205509646261e-9,
                1.0,
                6.31971808218168e-10,
                0.0,
                0.7345322966575623,
                1.8050243522083063e-9,
                0.678573727607727,
                0.0,
                0.6220564246177673,
                4.844669021508708e-8,
                0.0000014534006140820566,
                1.0
            ],
            "name": "RLeg"
        },
        {
            "children": [
                21,
                20
            ],
            "matrix": [
                -0.6030533909797669,
                -0.000003019195219167159,
                0.797700822353363,
                0.0,
                0.0006237535271793604,
                0.999999701976776,
                0.0004753358953166753,
                0.0,
                -0.7977005839347839,
                0.0007842216291464865,
                -0.6030531525611877,
                0.0,
                0.7735417485237122,
                -0.0000014534006140820566,
                -7.751470434413932e-7,
                1.0
            ],
            "name": "RFoot"
        },
        {
            "matrix": [
                1.0,
                -2.321493962776505e-13,
                -5.521901380291456e-15,
                0.0,
                2.321864217818409e-13,
                0.999220609664917,
                0.03947373107075691,
                0.0,
                -3.646204516837221e-15,
                -0.03947373107075691,
                0.999220609664917,
                0.0,
                0.07263907045125961,
                0.0000010658271776264885,
                -0.7999374270439148,
                1.0
            ],
            "name": "RToe"
        },
        {
            "children": [
                22
            ],
            "matrix": [
                -0.8910101652145386,
                -0.019743062555789949,
                0.45355382561683657,
                0.0,
                0.000006536298315040767,
                -0.999054491519928,
                -0.04347570240497589,
                0.0,
                0.453983336687088,
                -0.0387343280017376,
                0.8901678323745728,
                0.0,
                0.007079122122377157,
                0.03164365142583847,
                -0.6032096147537231,
                1.0
            ],
            "name": "RTailB01"
        },
        {
            "children": [
                23
            ],
            "matrix": [
                1.0,
                0.0,
                0.0,
                0.0,
                0.0,
                1.0,
                0.0,
                0.0,
                0.0,
                0.0,
                1.0,
                0.0,
                0.254063755273819,
                -4.844669021508708e-8,
                0.0000012838353313782137,
                1.0
            ],
            "name": "RTailB02"
        },
        {
            "children": [
                24
            ],
            "matrix": [
                1.0,
                0.0,
                0.0,
                0.0,
                0.0,
                1.0,
                0.0,
                0.0,
                0.0,
                0.0,
                1.0,
                0.0,
                0.4151480197906494,
                2.422331846219095e-8,
                -5.329123382580292e-7,
                1.0
            ],
            "name": "RTailB03"
        },
        {
            "children": [
                25
            ],
            "matrix": [
                1.0,
                0.0,
                0.0,
                0.0,
                0.0,
                1.0,
                0.0,
                0.0,
                0.0,
                0.0,
                1.0,
                0.0,
                0.3704948127269745,
                0.0,
                -4.844669021508708e-8,
                1.0
            ],
            "name": "RTailB04"
        },
        {
            "children": [
                26
            ],
            "matrix": [
                1.0,
                0.0,
                0.0,
                0.0,
                0.0,
                1.0,
                0.0,
                0.0,
                0.0,
                0.0,
                1.0,
                0.0,
                0.23652105033397678,
                0.0,
                3.391255631868262e-7,
                1.0
            ],
            "name": "RTailB05"
        },
        {
            "matrix": [
                1.0,
                0.0,
                0.0,
                0.0,
                0.0,
                1.0,
                0.0,
                0.0,
                0.0,
                0.0,
                1.0,
                0.0,
                0.3109541535377503,
                -2.422331846219095e-8,
                -9.689338043017418e-8,
                1.0
            ],
            "name": "RTailB06"
        },
        {
            "children": [
                28
            ],
            "matrix": [
                -0.17671756446361545,
                0.017482038587331773,
                0.9841063618659972,
                0.0,
                -0.000004877767423749901,
                0.9998422265052797,
                -0.017762452363967897,
                0.0,
                -0.9842615723609924,
                -0.003143737791106105,
                -0.17668960988521577,
                0.0,
                0.5325084328651428,
                0.28691333532333376,
                0.16022104024887086,
                1.0
            ],
            "name": "LThigh"
        },
        {
            "children": [
                29
            ],
            "matrix": [
                0.678573727607727,
                6.724734475938021e-7,
                -0.7345322966575623,
                0.0,
                -9.969128313969125e-7,
                1.0,
                -5.4529607496078828e-9,
                0.0,
                0.7345322966575623,
                7.359648748206382e-7,
                0.678573727607727,
                0.0,
                0.6220561861991882,
                -2.422331846219095e-8,
                1.9378650506496346e-7,
                1.0
            ],
            "name": "LLeg"
        },
        {
            "children": [
                31,
                30
            ],
            "matrix": [
                -0.6030551791191101,
                0.0000071922640927368779,
                0.797699511051178,
                0.0,
                0.005815982352942228,
                0.999973475933075,
                0.004387825261801481,
                0.0,
                -0.7976782917976379,
                0.007285506930202246,
                -0.6030392050743103,
                0.0,
                0.7735417485237122,
                -2.422331846219095e-8,
                0.0,
                1.0
            ],
            "name": "LFoot"
        },
        {
            "matrix": [
                1.0,
                -1.982302126266045e-13,
                1.1693105522476297e-13,
                0.0,
                2.0071670833645558e-13,
                0.9997653365135192,
                -0.021662449464201928,
                0.0,
                -1.126094592465536e-13,
                0.021662449464201928,
                0.9997653365135192,
                0.0,
                0.07263752073049545,
                2.422331846219095e-8,
                -0.7999351024627686,
                1.0
            ],
            "name": "LToe"
        },
        {
            "children": [
                32
            ],
            "matrix": [
                -0.8910096287727356,
                0.01608933880925179,
                0.45369917154312136,
                0.0,
                -0.000013723289157496766,
                -0.9993727207183838,
                0.03541337326169014,
                0.0,
                0.4539843797683716,
                0.0315474309027195,
                0.8904509544372559,
                0.0,
                0.0070789288729429249,
                -0.03164151683449745,
                -0.6032070517539978,
                1.0
            ],
            "name": "LTailB01"
        },
        {
            "children": [
                33
            ],
            "matrix": [
                1.0,
                0.0,
                0.0,
                0.0,
                0.0,
                1.0,
                0.0,
                0.0,
                0.0,
                0.0,
                1.0,
                0.0,
                0.2540632486343384,
                -2.422331846219095e-8,
                0.0,
                1.0
            ],
            "name": "LTailB02"
        },
        {
            "children": [
                34
            ],
            "matrix": [
                1.0,
                0.0,
                0.0,
                0.0,
                0.0,
                1.0,
                0.0,
                0.0,
                0.0,
                0.0,
                1.0,
                0.0,
                0.41515052318573,
                -2.422331846219095e-8,
                4.844669021508708e-8,
                1.0
            ],
            "name": "LTailB03"
        },
        {
            "children": [
                35
            ],
            "matrix": [
                1.0,
                0.0,
                0.0,
                0.0,
                0.0,
                1.0,
                0.0,
                0.0,
                0.0,
                0.0,
                1.0,
                0.0,
                0.370494544506073,
                2.422331846219095e-8,
                -2.906801341850951e-7,
                1.0
            ],
            "name": "LTailB04"
        },
        {
            "children": [
                36
            ],
            "matrix": [
                1.0,
                0.0,
                0.0,
                0.0,
                0.0,
                1.0,
                0.0,
                0.0,
                0.0,
                0.0,
                1.0,
                0.0,
                0.23652508854866029,
                2.422331846219095e-8,
                9.689338043017418e-8,
                1.0
            ],
            "name": "LTailB05"
        },
        {
            "matrix": [
                1.0,
                0.0,
                0.0,
                0.0,
                0.0,
                1.0,
                0.0,
                0.0,
                0.0,
                0.0,
                1.0,
                0.0,
                0.3109518587589264,
                -4.844669021508708e-8,
                1.9378650506496346e-7,
                1.0
            ],
            "name": "LTailB06"
        },
        {
            "children": [
                38
            ],
            "matrix": [
                1.0,
                -0.0,
                0.0,
                0.0,
                0.0,
                3.995190525074577e-7,
                1.0,
                0.0,
                -0.0,
                -1.0,
                3.995190525074577e-7,
                0.0,
                0.0,
                0.0,
                0.0,
                1.0
            ],
            "name": "pm0078_00"
        },
        {
            "children": [
                39
            ],
            "name": "Origin"
        },
        {
            "children": [
                2,
                40
            ],
            "matrix": [
                6.401061369842864e-8,
                -0.0037665071431547409,
                0.9999929070472716,
                0.0,
                -1.0,
                0.00002324734305148013,
                1.515729763923446e-7,
                0.0,
                -0.000023247750505106525,
                -0.9999929070472716,
                -0.0037665071431547409,
                0.0,
                0.0,
                2.410742044448853,
                -0.5850356221199036,
                1.0
            ],
            "name": "Waist"
        },
        {
            "children": [
                43,
                41
            ],
            "name": "Spine1"
        },
        {
            "children": [
                42
            ],
            "matrix": [
                -0.3741372525691986,
                0.000031934043363435197,
                -0.9273733496665956,
                0.0,
                8.924475309868285e-7,
                1.0,
                0.00003407489202800207,
                0.0,
                0.9273733496665956,
                0.00001192105446534697,
                -0.3741372525691986,
                0.0,
                0.01549842394888401,
                -2.5394285785296238e-8,
                -0.34557944536209109,
                1.0
            ],
            "name": "TailG01"
        },
        {
            "matrix": [
                1.0,
                0.0,
                0.0,
                0.0,
                0.0,
                1.0,
                0.0,
                0.0,
                0.0,
                0.0,
                1.0,
                0.0,
                0.19248302280902866,
                0.0,
                -4.844669021508708e-8,
                1.0
            ],
            "name": "TailG02"
        },
        {
            "children": [
                79,
                57,
                47,
                44
            ],
            "matrix": [
                0.9974068999290466,
                0.000001994812464545248,
                -0.07196871191263199,
                0.0,
                4.469379462079815e-7,
                1.0,
                0.00003391183781786822,
                0.0,
                0.07196871191263199,
                -0.0000338560676027555,
                0.9974068999290466,
                0.0,
                0.561172604560852,
                -2.5394285785296238e-8,
                7.751470434413932e-7,
                1.0
            ],
            "name": "Spine2"
        },
        {
            "children": [
                45
            ],
            "matrix": [
                -0.3919100761413574,
                9.343867759525892e-7,
                -0.9200035333633424,
                0.0,
                0.0000010681097819542629,
                1.0,
                5.606323725260154e-7,
                0.0,
                0.9200035333633424,
                -7.629473088854866e-7,
                -0.3919100761413574,
                0.0,
                -0.07108698040246964,
                0.0,
                -0.3888818919658661,
                1.0
            ],
            "name": "TailF01"
        },
        {
            "children": [
                46
            ],
            "matrix": [
                1.0,
                0.0,
                0.0,
                0.0,
                0.0,
                1.0,
                0.0,
                0.0,
                0.0,
                0.0,
                1.0,
                0.0,
                0.22116459906101228,
                -2.9569411155727647e-12,
                -9.689338043017418e-8,
                1.0
            ],
            "name": "TailF02"
        },
        {
            "matrix": [
                1.0,
                0.0,
                0.0,
                0.0,
                0.0,
                1.0,
                0.0,
                0.0,
                0.0,
                0.0,
                1.0,
                0.0,
                0.22925789654254914,
                8.870848500208695e-12,
                0.0,
                1.0
            ],
            "name": "TailF03"
        },
        {
            "children": [
                48
            ],
            "matrix": [
                -0.1808580458164215,
                0.06041296571493149,
                0.981652021408081,
                0.0,
                -0.004148655105382204,
                -0.9981496334075928,
                0.06066392362117767,
                0.0,
                0.9835004806518556,
                0.006899023428559303,
                0.1807740330696106,
                0.0,
                0.7499299049377441,
                0.38348159193992617,
                -0.02502347156405449,
                1.0
            ],
            "name": "RShoulder"
        },
        {
            "children": [
                49
            ],
            "matrix": [
                0.97853821516037,
                0.07356666773557663,
                0.19248616695404056,
                0.0,
                -0.07332766801118851,
                0.9972727298736572,
                -0.008375202305614949,
                0.0,
                -0.19257734715938569,
                -0.005919105373322964,
                0.9812639355659484,
                0.0,
                0.6082499623298645,
                -6.298056973719213e-7,
                5.329123382580292e-7,
                1.0
            ],
            "name": "RArm"
        },
        {
            "children": [
                56,
                50
            ],
            "matrix": [
                0.9971579909324646,
                2.7957041126569494e-9,
                -0.07533854991197586,
                0.0,
                -2.7875757258044588e-9,
                1.0,
                2.1304734365568124e-10,
                0.0,
                0.07533854991197586,
                -2.4299470855609906e-12,
                0.9971579909324646,
                0.0,
                0.8594752550125122,
                -0.0000012353899592199014,
                0.0000012596138958542725,
                1.0
            ],
            "name": "RForeArm"
        },
        {
            "children": [
                51
            ],
            "matrix": [
                -0.458283931016922,
                0.0059136017225682739,
                -0.8887861967086792,
                0.0,
                -0.0130254989489913,
                -0.9999151825904846,
                0.00006331921031232923,
                0.0,
                -0.8887103796005249,
                0.011605901643633845,
                0.45832207798957827,
                0.0,
                0.5933998823165894,
                0.01308292243629694,
                -0.03296538814902306,
                1.0
            ],
            "name": "RTailA01"
        },
        {
            "children": [
                52
            ],
            "matrix": [
                1.0,
                0.0,
                0.0,
                0.0,
                0.0,
                1.0,
                0.0,
                0.0,
                0.0,
                0.0,
                1.0,
                0.0,
                0.2540634870529175,
                -2.422331846219095e-8,
                0.0000011627205367403804,
                1.0
            ],
            "name": "RTailA02"
        },
        {
            "children": [
                53
            ],
            "matrix": [
                1.0,
                0.0,
                0.0,
                0.0,
                0.0,
                1.0,
                0.0,
                0.0,
                0.0,
                0.0,
                1.0,
                0.0,
                0.41515052318573,
                7.266990564858135e-8,
                -0.0000011627205367403804,
                1.0
            ],
            "name": "RTailA03"
        },
        {
            "children": [
                54
            ],
            "matrix": [
                1.0,
                0.0,
                0.0,
                0.0,
                0.0,
                1.0,
                0.0,
                0.0,
                0.0,
                0.0,
                1.0,
                0.0,
                0.3704948127269745,
                -4.844669021508708e-8,
                5.329123382580292e-7,
                1.0
            ],
            "name": "RTailA04"
        },
        {
            "children": [
                55
            ],
            "matrix": [
                1.0,
                0.0,
                0.0,
                0.0,
                0.0,
                1.0,
                0.0,
                0.0,
                0.0,
                0.0,
                1.0,
                0.0,
                0.23652495443820954,
                4.844669021508708e-8,
                -0.0000018894195363827749,
                1.0
            ],
            "name": "RTailA05"
        },
        {
            "matrix": [
                1.0,
                0.0,
                0.0,
                0.0,
                0.0,
                1.0,
                0.0,
                0.0,
                0.0,
                0.0,
                1.0,
                0.0,
                0.3109518587589264,
                -7.266990564858135e-8,
                0.0000012111660225855304,
                1.0
            ],
            "name": "RTailA06"
        },
        {
            "matrix": [
                0.004882085137069225,
                0.0000017589442222742946,
                0.9999880790710448,
                0.0,
                0.013020992279052736,
                0.9999152421951294,
                -0.00006532917177537456,
                0.0,
                -0.9999033212661744,
                0.013021156191825869,
                0.004881648346781731,
                0.0,
                0.7826857566833496,
                4.6024288735679887e-7,
                -0.0000012111660225855304,
                1.0
            ],
            "name": "RHand"
        },
        {
            "children": [
                60,
                58
            ],
            "matrix": [
                0.3360747992992401,
                -3.20513663609745e-7,
                -0.9418352842330932,
                0.0,
                5.5470749771302517e-8,
                1.0,
                -3.205139478268393e-7,
                0.0,
                0.9418352842330932,
                5.5472348492457977e-8,
                0.3360747992992401,
                0.0,
                0.7477810978889465,
                -2.540025434427662e-8,
                3.875735217206966e-7,
                1.0
            ],
            "name": "Neck1"
        },
        {
            "children": [
                59
            ],
            "matrix": [
                0.506909966468811,
                2.027553472339072e-12,
                -0.8619990348815918,
                0.0,
                -3.063999141211804e-12,
                1.0,
                5.503275244365946e-13,
                0.0,
                0.8619990348815918,
                2.362197677047151e-12,
                0.506909966468811,
                0.0,
                0.34294089674949648,
                2.540609500556457e-8,
                -0.5284622311592102,
                1.0
            ],
            "name": "TailE01"
        },
        {
            "matrix": [
                1.0,
                0.0,
                0.0,
                0.0,
                0.0,
                1.0,
                0.0,
                0.0,
                0.0,
                0.0,
                1.0,
                0.0,
                0.19913822412490848,
                -1.182778961578146e-11,
                1.9378650506496346e-7,
                1.0
            ],
            "name": "TailE02"
        },
        {
            "children": [
                64,
                61
            ],
            "matrix": [
                0.9992541074752808,
                9.088183764577319e-13,
                -0.03861638158559799,
                0.0,
                -9.182770646307126e-13,
                1.0,
                -2.2720394359312946e-13,
                0.0,
                0.03861638158559799,
                2.624950224631301e-13,
                0.9992541074752808,
                0.0,
                0.735162615776062,
                0.0,
                0.0,
                1.0
            ],
            "name": "Neck2"
        },
        {
            "children": [
                62
            ],
            "matrix": [
                0.04793662950396538,
                -4.571591460944546e-8,
                -0.998850405216217,
                0.0,
                1.0946094031183407e-9,
                1.0,
                -4.571599987457376e-8,
                0.0,
                0.998850405216217,
                1.0981199283222054e-9,
                0.04793662950396538,
                0.0,
                0.07665694504976273,
                2.540609500556457e-8,
                -0.3645712733268738,
                1.0
            ],
            "name": "TailD01"
        },
        {
            "children": [
                63
            ],
            "matrix": [
                1.0,
                0.0,
                0.0,
                0.0,
                0.0,
                1.0,
                0.0,
                0.0,
                0.0,
                0.0,
                1.0,
                0.0,
                0.2292083352804184,
                -2.540025434427662e-8,
                3.875735217206966e-7,
                1.0
            ],
            "name": "TailD02"
        },
        {
            "matrix": [
                1.0,
                0.0,
                0.0,
                0.0,
                0.0,
                1.0,
                0.0,
                0.0,
                0.0,
                0.0,
                1.0,
                0.0,
                0.2292582392692566,
                -2.540609500556457e-8,
                0.0,
                1.0
            ],
            "name": "TailD03"
        },
        {
            "children": [
                78,
                77,
                76,
                75,
                67,
                65
            ],
            "matrix": [
                0.996649205684662,
                1.8159438796433449e-12,
                -0.08179453015327454,
                0.0,
                -1.7973460176776146e-12,
                1.0,
                3.010037423305245e-13,
                0.0,
                0.08179453015327454,
                -1.5298207850251297e-13,
                0.996649205684662,
                0.0,
                0.4726027846336365,
                0.0,
                -2.906801341850951e-7,
                1.0
            ],
            "name": "Head"
        },
        {
            "children": [
                66
            ],
            "matrix": [
                -0.028980456292629247,
                1.5200977543372577e-7,
                -0.9995799660682678,
                0.0,
                2.203119020549593e-9,
                1.0,
                1.5200977543372577e-7,
                0.0,
                0.9995799660682678,
                2.203119020549593e-9,
                -0.028980456292629247,
                0.0,
                0.0373128280043602,
                1.774169700041739e-11,
                -0.3103092610836029,
                1.0
            ],
            "name": "TailC01"
        },
        {
            "matrix": [
                1.0,
                0.0,
                0.0,
                0.0,
                0.0,
                1.0,
                0.0,
                0.0,
                0.0,
                0.0,
                1.0,
                0.0,
                0.18998564779758457,
                -5.9139073846359294e-12,
                -0.0000011627205367403804,
                1.0
            ],
            "name": "TailC02"
        },
        {
            "children": [
                68
            ],
            "matrix": [
                0.6181023120880127,
                -9.275412469339497e-13,
                -0.7860976457595825,
                0.0,
                1.5480532437536776e-12,
                1.0,
                3.7290567904630168e-14,
                0.0,
                0.7860976457595825,
                -1.2399703659682348e-12,
                0.6181023120880127,
                0.0,
                0.3649591505527497,
                2.540025434427662e-8,
                0.17216241359710694,
                1.0
            ],
            "name": "TailA01"
        },
        {
            "children": [
                69
            ],
            "matrix": [
                1.0,
                0.0,
                0.0,
                0.0,
                0.0,
                1.0,
                0.0,
                0.0,
                0.0,
                0.0,
                1.0,
                0.0,
                0.8612949252128601,
                2.540609500556457e-8,
                0.0000011627205367403804,
                1.0
            ],
            "name": "TailA02"
        },
        {
            "children": [
                70
            ],
            "matrix": [
                1.0,
                0.0,
                0.0,
                0.0,
                0.0,
                1.0,
                0.0,
                0.0,
                0.0,
                0.0,
                1.0,
                0.0,
                0.793595552444458,
                -5.9139073846359294e-12,
                0.0,
                1.0
            ],
            "name": "TailA03"
        },
        {
            "children": [
                71
            ],
            "matrix": [
                1.0,
                0.0,
                0.0,
                0.0,
                0.0,
                1.0,
                0.0,
                0.0,
                0.0,
                0.0,
                1.0,
