{
    "asset": {
        "generator": "COLLADA2GLTF",
        "version": "2.0"
    },
    "scenes": [
        {
            "nodes": [
                0
            ]
        }
    ],
    "scene": 0,
    "nodes": [
        {
            "children": [
                11,
                1
            ],
            "matrix": [
                1.0,
                0.0,
                0.0,
                0.0,
                0.0,
                0.0,
                -1.0,
                0.0,
                0.0,
                1.0,
                0.0,
                0.0,
                0.0,
                0.0,
                0.0,
                1.0
            ],
            "name": "Z_UP"
        },
        {
            "mesh": 0,
            "skin": 0,
            "name": "NidoranF"
        },
        {
            "children": [
                7,
                3
            ],
            "matrix": [
                -1.0,
                -8.979318677493353e-11,
                0.0,
                0.0,
                8.979318677493353e-11,
                -1.0,
                0.0,
                0.0,
                0.0,
                0.0,
                1.0,
                0.0,
                0.0,
                0.0,
                0.0,
                1.0
            ],
            "name": "Hips"
        },
        {
            "children": [
                4
            ],
            "matrix": [
                0.3250994980335236,
                0.0,
                0.9456798434257508,
                0.0,
                0.0,
                1.0,
                0.0,
                0.0,
                -0.9456798434257508,
                0.0,
                0.3250994980335236,
                0.0,
                0.2040044069290161,
                0.19953730702400208,
                -0.01992383599281311,
                1.0
            ],
            "name": "LThigh"
        },
        {
            "children": [
                5
            ],
            "matrix": [
                0.9109703898429872,
                0.0,
                -0.4124717116355896,
                0.0,
                0.0,
                1.0,
                0.0,
                0.0,
                0.4124717116355896,
                0.0,
                0.9109703898429872,
                0.0,
                0.14972105622291566,
                0.0,
                0.0,
                1.0
            ],
            "name": "LLeg"
        },
        {
            "children": [
                6
            ],
            "matrix": [
                -0.1781323105096817,
                0.000008527279533154797,
                0.9840065240859984,
                0.0,
                -0.0009321827674284576,
                0.9999995231628418,
                -0.00017741664487402886,
                0.0,
                -0.9840061068534852,
                -0.000948877597693354,
                -0.17813222110271458,
                0.0,
                0.13783308863639832,
                0.0,
                0.0,
                1.0
            ],
            "name": "LFoot"
        },
        {
            "matrix": [
                1.0,
                0.0,
                0.0,
                0.0,
                0.0,
                1.0,
                0.0,
                0.0,
                0.0,
                0.0,
                1.0,
                0.0,
                0.1453817188739777,
                0.0,
                -0.05872480198740959,
                1.0
            ],
            "name": "LToe"
        },
        {
            "children": [
                8
            ],
            "matrix": [
                0.3250994980335236,
                0.0,
                0.9456798434257508,
                0.0,
                0.0,
                1.0,
                0.0,
                0.0,
                -0.9456798434257508,
                0.0,
                0.3250994980335236,
                0.0,
                0.204004168510437,
                -0.19953730702400208,
                -0.019924167543649678,
                1.0
            ],
            "name": "RThigh"
        },
        {
            "children": [
                9
            ],
            "matrix": [
                0.9109703898429872,
                0.0,
                -0.4124717116355896,
                0.0,
                0.0,
                1.0,
                0.0,
                0.0,
                0.4124717116355896,
                0.0,
                0.9109703898429872,
                0.0,
                0.14972156286239625,
                0.0,
                -2.032000026019887e-7,
                1.0
            ],
            "name": "RLeg"
        },
        {
            "children": [
                10
            ],
            "matrix": [
                -0.1781323105096817,
                0.000008527279533154797,
                0.9840065240859984,
                0.0,
                -0.0009321827674284576,
                0.9999995231628418,
                -0.00017741664487402886,
                0.0,
                -0.9840061068534852,
                -0.000948877597693354,
                -0.17813222110271458,
                0.0,
                0.13783308863639832,
                0.0,
                0.0,
                1.0
            ],
            "name": "RFoot"
        },
        {
            "matrix": [
                1.0,
                0.0,
                0.0,
                0.0,
                0.0,
                1.0,
                0.0,
                0.0,
                0.0,
                0.0,
                1.0,
                0.0,
                0.1453817188739777,
                0.0,
                -0.05872480198740959,
                1.0
            ],
            "name": "RToe"
        },
        {
            "children": [
                12
            ],
            "matrix": [
                1.0,
                0.0,
                0.0,
                0.0,
                0.0,
                4.4896641959724089e-11,
                1.0,
                0.0,
                0.0,
                -1.0,
                4.4896641959724089e-11,
                0.0,
                0.0,
                0.0,
                0.0,
                1.0
            ],
            "name": "pm0029_00"
        },
        {
            "children": [
                13
            ],
            "name": "Origin"
        },
        {
            "children": [
                14,
                2
            ],
            "matrix": [
                0.000003969918907387182,
                0.5456717610359192,
                0.8379989862442017,
                0.0,
                -1.0,
                0.0000018614084638102213,
                0.000003525303554852144,
                0.0,
                3.63800239711054e-7,
                -0.8379989862442017,
                0.5456717610359192,
                0.0,
                0.0,
                0.45531022548675539,
                -0.03464585170149803,
                1.0
            ],
            "name": "Waist"
        },
        {
            "children": [
                15
            ],
            "name": "Spine1"
        },
        {
            "children": [
                26,
                21,
                16
            ],
            "matrix": [
                0.969730257987976,
                0.0,
                0.2441786527633667,
                0.0,
                0.0,
                1.0,
                0.0,
                0.0,
                -0.2441786527633667,
                0.0,
                0.969730257987976,
                0.0,
                0.11099114269018172,
                0.0,
                -2.5400000325248585e-8,
                1.0
            ],
            "name": "Spine2"
        },
        {
            "children": [
                17
            ],
            "matrix": [
                0.20949168503284458,
                -0.4235568046569824,
                0.881313145160675,
                0.0,
                -0.09416178613901138,
                -0.9058626890182496,
                -0.4129725992679596,
                0.0,
                0.973266065120697,
                0.00352830532938242,
                -0.22965356707572938,
                0.0,
                0.03614572063088417,
                -0.08466657996177674,
                0.09039478749036788,
                1.0
            ],
            "name": "LShoulder"
        },
        {
            "children": [
                18
            ],
            "matrix": [
                0.9981091022491456,
                0.0,
                -0.06146715581417084,
                0.0,
                0.0,
                1.0,
                0.0,
                0.0,
                0.06146715581417084,
                0.0,
                0.9981091022491456,
                0.0,
                0.1777593493461609,
                5.0800000650497177e-8,
                -2.5400000325248585e-8,
                1.0
            ],
            "name": "LArm"
        },
        {
            "children": [
                19
            ],
            "matrix": [
                0.9993896484375,
                3.493263633913557e-8,
                0.034932635724544528,
                0.0,
                -3.493263633913557e-8,
                1.0,
                -6.103308414218134e-10,
                0.0,
                -0.034932635724544528,
                -6.103308414218134e-10,
                0.9993896484375,
                0.0,
                0.1650466620922089,
                2.5400000325248585e-8,
                -2.5400000325248585e-8,
                1.0
            ],
            "name": "LForeArm"
        },
        {
            "children": [
                20
            ],
            "matrix": [
                0.01664271019399166,
                0.016497770324349405,
                0.9997254014015198,
                0.0,
                0.03443748876452446,
                0.999261200428009,
                -0.017063399776816369,
                0.0,
                -0.9992682933807372,
                0.03471201285719872,
                0.01606227271258831,
                0.0,
                0.11062841862440108,
                0.0,
                0.0,
                1.0
            ],
            "name": "LHand"
        },
        {
            "matrix": [
                1.0,
                0.0,
                0.0,
                0.0,
                0.0,
                1.0,
                0.0,
                0.0,
                0.0,
                0.0,
                1.0,
                0.0,
                0.03733291849493981,
                1.2699999274445873e-7,
                -0.020598001778125764,
                1.0
            ],
            "name": "LFinger"
        },
        {
            "children": [
                22
            ],
            "matrix": [
                0.20949211716651917,
                0.42355555295944216,
                0.881313681602478,
                0.0,
                0.09416016191244126,
                -0.9058632850646972,
                0.412971705198288,
                0.0,
                0.9732661247253418,
                -0.003529674606397748,
                -0.2296532690525055,
                0.0,
                0.03614546731114388,
                0.08466657996177674,
                0.09039529412984848,
                1.0
            ],
            "name": "RShoulder"
        },
        {
            "children": [
                23
            ],
            "matrix": [
                0.9981091022491456,
                0.0,
                -0.06146732717752457,
                0.0,
                0.0,
                1.0,
                0.0,
                0.0,
                0.06146732717752457,
                0.0,
                0.9981091022491456,
                0.0,
                0.1777580827474594,
                -4.5720000230176096e-7,
                6.603999622711854e-7,
                1.0
            ],
            "name": "RArm"
        },
        {
            "children": [
                24
            ],
            "matrix": [
                0.9993896484375,
                0.0,
                0.03493316099047661,
                0.0,
                0.0,
                1.0,
                0.0,
                0.0,
                -0.03493316099047661,
                0.0,
                0.9993896484375,
                0.0,
                0.16504791378974918,
                4.318000037528691e-7,
                -3.556000081061939e-7,
                1.0
            ],
            "name": "RForeArm"
        },
        {
            "children": [
                25
            ],
            "matrix": [
                0.016642658039927484,
                -0.016497772186994554,
                0.9997254014015198,
                0.0,
                -0.034435469657182696,
                0.9992612600326538,
                0.01706336811184883,
                0.0,
                -0.999268352985382,
                -0.03470999374985695,
                0.01606225408613682,
                0.0,
                0.1106279268860817,
                -4.318000037528691e-7,
                -6.096000220168207e-7,
                1.0
            ],
            "name": "RHand"
        },
        {
            "matrix": [
                1.0,
                0.0,
                0.0,
                0.0,
                0.0,
                1.0,
                0.0,
                0.0,
                0.0,
                0.0,
                1.0,
                0.0,
                0.03733444213867188,
                -6.603999622711854e-7,
                -0.02059932425618172,
                1.0
            ],
            "name": "RFinger"
        },
        {
            "children": [
                36,
                35,
                34,
                32,
                31,
                29,
                28,
                27
            ],
            "matrix": [
                0.99797260761261,
                0.0,
                0.06364471465349198,
                0.0,
                0.0,
                1.0,
                0.0,
                0.0,
                -0.06364471465349198,
                0.0,
                0.99797260761261,
                0.0,
                0.09578289091587068,
                0.0,
                2.5400000325248585e-8,
                1.0
            ],
            "name": "Head"
        },
        {
            "matrix": [
                -0.3950077891349793,
                0.8235341310501099,
                0.40713682770729067,
                0.0,
                -0.14265947043895722,
                -0.4927880764007569,
                0.8583753108978272,
                0.0,
                0.9075335264205932,
                0.280983030796051,
                0.3121400773525238,
                0.0,
                0.3094507157802582,
                0.1702031046152115,
                0.0670476108789444,
                1.0
            ],
            "name": "RFeelerB"
        },
        {
            "matrix": [
                -0.3850497901439667,
                0.907222330570221,
                0.16936445236206056,
                0.0,
                -0.14437872171401978,
                -0.24046917259693149,
                0.959859013557434,
                0.0,
                0.911532461643219,
                0.34514087438583376,
                0.2235761880874634,
                0.0,
                0.3229254186153412,
                0.1774100959300995,
                0.007418450899422169,
                1.0
            ],
            "name": "RFeelerA"
        },
        {
            "children": [
                30
            ],
            "matrix": [
                -0.4857545495033264,
                0.7027405500411987,
                -0.5198059678077698,
                0.0,
                -0.7254243493080139,
                0.007660180795937777,
                0.6882593035697937,
                0.0,
                0.4876495003700257,
                0.7114049792289734,
                0.5060641169548035,
                0.0,
                0.0965161919593811,
                0.1687832474708557,
                -0.2072858363389969,
                1.0
            ],
            "name": "REar1"
        },
        {
            "matrix": [
                1.0,
                0.0,
                0.0,
                0.0,
                0.0,
                1.0,
                0.0,
                0.0,
                0.0,
                0.0,
                1.0,
                0.0,
                0.1859150379896164,
                -9.144000046035216e-7,
                4.5720000230176096e-7,
                1.0
            ],
            "name": "REar2"
        },
        {
            "matrix": [
                1.0,
                0.0,
                0.0,
                0.0,
                0.0,
                1.0,
                0.0,
                0.0,
                0.0,
                0.0,
                1.0,
                0.0,
                0.47165003418922427,
                2.5400000325248585e-8,
                -2.5400000325248585e-8,
                1.0
            ],
            "name": "Nose"
        },
        {
            "children": [
                33
            ],
            "matrix": [
                -0.4857545495033264,
                -0.7027405500411987,
                -0.5198059678077698,
                0.0,
                0.7254243493080139,
                0.007660180795937777,
                -0.6882593035697937,
                0.0,
                0.4876495003700257,
                -0.7114049792289734,
                0.5060641169548035,
                0.0,
                0.0965161919593811,
                -0.1687832474708557,
                -0.20728635787963868,
                1.0
            ],
            "name": "LEar1"
        },
        {
            "matrix": [
                1.0,
                0.0,
                0.0,
                0.0,
                0.0,
                1.0,
                0.0,
                0.0,
                0.0,
                0.0,
                1.0,
                0.0,
                0.18591377139091493,
                0.0,
                -0.0,
                1.0
            ],
            "name": "LEar2"
        },
        {
            "matrix": [
                0.4295877814292908,
                -4.795377289701364e-11,
                0.9030250906944276,
                0.0,
                4.795377289701364e-11,
                -1.0,
                -7.591608591761556e-11,
                0.0,
                0.9030250906944276,
                7.591608591761556e-11,
                -0.4295877814292908,
                0.0,
                0.340012013912201,
                2.5400000325248585e-8,
                0.04253280907869339,
                1.0
            ],
            "name": "Jaw"
        },
        {
            "matrix": [
                -0.3850499391555786,
                -0.9072222113609314,
                0.16936461627483369,
                0.0,
                0.14437854290008546,
                -0.2404693067073822,
                -0.959859013557434,
                0.0,
                0.911532461643219,
                -0.3451410233974457,
                0.2235761135816574,
                0.0,
                0.3229254186153412,
                -0.1774100959300995,
                0.007417129818350077,
                1.0
            ],
            "name": "LFeelerA"
        },
        {
            "matrix": [
                -0.3950079381465912,
                -0.8235340118408203,
                0.4071369767189026,
                0.0,
                0.1426592767238617,
                -0.4927882254123688,
                -0.8583752512931824,
                0.0,
                0.9075335264205932,
                -0.280983179807663,
                0.31214001774787905,
                0.0,
                0.3094507157802582,
                -0.1702031046152115,
                0.06704634428024292,
                1.0
            ],
            "name": "LFeelerB"
        }
    ],
    "meshes": [
        {
            "primitives": [
                {
                    "attributes": {
                        "JOINTS_0": 1,
                        "NORMAL": 2,
                        "POSITION": 3,
                        "TEXCOORD_0": 4,
                        "WEIGHTS_0": 5
                    },
                    "indices": 0,
                    "mode": 4,
                    "material": 0
                },
                {
                    "attributes": {
                        "JOINTS_0": 7,
                        "NORMAL": 8,
                        "POSITION": 9,
                        "TEXCOORD_0": 10,
                        "WEIGHTS_0": 11
                    },
                    "indices": 6,
                    "mode": 4,
                    "material": 1
                }
            ],
            "name": "NidoranF"
        }
    ],
    "skins": [
        {
            "inverseBindMatrices": 12,
            "skeleton": 2,
            "joints": [
                2,
                3,
                4,
                5,
                6,
                7,
                8,
                9,
                10,
                14,
                15,
                26,
                34,
                32,
                33,
                35,
                36,
                31,
                29,
                30,
                28,
                27,
                16,
                17,
                18,
                19,
                20,
                21,
                22,
                23,
                24,
                25
            ],
            "name": "NidoranF-mesh-skin"
        }
    ],
    "accessors": [
        {
            "bufferView": 0,
            "byteOffset": 0,
            "componentType": 5123,
            "count": 13158,
            "max": [
                2787
            ],
            "min": [
                0
            ],
            "type": "SCALAR"
        },
        {
            "bufferView": 1,
            "byteOffset": 0,
            "componentType": 5123,
            "count": 2788,
            "max": [
                31,
                31,
                31,
                31
            ],
            "min": [
                0,
                0,
                0,
                0
            ],
            "type": "VEC4"
        },
        {
            "bufferView": 2,
            "byteOffset": 0,
            "componentType": 5126,
            "count": 2788,
            "max": [
                0.9989719986915588,
                0.999849021434784,
                0.9999889731407166
            ],
            "min": [
                -0.9989719986915588,
                -0.9970229864120485,
                -1.0
            ],
            "type": "VEC3"
        },
        {
            "bufferView": 2,
            "byteOffset": 33456,
            "componentType": 5126,
            "count": 2788,
            "max": [
                0.542417049407959,
                0.504233181476593,
                1.051318645477295
            ],
            "min": [
                -0.542417049407959,
                -0.6802221536636353,
                0.0
            ],
            "type": "VEC3"
        },
        {
            "bufferView": 1,
            "byteOffset": 22304,
            "componentType": 5126,
            "count": 2788,
            "max": [
                1.0,
                0.9953460097312928
            ],
            "min": [
                0.0,
                0.004455983638763428
            ],
            "type": "VEC2"
        },
        {
            "bufferView": 3,
            "byteOffset": 0,
            "componentType": 5126,
            "count": 2788,
            "max": [
                1.0,
                0.9900000095367432,
                0.9200000166893004,
                0.6599999666213989
            ],
            "min": [
                0.009999999776482582,
                0.0,
                0.0,
                0.0
            ],
            "type": "VEC4"
        },
        {
            "bufferView": 0,
            "byteOffset": 26316,
            "componentType": 5123,
            "count": 276,
            "max": [
                65
            ],
            "min": [
                0
            ],
            "type": "SCALAR"
        },
        {
            "bufferView": 1,
            "byteOffset": 44608,
            "componentType": 5123,
            "count": 66,
            "max": [
                11,
                18,
                0,
                0
            ],
            "min": [
                10,
                0,
                0,
                0
            ],
            "type": "VEC4"
        },
        {
            "bufferView": 2,
            "byteOffset": 66912,
            "componentType": 5126,
            "count": 66,
            "max": [
                0.9081090092658996,
                -0.26026400923728945,
                0.5811460018157959
            ],
            "min": [
                -0.9081090092658996,
                -0.6173009872436523,
                0.2241970002651215
            ],
            "type": "VEC3"
        },
        {
            "bufferView": 2,
            "byteOffset": 67704,
            "componentType": 5126,
            "count": 66,
            "max": [
                0.223361998796463,
                -0.3189909756183624,
                0.8425104022026062
            ],
            "min": [
                -0.223361998796463,
                -0.589531421661377,
                0.6419163942337036
            ],
            "type": "VEC3"
        },
        {
            "bufferView": 1,
            "byteOffset": 45136,
            "componentType": 5126,
            "count": 66,
            "max": [
                0.4939099848270416,
                -0.8077899217605591
            ],
            "min": [
                0.006087000016123056,
                -0.9711199998855592
            ],
            "type": "VEC2"
        },
        {
            "bufferView": 3,
            "byteOffset": 44608,
            "componentType": 5126,
            "count": 66,
            "max": [
                1.0,
                0.9900000095367432,
                0.0,
                0.0
            ],
            "min": [
                0.010000000707805157,
                0.0,
                0.0,
                0.0
            ],
            "type": "VEC4"
        },
        {
            "bufferView": 4,
            "byteOffset": 0,
            "componentType": 5126,
            "count": 32,
            "max": [
                0.9072239995002748,
                1.0,
                0.7114109992980957,
                0.0,
                0.838001012802124,
                0.5182759761810303,
                0.4551349878311157,
                0.0,
                0.5456690192222595,
                0.9639620184898377,
                1.0,
                0.0,
                15.848599433898926,
                29.77729988098145,
                19.225399017333986,
                1.0
            ],
            "min": [
                -0.9072219729423524,
                -1.0,
                -0.7114080190658569,
                0.0,
                -1.0,
                -0.5182759761810303,
                -0.9840059876441956,
                0.0,
                -0.9840059876441956,
                -0.9639599919319152,
                -0.9646120071411132,
                0.0,
                -29.903900146484376,
                -29.77729988098145,
                -29.86359977722168,
                1.0
            ],
            "type": "MAT4"
        }
    ],
    "materials": [
        {
            "pbrMetallicRoughness": {
                "baseColorFactor": [
                    1.0,
                    1.0,
                    1.0,
                    1.0
                ],
                "baseColorTexture": {
                    "index": 0
                },
                "metallicFactor": 0.0
            },
            "name": "Material__10"
        },
        {
            "pbrMetallicRoughness": {
                "baseColorFactor": [
                    1.0,
                    1.0,
                    1.0,
                    1.0
                ],
                "baseColorTexture": {
                    "index": 1
                },
                "metallicFactor": 0.0
            },
            "name": "Material__11"
        }
    ],
    "textures": [
        {
            "sampler": 0,
            "source": 0
        },
        {
            "sampler": 0,
            "source": 1
        }
    ],
    "images": [
        {
            "uri": "pm0029_00_Body1.png"
        },
        {
            "uri": "pm0029_00_Eye1.png"
        }
    ],
    "samplers": [
        {
            "magFilter": 9729,
            "minFilter": 9986,
            "wrapS": 10497,
            "wrapT": 10497
        }
    ],
    "bufferViews": [
        {
            "buffer": 0,
            "byteOffset": 161872,
            "byteLength": 26868,
            "target": 34963
        },
        {
            "buffer": 0,
            "byteOffset": 116208,
            "byteLength": 45664,
            "byteStride": 8,
            "target": 34962
        },
        {
            "buffer": 0,
            "byteOffset": 47712,
            "byteLength": 68496,
            "byteStride": 12,
            "target": 34962
        },
        {
            "buffer": 0,
            "byteOffset": 2048,
            "byteLength": 45664,
            "byteStride": 16,
            "target": 34962
        },
        {
            "buffer": 0,
            "byteOffset": 0,
            "byteLength": 2048
        }
    ],
    "buffers": [
        {
            "byteLength": 188740,
            "uri": "NidoranF_ColladaMax0.bin"
        }
    ]
}
