{
    "asset": {
        "generator": "COLLADA2GLTF",
        "version": "2.0"
    },
    "scenes": [
        {
            "nodes": [
                0
            ]
        }
    ],
    "scene": 0,
    "nodes": [
        {
            "children": [
                25,
                1
            ],
            "matrix": [
                1.0,
                0.0,
                0.0,
                0.0,
                0.0,
                0.0,
                -1.0,
                0.0,
                0.0,
                1.0,
                0.0,
                0.0,
                0.0,
                0.0,
                0.0,
                1.0
            ],
            "name": "Z_UP"
        },
        {
            "mesh": 0,
            "skin": 0,
            "name": "Oodish"
        },
        {
            "children": [
                21,
                18,
                15,
                12,
                9,
                6,
                3
            ],
            "matrix": [
                -0.000003595222551666666,
                1.0,
                0.0,
                0.0,
                -1.0,
                -0.000003595222551666666,
                0.0,
                0.0,
                0.0,
                0.0,
                1.0,
                0.0,
                0.0,
                0.30246827006340029,
                0.0,
                1.0
            ],
            "name": "_03_Waist"
        },
        {
            "children": [
                4
            ],
            "matrix": [
                -0.9820204973220824,
                0.0000015693348132117536,
                -0.1887744665145874,
                0.0,
                -0.0000016118825669764192,
                -1.0,
                7.186812212012228e-8,
                0.0,
                -0.1887744665145874,
                3.748582457774319e-7,
                0.9820204973220824,
                0.0,
                0.10282528400421144,
                0.11423593759536745,
                0.01361958123743534,
                1.0
            ],
            "name": "_31_RThigh"
        },
        {
            "children": [
                5
            ],
            "matrix": [
                -0.18877321481704713,
                0.000001538633341624518,
                0.9820207357406616,
                0.0,
                -0.02229643426835537,
                0.9997422099113464,
                -0.004287595394998789,
                0.0,
                -0.9817675352096558,
                -0.02270494215190411,
                -0.18872451782226566,
                0.0,
                0.3177616000175476,
                0.0,
                7.872577612033639e-8,
                1.0
            ],
            "name": "_32_RFoot"
        },
        {
            "matrix": [
                1.0,
                0.0,
                0.0,
                0.0,
                0.0,
                1.0,
                0.0,
                0.0,
                0.0,
                0.0,
                1.0,
                0.0,
                0.16849270462989808,
                2.422331846219095e-8,
                -0.04873906821012497,
                1.0
            ],
            "name": "_34_RToe"
        },
        {
            "children": [
                7
            ],
            "matrix": [
                0.37673479318618777,
                0.9069835543632508,
                -0.18828628957271577,
                0.0,
                -0.9235011339187622,
                0.383595734834671,
                7.952969838243007e-9,
                0.0,
                0.07222582399845123,
                0.1738826036453247,
                0.9821141958236694,
                0.0,
                0.24798361957073213,
                0.029328618198633199,
                0.02457556687295437,
                1.0
            ],
            "name": "_27_RFeelerC1"
        },
        {
            "children": [
                8
            ],
            "matrix": [
                0.9871879816055298,
                -0.024372683838009836,
                -0.15768909454345704,
                0.0,
                0.025460412725806237,
                0.9996638894081116,
                0.004881264176219702,
                0.0,
                0.15751712024211884,
                -0.008833554573357106,
                0.9874767661094666,
                0.0,
                0.24416767060756684,
                -6.782536843275011e-7,
                4.844669021508708e-8,
                1.0
            ],
            "name": "_28_RFeelerC2"
        },
        {
            "matrix": [
                0.9834161400794984,
                0.0682758167386055,
                -0.16802114248275758,
                0.0,
                -0.07378190755844116,
                0.9969158172607422,
                -0.02674112655222416,
                0.0,
                0.16567717492580417,
                0.03869457542896271,
                0.9854206442832948,
                0.0,
                0.25316691398620608,
                -9.689337048257585e-7,
                -1.332283403598922e-7,
                1.0
            ],
            "name": "_29_RFeelerC3"
        },
        {
            "children": [
                10
            ],
            "matrix": [
                0.7674024105072022,
                0.5500476360321045,
                -0.32945576310157778,
                0.0,
                -0.5825720429420471,
                0.8127790689468384,
                -9.289378155585837e-9,
                0.0,
                0.267774760723114,
                0.19193172454833985,
                0.9441710114479064,
                0.0,
                0.2522965967655182,
                0.01847468875348568,
                -0.006871131714433432,
                1.0
            ],
            "name": "_23_RFeelerB1"
        },
        {
            "children": [
                11
            ],
            "matrix": [
                0.9889217019081116,
                0.013901902362704276,
                -0.14778564870357514,
                0.0,
                -0.01482916995882988,
                0.9998766779899596,
                -0.005174390505999327,
                0.0,
                0.14769549667835236,
                0.007308605592697859,
                0.9890058636665344,
                0.0,
                0.2943148910999298,
                1.4534006709254758e-7,
                -1.816750199168382e-7,
                1.0
            ],
            "name": "_24_RFeelerB2"
        },
        {
            "matrix": [
                0.9771392941474916,
                0.10881897807121276,
                -0.18263976275920869,
                0.0,
                -0.122315876185894,
                0.990405797958374,
                -0.06430526822805405,
                0.0,
                0.17388984560966493,
                0.08517494797706604,
                0.9810746908187866,
                0.0,
                0.29109159111976626,
                7.266990564858133e-7,
                2.180099727411289e-7,
                1.0
            ],
            "name": "_25_RFeelerB3"
        },
        {
            "children": [
                13
            ],
            "matrix": [
                -0.9820204973220824,
                -0.000001834366344155569,
                -0.18877442181110386,
                0.0,
                0.00000187744126378675,
                -1.0,
                -4.9368011900696738e-8,
                0.0,
                -0.18877442181110386,
                -4.0289330627274479e-7,
                0.9820204973220824,
                0.0,
                0.10282579809427262,
                -0.1142359897494316,
                0.01361958123743534,
                1.0
            ],
            "name": "_18_LThigh"
        },
        {
            "children": [
                14
            ],
            "matrix": [
                -0.18877194821834565,
                0.000001891501824502484,
                0.9820209741592408,
                0.0,
                -0.0023832819424569608,
                0.999997079372406,
                -0.0004600597021635622,
                0.0,
                -0.9820180535316468,
                -0.002427279017865658,
                -0.18877139687538148,
                0.0,
                0.3177616000175476,
                0.0,
                1.2111659231095473e-8,
                1.0
            ],
            "name": "_19_LFoot"
        },
        {
            "matrix": [
                1.0,
                0.0,
                0.0,
                0.0,
                0.0,
                1.0,
                0.0,
                0.0,
                0.0,
                0.0,
                1.0,
                0.0,
                0.16849298775196076,
                2.422331846219095e-8,
                -0.04873904213309288,
                1.0
            ],
            "name": "_21_LToe"
        },
        {
            "children": [
                16
            ],
            "matrix": [
                0.3767343163490296,
                -0.9069837331771852,
                -0.18828639388084413,
                0.0,
                0.9235013127326964,
                0.3835952579975128,
                -1.993581522086174e-9,
                0.0,
                0.07222577184438706,
                -0.17388273775577546,
                0.9821141362190248,
                0.0,
                0.24798426032066346,
                -0.029328618198633199,
                0.02457556687295437,
                1.0
            ],
            "name": "_14_LFeelerC1"
        },
        {
            "children": [
                17
            ],
            "matrix": [
                0.9871879816055298,
                0.024373028427362447,
                -0.15768910944461826,
                0.0,
                -0.025460727512836458,
                0.9996638894081116,
                -0.004881030879914761,
                0.0,
                0.15751715004444126,
                0.008833374828100205,
                0.9874767661094666,
                0.0,
                0.24416738748550416,
                0.0,
                0.0,
                1.0
            ],
            "name": "_15_LFeelerC2"
        },
        {
            "matrix": [
                0.9834161400794984,
                -0.06827574968338013,
                -0.16802118718624116,
                0.0,
                0.0737818256020546,
                0.9969158172607422,
                0.026741059496998788,
                0.0,
                0.16567721962928773,
                -0.03869450092315674,
                0.9854206442832948,
                0.0,
                0.2531668543815613,
                9.689338043017418e-8,
                2.422331846219095e-8,
                1.0
            ],
            "name": "_16_LFeelerC3"
        },
        {
            "children": [
                19
            ],
            "matrix": [
                0.7674022316932678,
                -0.5500480532646179,
                -0.32945552468299868,
                0.0,
                0.5825724601745606,
                0.8127787709236145,
                -1.9123982397672994e-8,
                0.0,
                0.26777446269989016,
                -0.19193170964717866,
                0.9441710710525512,
                0.0,
                0.25229719281196597,
                -0.01847468875348568,
                -0.006871131714433432,
                1.0
            ],
            "name": "_10_LFeelerB1"
        },
        {
            "children": [
                20
            ],
            "matrix": [
                0.9889217019081116,
                -0.013901826925575734,
                -0.14778564870357514,
                0.0,
                0.014829093590378762,
                0.9998766779899596,
                0.005174389574676752,
                0.0,
                0.14769548177719117,
                -0.007308593485504389,
                0.9890058636665344,
                0.0,
                0.2943148910999298,
                1.211165852055274e-7,
                3.6334952824290677e-8,
                1.0
            ],
            "name": "_11_LFeelerB2"
        },
        {
            "matrix": [
                0.977139174938202,
                -0.1088191345334053,
                -0.18264001607894896,
                0.0,
                0.12231608480215073,
                0.990405797958374,
                0.06430540233850479,
                0.0,
                0.17389006912708286,
                -0.08517514169216156,
                0.981074631214142,
                0.0,
                0.29109159111976626,
                9.689338043017418e-8,
                9.689338043017418e-8,
                1.0
            ],
            "name": "_12_LFeelerB3"
        },
        {
            "children": [
                22
            ],
            "matrix": [
                0.9998775720596314,
                -2.1635839821121386e-13,
                -0.01564696431159973,
                0.0,
                1.479023847839045e-11,
                1.0,
                9.313033122460012e-10,
                0.0,
                0.01564696431159973,
                -9.314207183308554e-10,
                0.9998775720596314,
                0.0,
                0.25594308972358706,
                -2.7721306695462085e-13,
                0.05394629389047623,
                1.0
            ],
            "name": "_05_FeelerA1"
        },
        {
            "children": [
                23
            ],
            "matrix": [
                0.9811697602272034,
                2.159066099238771e-7,
                -0.19314739108085633,
                0.0,
                -2.2005023936344518e-7,
                1.0,
                -1.7188285300270837e-13,
                0.0,
                0.19314739108085633,
                4.250229679314543e-8,
                0.9811697602272034,
                0.0,
                0.1980971097946167,
                0.0,
                0.0,
                1.0
            ],
            "name": "_06_FeelerA2"
        },
        {
            "children": [
                24
            ],
            "matrix": [
                0.9760923981666564,
                2.2569037025528544e-13,
                -0.21735608577728272,
                0.0,
                4.662730646032287e-9,
                1.0,
                2.0940209566333583e-8,
                0.0,
                0.21735608577728272,
                -2.1453050891295793e-8,
                0.9760923981666564,
                0.0,
                0.22932742536067964,
                9.24046971752246e-13,
                4.844669021508708e-8,
                1.0
            ],
            "name": "_07_FeelerA3"
        },
        {
            "matrix": [
                -0.1398961991071701,
                6.00369276071433e-7,
                -0.990166187286377,
                0.0,
                9.86498434940586e-7,
                1.0,
                4.669538782309246e-7,
                0.0,
                0.990166187286377,
                -9.114723411585146e-7,
                -0.1398961991071701,
                0.0,
                0.3051581382751465,
                -3.696182628628447e-13,
                4.844669021508708e-8,
                1.0
            ],
            "name": "_08_FeelerA4"
        },
        {
            "children": [
                26
            ],
            "matrix": [
                1.0,
                -0.0,
                0.0,
                0.0,
                0.0,
                4.4896641959724089e-11,
                1.0,
                0.0,
                -0.0,
                -1.0,
                4.4896641959724089e-11,
                0.0,
                0.0,
                0.0,
                0.0,
                1.0
            ],
            "name": "_01_pm0043_00"
        },
        {
            "children": [
                2
            ],
            "name": "_02_Origin"
        }
    ],
    "meshes": [
        {
            "primitives": [
                {
                    "attributes": {
                        "COLOR_0": 1,
                        "JOINTS_0": 2,
                        "NORMAL": 3,
                        "POSITION": 4,
                        "TEXCOORD_0": 5,
                        "WEIGHTS_0": 6
                    },
                    "indices": 0,
                    "mode": 4,
                    "material": 0
                },
                {
                    "attributes": {
                        "COLOR_0": 8,
                        "JOINTS_0": 9,
                        "NORMAL": 10,
                        "POSITION": 11,
                        "TEXCOORD_0": 12,
                        "WEIGHTS_0": 13
                    },
                    "indices": 7,
                    "mode": 4,
                    "material": 1
                },
                {
                    "attributes": {
                        "COLOR_0": 15,
                        "JOINTS_0": 16,
                        "NORMAL": 17,
                        "POSITION": 18,
                        "TEXCOORD_0": 19,
                        "WEIGHTS_0": 20
                    },
                    "indices": 14,
                    "mode": 4,
                    "material": 2
                }
            ],
            "name": "Oodish"
        }
    ],
    "skins": [
        {
            "inverseBindMatrices": 21,
            "skeleton": 2,
            "joints": [
                13,
                14,
                12,
                4,
                5,
                3,
                2,
                15,
                16,
                17,
                18,
                19,
                20,
                6,
                7,
                8,
                9,
                10,
                11,
                21,
                22,
                23,
                24
            ],
            "name": "geom-Oodish-skin1"
        }
    ],
    "accessors": [
        {
            "bufferView": 0,
            "byteOffset": 0,
            "componentType": 5123,
            "count": 11220,
            "max": [
                2296
            ],
            "min": [
                0
            ],
            "type": "SCALAR"
        },
        {
            "bufferView": 1,
            "byteOffset": 0,
            "componentType": 5126,
            "count": 2297,
            "max": [
                1.0,
                1.0,
                1.0
            ],
            "min": [
                1.0,
                1.0,
                1.0
            ],
            "type": "VEC3"
        },
        {
            "bufferView": 2,
            "byteOffset": 0,
            "componentType": 5123,
            "count": 2297,
            "max": [
                22,
                22,
                22,
                0
            ],
            "min": [
                0,
                0,
                0,
                0
            ],
            "type": "VEC4"
        },
        {
            "bufferView": 1,
            "byteOffset": 27564,
            "componentType": 5126,
            "count": 2297,
            "max": [
                0.9975873231887816,
                0.9999992847442628,
                0.9993951320648192
            ],
            "min": [
                -0.9975872039794922,
                -1.0,
                -0.9999834299087524
            ],
            "type": "VEC3"
        },
        {
            "bufferView": 1,
            "byteOffset": 55128,
            "componentType": 5126,
            "count": 2297,
            "max": [
                0.7319213151931763,
                1.2697230577468873,
                0.28511500358581545
            ],
            "min": [
                -0.7319213151931763,
                -0.0001484485255787149,
                -0.4909413456916809
            ],
            "type": "VEC3"
        },
        {
            "bufferView": 2,
            "byteOffset": 18376,
            "componentType": 5126,
            "count": 2297,
            "max": [
                0.9992185831069946,
                0.9907445907592772
            ],
            "min": [
                0.00781246880069375,
                0.012260973453521729
            ],
            "type": "VEC2"
        },
        {
            "bufferView": 3,
            "byteOffset": 0,
            "componentType": 5126,
            "count": 2297,
            "max": [
                1.0,
                0.9800000190734864,
                0.4899999797344208,
                0.0
            ],
            "min": [
                0.009999999776482582,
                0.0,
                0.0,
                0.0
            ],
            "type": "VEC4"
        },
        {
            "bufferView": 0,
            "byteOffset": 22440,
            "componentType": 5123,
            "count": 36,
            "max": [
                11
            ],
            "min": [
                0
            ],
            "type": "SCALAR"
        },
        {
            "bufferView": 1,
            "byteOffset": 82692,
            "componentType": 5126,
            "count": 12,
            "max": [
                1.0,
                1.0,
                1.0
            ],
            "min": [
                1.0,
                1.0,
                1.0
            ],
            "type": "VEC3"
        },
        {
            "bufferView": 2,
            "byteOffset": 36752,
            "componentType": 5123,
            "count": 12,
            "max": [
                6,
                0,
                0,
                0
            ],
            "min": [
                6,
                0,
                0,
                0
            ],
            "type": "VEC4"
        },
        {
            "bufferView": 1,
            "byteOffset": 82836,
            "componentType": 5126,
            "count": 12,
            "max": [
                0.18303969502449037,
                0.2247218042612076,
                0.9978011250495912
            ],
            "min": [
                -0.18303969502449037,
                -0.2604409158229828,
                0.950805127620697
            ],
            "type": "VEC3"
        },
        {
            "bufferView": 1,
            "byteOffset": 82980,
            "componentType": 5126,
            "count": 12,
            "max": [
                0.05249087885022164,
                0.3547058999538422,
                0.2900832295417786
            ],
            "min": [
                -0.05249087885022164,
                0.2521425187587738,
                0.2792196571826935
            ],
            "type": "VEC3"
        },
        {
            "bufferView": 2,
            "byteOffset": 36848,
            "componentType": 5126,
            "count": 12,
            "max": [
                0.4974678158760071,
                0.23113471269607545
            ],
            "min": [
                0.020515160635113717,
                0.004854679107666016
            ],
            "type": "VEC2"
        },
        {
            "bufferView": 3,
            "byteOffset": 36752,
            "componentType": 5126,
            "count": 12,
            "max": [
                1.0,
                0.0,
                0.0,
                0.0
            ],
            "min": [
                1.0,
                0.0,
                0.0,
                0.0
            ],
            "type": "VEC4"
        },
        {
            "bufferView": 0,
            "byteOffset": 22512,
            "componentType": 5123,
            "count": 72,
            "max": [
                23
            ],
            "min": [
                0
            ],
            "type": "SCALAR"
        },
        {
            "bufferView": 1,
            "byteOffset": 83124,
            "componentType": 5126,
            "count": 24,
            "max": [
                1.0,
                1.0,
                1.0
            ],
            "min": [
                1.0,
                1.0,
                1.0
            ],
            "type": "VEC3"
        },
        {
            "bufferView": 2,
            "byteOffset": 36944,
            "componentType": 5123,
            "count": 24,
            "max": [
                6,
                0,
                0,
                0
            ],
            "min": [
                6,
                0,
                0,
                0
            ],
            "type": "VEC4"
        },
        {
            "bufferView": 1,
            "byteOffset": 83412,
            "componentType": 5126,
            "count": 24,
            "max": [
                0.500673234462738,
                0.5186741948127747,
                0.980931520462036
            ],
            "min": [
                -0.5006732940673828,
                0.060908060520887378,
                0.7561802864074707
            ],
            "type": "VEC3"
        },
        {
            "bufferView": 1,
            "byteOffset": 83700,
            "componentType": 5126,
            "count": 24,
            "max": [
                0.1571856141090393,
                0.43284645676612856,
                0.28511500358581545
            ],
            "min": [
                -0.1571856141090393,
                0.3147364854812622,
                0.2141069918870926
            ],
            "type": "VEC3"
        },
        {
            "bufferView": 2,
            "byteOffset": 37136,
            "componentType": 5126,
            "count": 24,
            "max": [
                0.4855450093746186,
                0.23653751611709596
            ],
            "min": [
                0.014518629759550097,
                0.009767472743988036
            ],
            "type": "VEC2"
        },
        {
            "bufferView": 3,
            "byteOffset": 36944,
            "componentType": 5126,
            "count": 24,
            "max": [
                1.0,
                0.0,
                0.0,
                0.0
            ],
            "min": [
                1.0,
                0.0,
                0.0,
                0.0
            ],
            "type": "VEC4"
        },
        {
            "bufferView": 4,
            "byteOffset": 0,
            "componentType": 5126,
            "count": 23,
            "max": [
                0.9069823026657105,
                1.0,
                0.4646584093570709,
                0.0,
                1.0,
                0.942401111125946,
                0.9999971985816956,
                0.0,
                1.0,
                3.593341375562886e-7,
                1.0,
                0.0,
                22.6013298034668,
                21.269039154052736,
                2.485605955123902,
                1.0
            ],
            "min": [
                -0.9069849848747252,
                -1.0,
                -0.4646596908569336,
                0.0,
                -0.9820204377174376,
                -0.9424030184745788,
                -0.1887744516134262,
                0.0,
                -0.8421825170516968,
                -2.392398528172635e-7,
                -0.5391923785209656,
                0.0,
                -35.06235885620117,
                -21.26898002624512,
                -44.35074996948242,
                1.0
            ],
            "type": "MAT4"
        }
    ],
    "materials": [
        {
            "pbrMetallicRoughness": {
                "baseColorFactor": [
                    1.0,
                    1.0,
                    1.0,
                    1.0
                ],
                "baseColorTexture": {
                    "index": 0
                },
                "metallicFactor": 0.0
            },
            "emissiveFactor": [
                0.0,
                0.0,
                0.0
            ],
            "occlusionTexture": {
                "index": 0
            },
            "name": "Body"
        },
        {
            "pbrMetallicRoughness": {
                "baseColorFactor": [
                    1.0,
                    1.0,
                    1.0,
                    1.0
                ],
                "baseColorTexture": {
                    "index": 1
                },
                "metallicFactor": 0.0
            },
            "emissiveFactor": [
                0.0,
                0.0,
                0.0
            ],
            "occlusionTexture": {
                "index": 1
            },
            "name": "Mouth"
        },
        {
            "pbrMetallicRoughness": {
                "baseColorFactor": [
                    1.0,
                    1.0,
                    1.0,
                    1.0
                ],
                "baseColorTexture": {
                    "index": 2
                },
                "metallicFactor": 0.0
            },
            "emissiveFactor": [
                0.0,
                0.0,
                0.0
            ],
            "occlusionTexture": {
                "index": 2
            },
            "name": "Eye"
        }
    ],
    "textures": [
        {
            "sampler": 0,
            "source": 0
        },
        {
            "sampler": 0,
            "source": 1
        },
        {
            "sampler": 0,
            "source": 2
        }
    ],
    "images": [
        {
            "uri": "pm0043_00_Body1.png"
        },
        {
            "uri": "pm0043_00_Mouth1.png"
        },
        {
            "uri": "pm0043_00_Eye1.png"
        }
    ],
    "samplers": [
        {
            "magFilter": 9729,
            "minFilter": 9986,
            "wrapS": 10497,
            "wrapT": 10497
        }
    ],
    "bufferViews": [
        {
            "buffer": 0,
            "byteOffset": 160116,
            "byteLength": 22656,
            "target": 34963
        },
        {
            "buffer": 0,
            "byteOffset": 38800,
            "byteLength": 83988,
            "byteStride": 12,
            "target": 34962
        },
        {
            "buffer": 0,
            "byteOffset": 122788,
            "byteLength": 37328,
            "byteStride": 8,
            "target": 34962
        },
        {
            "buffer": 0,
            "byteOffset": 1472,
            "byteLength": 37328,
            "byteStride": 16,
            "target": 34962
        },
        {
            "buffer": 0,
            "byteOffset": 0,
            "byteLength": 1472
        }
    ],
    "buffers": [
        {
            "byteLength": 182772,
            "uri": "Oddish0.bin"
        }
    ]
}
