{
    "asset": {
        "generator": "COLLADA2GLTF",
        "version": "2.0"
    },
    "scenes": [
        {
            "nodes": [
                0
            ]
        }
    ],
    "scene": 0,
    "nodes": [
        {
            "children": [
                22,
                1
            ],
            "matrix": [
                1.0,
                0.0,
                0.0,
                0.0,
                0.0,
                0.0,
                -1.0,
                0.0,
                0.0,
                1.0,
                0.0,
                0.0,
                0.0,
                0.0,
                0.0,
                1.0
            ],
            "name": "Z_UP"
        },
        {
            "mesh": 0,
            "skin": 0,
            "name": "Spearow"
        },
        {
            "children": [
                13,
                4,
                3
            ],
            "matrix": [
                0.000007590054337924812,
                -3.6192199411033688e-12,
                -1.0,
                0.0,
                9.5367431640625e-7,
                1.0,
                3.6192199411033688e-12,
                0.0,
                1.0,
                -9.5367431640625e-7,
                0.000007590054337924812,
                0.0,
                0.0,
                0.0,
                0.0,
                1.0
            ],
            "name": "_05_Hips"
        },
        {
            "matrix": [
                -0.44303038716316225,
                7.167139415287238e-7,
                -0.8965066075325012,
                0.0,
                -0.0000019977060219389388,
                -1.0,
                1.8776273691401005e-7,
                0.0,
                -0.8965066075325012,
                0.0000018741411622613669,
                0.44303038716316225,
                0.0,
                0.024150680750608445,
                -4.158208337119024e-13,
                -0.24033460021018986,
                1.0
            ],
            "name": "_33_Tail"
        },
        {
            "children": [
                5
            ],
            "matrix": [
                0.998291015625,
                2.481311298652145e-7,
                -0.05843813344836235,
                0.0,
                -2.484433991867263e-7,
                1.0,
                1.922076942051376e-9,
                0.0,
                0.05843813344836235,
                1.259977544521007e-8,
                0.998291015625,
                0.0,
                -0.024760333821177484,
                -0.0642310082912445,
                -9.689338043017418e-8,
                1.0
            ],
            "name": "_20_RThigh"
        },
        {
            "children": [
                6
            ],
            "matrix": [
                0.9390231966972352,
                -4.05139966781526e-15,
                0.3438537418842316,
                0.0,
                4.3320571739211e-14,
                1.0,
                -1.0652093898784465e-13,
                0.0,
                -0.3438537418842316,
                1.14921567813224e-13,
                0.9390231966972352,
                0.0,
                0.15813609957695008,
                0.0,
                1.6956327897332813e-7,
                1.0
            ],
            "name": "_21_RLeg"
        },
        {
            "children": [
                11,
                9,
                7
            ],
            "matrix": [
                0.28839153051376345,
                0.000007194831596279983,
                0.9575125575065612,
                0.0,
                -0.0004043364024255425,
                0.9999999403953552,
                0.00011426728451624513,
                0.0,
                -0.9575124979019164,
                -0.0004201109113637358,
                0.28839150071144106,
                0.0,
                0.13187366724014286,
                -1.2111659231095473e-8,
                -4.844669021508708e-8,
                1.0
            ],
            "name": "_22_RFoot"
        },
        {
            "children": [
                8
            ],
            "matrix": [
                -0.9803252220153808,
                -0.00007280419958988205,
                -0.19738923013210298,
                0.0,
                -0.000010263325748383068,
                -0.9999999403953552,
                0.000419808056904003,
                0.0,
                -0.19738924503326417,
                0.0004135742783546448,
                0.9803251028060912,
                0.0,
                -0.019548043608665468,
                0.00010236778325634076,
                -0.01635100319981575,
                1.0
            ],
            "name": "_30_RToeD1"
        },
        {
            "matrix": [
                0.9485979676246644,
                -2.0324960789928906e-13,
                -0.31648358702659609,
                0.0,
                -1.5091096372543689e-7,
                1.0,
                -4.523269012679521e-7,
                0.0,
                0.31648358702659609,
                4.768372718899627e-7,
                0.9485979676246644,
                0.0,
                0.0465523824095726,
                -6.055842494134822e-9,
                0.0,
                1.0
            ],
            "name": "_31_RToeD2"
        },
        {
            "children": [
                10
            ],
            "matrix": [
                0.9791973829269408,
                -0.12798923254013062,
                -0.15745237469673158,
                0.0,
                0.12954004108905793,
                0.9915741086006165,
                -0.0004162608238402754,
                0.0,
                0.15617896616458894,
                -0.019988786429166799,
                0.9875264763832092,
                0.0,
                0.06009515747427941,
                -0.025175202637910844,
                -0.023142468184232713,
                1.0
            ],
            "name": "_27_RToeC1"
        },
        {
            "matrix": [
                0.9742713570594788,
                1.1128451937736373e-8,
                -0.22537821531295777,
                0.0,
                -4.870111425248069e-9,
                1.0,
                2.8324127043788399e-8,
                0.0,
                0.22537821531295777,
                -2.649776931207271e-8,
                0.9742713570594788,
                0.0,
                0.052087269723415378,
                1.09004858472872e-7,
                1.1808866418050457e-7,
                1.0
            ],
            "name": "_28_RToeC2"
        },
        {
            "children": [
                12
            ],
            "matrix": [
                0.9854626059532166,
                0.11270128935575484,
                -0.1271294951438904,
                0.0,
                -0.11367632448673248,
                0.9935177564620972,
                -0.0004171573673374951,
                0.0,
                0.12625838816165925,
                0.014862705953419209,
                0.991886019706726,
                0.0,
                0.05964430421590805,
                0.026907235383987428,
                -0.02179727703332901,
                1.0
            ],
            "name": "_24_RToeB1"
        },
        {
            "matrix": [
                0.9583792090415956,
                1.695957507763524e-7,
                -0.2854983508586884,
                0.0,
                -1.039219625909027e-7,
                1.0,
                2.451821785598441e-7,
                0.0,
                0.2854983508586884,
                -2.0530795552531345e-7,
                0.9583792090415956,
                0.0,
                0.055109359323978427,
                9.992131566605168e-8,
                -1.2717246988813716e-7,
                1.0
            ],
            "name": "_25_RToeB2"
        },
        {
            "children": [
                14
            ],
            "matrix": [
                0.998291015625,
                2.481311298652145e-7,
                -0.05843813344836235,
                0.0,
                -2.484433991867263e-7,
                1.0,
                1.922076942051376e-9,
                0.0,
                0.05843813344836235,
                1.259977544521007e-8,
                0.998291015625,
                0.0,
                -0.024759607389569284,
                0.0642310082912445,
                0.0,
                1.0
            ],
            "name": "_07_LThigh"
        },
        {
            "children": [
                15
            ],
            "matrix": [
                0.9390231966972352,
                -4.05139966781526e-15,
                0.3438537418842316,
                0.0,
                4.3320571739211e-14,
                1.0,
                -1.0652093898784465e-13,
                0.0,
                -0.3438537418842316,
                1.14921567813224e-13,
                0.9390231966972352,
                0.0,
                0.1581353396177292,
                0.0,
                -2.422331846219095e-8,
                1.0
            ],
            "name": "_08_LLeg"
        },
        {
            "children": [
                20,
                18,
                16
            ],
            "matrix": [
                0.28839153051376345,
                0.000007194831596279983,
                0.9575125575065612,
                0.0,
                -0.0004043364024255425,
                0.9999999403953552,
                0.00011426728451624513,
                0.0,
                -0.9575124979019164,
                -0.0004201109113637358,
                0.28839150071144106,
                0.0,
                0.1318737417459488,
                -1.2111659231095473e-8,
                0.0,
                1.0
            ],
            "name": "_09_LFoot"
        },
        {
            "children": [
                17
            ],
            "matrix": [
                -0.9803252220153808,
                -0.00007280419958988205,
                -0.19738923013210298,
                0.0,
                -0.000010263325748383068,
                -0.9999999403953552,
                0.000419808056904003,
                0.0,
                -0.19738924503326417,
                0.0004135742783546448,
                0.9803251028060912,
                0.0,
                -0.01954824849963188,
                -0.00010240410483675078,
                -0.01635092683136463,
                1.0
            ],
            "name": "_17_LToeD1"
        },
        {
            "matrix": [
                0.9485979676246644,
                -2.0324960789928906e-13,
                -0.31648358702659609,
                0.0,
                -1.5091096372543689e-7,
                1.0,
                -4.523269012679521e-7,
                0.0,
                0.31648358702659609,
                4.768372718899627e-7,
                0.9485979676246644,
                0.0,
                0.04655235633254051,
                -6.055842494134822e-9,
                6.055842494134822e-9,
                1.0
            ],
            "name": "_18_LToeD2"
        },
        {
            "children": [
                19
            ],
            "matrix": [
                0.9791991710662842,
                0.1278427690267563,
                -0.15756019949913026,
                0.0,
                -0.1295257955789566,
                0.9915759563446044,
                -0.00041719822911545634,
                0.0,
                0.15617956221103669,
                0.020816629752516748,
                0.987509310245514,
                0.0,
                0.0600951798260212,
                0.02517502382397652,
                -0.023142334073781968,
                1.0
            ],
            "name": "_14_LToeC1"
        },
        {
            "matrix": [
                0.9742714166641237,
                4.366464168015227e-7,
                -0.22537803649902345,
                0.0,
                -2.874436404454173e-7,
                1.0,
                6.948250756977359e-7,
                0.0,
                0.22537803649902345,
                -6.121647402324015e-7,
                0.9742714166641237,
                0.0,
                0.05208699032664299,
                -1.2111659231095473e-8,
                3.0279085905249305e-9,
                1.0
            ],
            "name": "_15_LToeC2"
        },
        {
            "children": [
                21
            ],
            "matrix": [
                0.985460877418518,
                -0.1128225475549698,
                -0.12703508138656617,
                0.0,
                0.11369097977876665,
                0.9935160875320436,
                -0.0004171621694695205,
                0.0,
                0.1262584626674652,
                -0.014031646773219109,
                0.9918981194496156,
                0.0,
                0.05964430421590805,
                -0.026907235383987428,
                -0.02179737575352192,
                1.0
            ],
            "name": "_11_LToeB1"
        },
        {
            "matrix": [
                0.958379328250885,
                1.1466327265452493e-7,
                -0.2854978442192078,
                0.0,
                -1.011485508684018e-7,
                1.0,
                6.208310310285016e-8,
                0.0,
                0.2854978442192078,
                -3.062147158061635e-8,
                0.958379328250885,
                0.0,
                0.05510933697223663,
                -3.0279085905249305e-9,
                -3.0279085905249305e-9,
                1.0
            ],
            "name": "_12_LToeB2"
        },
        {
            "children": [
                23
            ],
            "matrix": [
                1.0,
                -0.0,
                0.0,
                0.0,
                0.0,
                4.4896641959724089e-11,
                1.0,
                0.0,
                -0.0,
                -1.0,
                4.4896641959724089e-11,
                0.0,
                0.0,
                0.0,
                0.0,
                1.0
            ],
            "name": "_01_pm0021_00"
        },
        {
            "children": [
                24
            ],
            "name": "_02_Origin"
        },
        {
            "children": [
                2,
                25
            ],
            "matrix": [
                -0.0000028247213776921859,
                0.000002824722514560563,
                1.0,
                0.0,
                1.0,
                -3.469968703484483e-7,
                0.000002824722514560563,
                0.0,
                3.470048284270888e-7,
                1.0,
                -0.0000028247213776921859,
                0.0,
                0.0,
                0.32460689544677737,
                -0.19107988476753236,
                1.0
            ],
            "name": "_03_Waist"
        },
        {
            "children": [
                41,
                39,
                31,
                28,
                26
            ],
            "matrix": [
                0.7207857370376587,
                0.000001729969426378375,
                0.6931579113006592,
                0.0,
                5.359590886655496e-7,
                -1.0,
                0.000001938458353833994,
                0.0,
                0.6931579113006592,
                -0.0000010257087978970958,
                -0.7207857370376587,
                0.0,
                0.0,
                0.0,
                0.0,
                1.0
            ],
            "name": "_35_Spine"
        },
        {
            "children": [
                27
            ],
            "matrix": [
                -0.9950311779975892,
                0.09679455310106278,
                -0.02331864833831787,
                0.0,
                -0.0941924899816513,
                -0.8392817378044128,
                0.5354754328727722,
                0.0,
                0.03226019069552422,
                0.5350111722946167,
                0.8442288041114807,
                0.0,
                0.21687692403793336,
                0.10699671506881714,
                -0.05583351477980614,
                1.0
            ],
            "name": "_61_RFeeler1"
        },
        {
            "matrix": [
                0.9133790731430054,
                0.1740511804819107,
                -0.3680283725261688,
                0.0,
                -0.2793181836605072,
                0.9255870580673218,
                -0.25547993183135989,
                0.0,
                0.2961756885051728,
                0.3361470401287079,
                0.8940274715423584,
                0.0,
                0.23393097519874576,
                9.689338043017418e-8,
                -9.689338043017418e-8,
                1.0
            ],
            "name": "_62_RFeeler2"
        },
        {
            "children": [
                29
            ],
            "matrix": [
                0.28988343477249148,
                0.9389554858207704,
                -0.18528398871421818,
                0.0,
                -0.6326369047164917,
                0.3332622945308686,
                0.6990756392478943,
                0.0,
                0.7181491255760193,
                -0.08543295413255692,
                0.6906251311302185,
                0.0,
                0.1700083464384079,
                0.12180744856595992,
                -0.05910477787256241,
                1.0
            ],
            "name": "_57_RArm"
        },
        {
            "children": [
                30
            ],
            "matrix": [
                0.8675146102905273,
                0.33000412583351138,
                0.372177004814148,
                0.0,
                -0.3555457293987274,
                0.9346588850021362,
                -4.696136954862596e-7,
                0.0,
                -0.3478586971759796,
                -0.1323255300521851,
                0.9281617999076844,
                0.0,
                0.20802366733551024,
                -0.000002034758381341817,
                -1.332283403598922e-7,
                1.0
            ],
            "name": "_58_RForeArm"
        },
        {
            "matrix": [
                0.6147931814193726,
                0.2651287913322449,
                -0.7427893877029419,
                0.0,
                -0.16904932260513309,
                0.9642130136489868,
                0.2042439728975296,
                0.0,
                0.770358145236969,
                2.376333156917099e-7,
                0.637611448764801,
                0.0,
                0.18241539597511292,
                0.0000013080593816994224,
                -3.875735217206966e-7,
                1.0
            ],
            "name": "_59_RHand"
        },
        {
            "children": [
                32
            ],
            "matrix": [
                0.964269995689392,
                1.7227608850589608e-7,
                -0.2649215161800385,
                0.0,
                -1.786596186548195e-7,
                1.0,
                -5.1907822251661207e-14,
                0.0,
                0.2649215161800385,
                4.733082548113998e-8,
                0.964269995689392,
                0.0,
                0.23235546052455906,
                -2.7721306695462085e-13,
                4.844669021508708e-8,
                1.0
            ],
            "name": "_43_Neck"
        },
        {
            "children": [
                38,
                37,
                36,
                35,
                34,
                33
            ],
            "matrix": [
                0.5670024752616882,
                -2.703694406136492e-7,
                0.8237161040306091,
                0.0,
                -6.984711831137247e-7,
                1.0,
                8.090218557299522e-7,
                0.0,
                -0.8237161040306091,
                -0.000001034059323501424,
                0.5670024752616882,
                0.0,
                0.08671874552965164,
                1.8480938892943836e-13,
                2.422331846219095e-8,
                1.0
            ],
            "name": "_44_Head"
        },
        {
            "matrix": [
                -0.8649402260780335,
                0.2450070083141327,
                0.4380068182945252,
                0.0,
                0.3361011445522309,
                0.9309089183807372,
                0.14298447966575626,
                0.0,
                -0.37271225452423098,
                0.2708876132965088,
                -0.8875277042388916,
                0.0,
                0.0,
                0.1097259446978569,
                9.689338043017418e-8,
                1.0
            ],
            "name": "_55_RHairC"
        },
        {
            "matrix": [
                -0.7478166818618774,
                0.6419281363487244,
                -0.1694062352180481,
                0.0,
                -0.06488701701164246,
                0.18327593803405765,
                0.980917751789093,
                0.0,
                0.66072678565979,
                0.7445389628410339,
                -0.0954040065407753,
                0.0,
                0.021471219137310986,
                0.08167725056409836,
                -0.1164182350039482,
                1.0
            ],
            "name": "_53_RHairB"
        },
        {
            "matrix": [
                0.9845212697982788,
                7.91940877320485e-8,
                0.17526516318321229,
                0.0,
                -8.043917887334828e-8,
                1.0,
                -3.3858546256418038e-14,
                0.0,
                -0.17526516318321229,
                -1.4098152867347837e-8,
                0.9845212697982788,
                0.0,
                0.11433451622724532,
                0.0,
                0.0,
                1.0
            ],
            "name": "_51_LowerBeak"
        },
        {
            "matrix": [
                -0.8649405241012573,
                -0.24500557780265809,
                0.4380070269107819,
                0.0,
                -0.33610060811042788,
                0.9309087991714478,
                -0.1429867446422577,
                0.0,
                -0.37271201610565188,
                -0.2708894610404968,
                -0.8875272870063782,
                0.0,
                -1.2111659231095473e-8,
                -0.1097259446978569,
                1.4534006709254758e-7,
                1.0
            ],
            "name": "_49_LHairC"
        },
        {
            "matrix": [
                -0.7478164434432983,
                -0.6419286131858826,
                -0.16940532624721528,
                0.0,
                0.06488717347383499,
                0.18327432870864869,
                -0.9809180498123168,
                0.0,
                0.6607270240783691,
                -0.7445389032363892,
                -0.09540262073278429,
                0.0,
                0.021471276879310609,
                -0.08167728036642075,
                -0.11641843616962432,
                1.0
            ],
            "name": "_47_LHairB"
        },
        {
            "matrix": [
                0.045420724898576739,
                9.143061561189824e-7,
                0.998967945575714,
                0.0,
                -0.0000012934203823533608,
                -1.0,
                9.74059503278113e-7,
                0.0,
                0.998967945575714,
                -0.0000013363279549594154,
                -0.045420724898576739,
                0.0,
                0.0682726576924324,
                -9.240469446471918e-14,
                0.0683329850435257,
                1.0
            ],
            "name": "_45_HairA"
        },
        {
            "children": [
                40
            ],
            "matrix": [
                -0.9950311779975892,
                -0.09679484367370606,
                -0.023318612948060037,
                0.0,
                0.0941927209496498,
                -0.8392818570137024,
                -0.5354752540588379,
                0.0,
                0.03226035460829735,
                -0.5350109934806824,
                0.8442289233207703,
                0.0,
                0.21687619388103489,
                -0.10699675977230072,
                -0.05583278462290764,
                1.0
            ],
            "name": "_40_LFeeler1"
        },
        {
            "matrix": [
                0.9133789539337158,
                -0.17405129969120029,
                -0.3680285513401032,
                0.0,
                0.27931833267211916,
                0.925586998462677,
                0.2554798424243927,
                0.0,
                0.29617583751678469,
                -0.3361470401287079,
                0.8940274119377136,
                0.0,
                0.2339312583208084,
                -2.422331846219095e-8,
                4.844669021508708e-8,
                1.0
            ],
            "name": "_41_LFeeler2"
        },
        {
            "children": [
                42
            ],
            "matrix": [
                0.2898836433887482,
                -0.9389554262161256,
                -0.1852840781211853,
                0.0,
                0.6326371431350708,
                0.33326256275177,
                -0.6990753412246704,
                0.0,
                0.7181488275527954,
                0.08543290197849274,
                0.6906254291534424,
                0.0,
                0.17000915110111237,
                -0.12180750072002412,
                -0.05910554155707359,
                1.0
            ],
            "name": "_36_LArm"
        },
        {
            "children": [
                43
            ],
            "matrix": [
                0.8675148487091065,
                -0.33000391721725466,
                0.37217652797698977,
                0.0,
                0.35554561018943789,
                0.934658944606781,
                -2.4772441875597907e-9,
                0.0,
                -0.3478581309318543,
                0.13232573866844178,
                0.9281619787216188,
                0.0,
                0.20802325010299684,
                -4.844669021508708e-8,
                -2.422331846219095e-8,
                1.0
            ],
            "name": "_37_LForeArm"
        },
        {
            "matrix": [
                0.6147933006286621,
                -0.26512834429740908,
                -0.7427894473075867,
                0.0,
                0.1690492033958435,
                0.9642131328582764,
                -0.2042434960603714,
                0.0,
                0.7703580856323242,
                -4.359363003914041e-7,
                0.6376115083694458,
                0.0,
                0.1824144721031189,
                -1.4534006709254758e-7,
                -2.422331846219095e-8,
                1.0
            ],
            "name": "_38_LHand"
        }
    ],
    "meshes": [
        {
            "primitives": [
                {
                    "attributes": {
                        "COLOR_0": 1,
                        "JOINTS_0": 2,
                        "NORMAL": 3,
                        "POSITION": 4,
                        "TEXCOORD_0": 5,
                        "WEIGHTS_0": 6
                    },
                    "indices": 0,
                    "mode": 4,
                    "material": 0
                },
                {
                    "attributes": {
                        "COLOR_0": 8,
                        "JOINTS_0": 9,
                        "NORMAL": 10,
                        "POSITION": 11,
                        "TEXCOORD_0": 12,
                        "WEIGHTS_0": 13
                    },
                    "indices": 7,
                    "mode": 4,
                    "material": 1
                },
                {
                    "attributes": {
                        "COLOR_0": 15,
                        "JOINTS_0": 16,
                        "NORMAL": 17,
                        "POSITION": 18,
                        "TEXCOORD_0": 19,
                        "WEIGHTS_0": 20
                    },
                    "indices": 14,
                    "mode": 4,
                    "material": 2
                }
            ],
            "name": "Spearow"
        }
    ],
    "skins": [
        {
            "inverseBindMatrices": 21,
            "skeleton": 2,
            "joints": [
                25,
                31,
                32,
                15,
                16,
                17,
                20,
                14,
                18,
                19,
                21,
                37,
                36,
                38,
                34,
                33,
                35,
                2,
                41,
                28,
                42,
                43,
                29,
                30,
                13,
                4,
                39,
                40,
                26,
                27,
                5,
                3,
                6,
                11,
                7,
                8,
                9,
                10,
                12
            ],
            "name": "geom-Spearow-skin1"
        }
    ],
    "accessors": [
        {
            "bufferView": 0,
            "byteOffset": 0,
            "componentType": 5123,
            "count": 8352,
            "max": [
                2006
            ],
            "min": [
                0
            ],
            "type": "SCALAR"
        },
        {
            "bufferView": 1,
            "byteOffset": 0,
            "componentType": 5126,
            "count": 2007,
            "max": [
                1.0,
                1.0,
                1.0
            ],
            "min": [
                1.0,
                1.0,
                1.0
            ],
            "type": "VEC3"
        },
        {
            "bufferView": 2,
            "byteOffset": 0,
            "componentType": 5123,
            "count": 2007,
            "max": [
                38,
                38,
                38,
                37
            ],
            "min": [
                0,
                0,
                0,
                0
            ],
            "type": "VEC4"
        },
        {
            "bufferView": 1,
            "byteOffset": 24084,
            "componentType": 5126,
            "count": 2007,
            "max": [
                0.9962049722671508,
                0.9999515414237976,
                0.9994570016860962
            ],
            "min": [
                -0.9962049722671508,
                -0.9999198317527772,
                -0.9999446868896484
            ],
            "type": "VEC3"
        },
        {
            "bufferView": 1,
            "byteOffset": 48168,
            "componentType": 5126,
            "count": 2007,
            "max": [
                0.21379053592681888,
                0.7871789932250977,
                0.2551099956035614
            ],
            "min": [
                -0.21379053592681888,
                -0.002358159050345421,
                -0.7420914769172669
            ],
            "type": "VEC3"
        },
        {
            "bufferView": 2,
            "byteOffset": 16056,
            "componentType": 5126,
            "count": 2007,
            "max": [
                0.998233437538147,
                0.9950729608535768
            ],
            "min": [
                -3.036649900423072e-7,
                0.002014577388763428
            ],
            "type": "VEC2"
        },
        {
            "bufferView": 3,
            "byteOffset": 0,
            "componentType": 5126,
            "count": 2007,
            "max": [
                1.0,
                0.9900000095367432,
                0.9399999976158142,
                0.800000011920929
            ],
            "min": [
                0.009999999776482582,
                0.0,
                0.0,
                0.0
            ],
            "type": "VEC4"
        },
        {
            "bufferView": 0,
            "byteOffset": 16704,
            "componentType": 5123,
            "count": 228,
            "max": [
                57
            ],
            "min": [
                0
            ],
            "type": "SCALAR"
        },
        {
            "bufferView": 1,
            "byteOffset": 72252,
            "componentType": 5126,
            "count": 58,
            "max": [
                1.0,
                1.0,
                1.0
            ],
            "min": [
                1.0,
                1.0,
                1.0
            ],
            "type": "VEC3"
        },
        {
            "bufferView": 2,
            "byteOffset": 32112,
            "componentType": 5123,
            "count": 58,
            "max": [
                2,
                0,
                0,
                0
            ],
            "min": [
                2,
                0,
                0,
                0
            ],
            "type": "VEC4"
        },
        {
            "bufferView": 1,
            "byteOffset": 72948,
            "componentType": 5126,
            "count": 58,
            "max": [
                0.824173629283905,
                0.6877716183662415,
                0.9580498933792114
            ],
            "min": [
                -0.824173629283905,
                -0.0639946311712265,
                0.4574336111545563
            ],
            "type": "VEC3"
        },
        {
            "bufferView": 1,
            "byteOffset": 73644,
            "componentType": 5126,
            "count": 58,
            "max": [
                0.08231021463871002,
                0.7035952210426331,
                0.17704282701015473
            ],
            "min": [
                -0.08231021463871002,
                0.6264325380325317,
                0.10789258778095246
            ],
            "type": "VEC3"
        },
        {
            "bufferView": 2,
            "byteOffset": 32576,
            "componentType": 5126,
            "count": 58,
            "max": [
                0.5078299641609192,
                0.2319849729537964
            ],
            "min": [
                0.009781540371477604,
                0.04191011190414429
            ],
            "type": "VEC2"
        },
        {
            "bufferView": 3,
            "byteOffset": 32112,
            "componentType": 5126,
            "count": 58,
            "max": [
                1.0,
                0.0,
                0.0,
                0.0
            ],
            "min": [
                1.0,
                0.0,
                0.0,
                0.0
            ],
            "type": "VEC4"
        },
        {
            "bufferView": 0,
            "byteOffset": 17160,
            "componentType": 5123,
            "count": 5988,
            "max": [
                1537
            ],
            "min": [
                0
            ],
            "type": "SCALAR"
        },
        {
            "bufferView": 1,
            "byteOffset": 74340,
            "componentType": 5126,
            "count": 1538,
            "max": [
                1.0,
                1.0,
                1.0
            ],
            "min": [
                1.0,
                1.0,
                1.0
            ],
            "type": "VEC3"
        },
        {
            "bufferView": 2,
            "byteOffset": 33040,
            "componentType": 5123,
            "count": 1538,
            "max": [
                28,
                29,
                23,
                19
            ],
            "min": [
                0,
                0,
                0,
                0
            ],
            "type": "VEC4"
        },
        {
            "bufferView": 1,
            "byteOffset": 92796,
            "componentType": 5126,
            "count": 1538,
            "max": [
                0.9960389137268066,
                0.9994134306907654,
                0.9897403120994568
            ],
            "min": [
                -0.9960389137268066,
                -0.9993653893470764,
                -0.9975426197052002
            ],
            "type": "VEC3"
        },
        {
            "bufferView": 1,
            "byteOffset": 111252,
            "componentType": 5126,
            "count": 1538,
            "max": [
                0.8533713221549988,
                0.5732881426811218,
                0.006340977735817432
            ],
            "min": [
                -0.8533711433410645,
                0.22055424749851228,
                -0.46089568734169009
            ],
            "type": "VEC3"
        },
        {
            "bufferView": 2,
            "byteOffset": 45344,
            "componentType": 5126,
            "count": 1538,
            "max": [
                0.996939182281494,
                0.9932063817977904
            ],
            "min": [
                0.008223016746342183,
                0.003275513648986817
            ],
            "type": "VEC2"
        },
        {
            "bufferView": 3,
            "byteOffset": 33040,
            "componentType": 5126,
            "count": 1538,
            "max": [
                1.0,
                0.9700000286102296,
                0.8899999856948853,
                0.04999999701976776
            ],
            "min": [
                0.009999999776482582,
                0.0,
                0.0,
                0.0
            ],
            "type": "VEC4"
        },
        {
            "bufferView": 4,
            "byteOffset": 0,
            "componentType": 5126,
            "count": 39,
            "max": [
                0.9389557242393494,
                1.0,
                0.7445377111434937,
                0.0,
                0.8593441247940064,
                0.9997482895851136,
                0.9999999403953552,
                0.0,
                0.9999998211860656,
                0.34480369091033938,
                1.0,
                0.0,
                19.01725006103516,
                25.831600189208986,
                22.799718856811525,
                1.0
            ],
            "min": [
                -0.9389548897743224,
                -1.0,
                -0.7445399165153503,
                0.0,
                -1.0,
                -0.9997488260269164,
                -0.997819483280182,
                0.0,
                -0.9803255200386049,
                -0.3448069095611572,
                -0.4974965453147888,
                0.0,
                -20.467639923095704,
                -25.831579208374025,
                -19.80745887756348,
                1.0
            ],
            "type": "MAT4"
        }
    ],
    "materials": [
        {
            "pbrMetallicRoughness": {
                "baseColorFactor": [
                    1.0,
                    1.0,
                    1.0,
                    1.0
                ],
                "baseColorTexture": {
                    "index": 0
                },
                "metallicFactor": 0.0
