{
    "asset": {
        "generator": "COLLADA2GLTF",
        "version": "2.0"
    },
    "scenes": [
        {
            "nodes": [
                0
            ]
        }
    ],
    "scene": 0,
    "nodes": [
        {
            "children": [
                62,
                61,
                60,
                59,
                58,
                57,
                1
            ],
            "matrix": [
                1.0,
                0.0,
                0.0,
                0.0,
                0.0,
                0.0,
                -1.0,
                0.0,
                0.0,
                1.0,
                0.0,
                0.0,
                0.0,
                0.0,
                0.0,
                1.0
            ],
            "name": "Z_UP"
        },
        {
            "mesh": 0,
            "skin": 0,
            "name": "Mesh_6__LEye_"
        },
        {
            "children": [
                4,
                3
            ],
            "matrix": [
                1.0,
                0.0,
                0.0,
                0.0,
                0.0,
                7.549790126404332e-8,
                -1.0,
                0.0,
                0.0,
                1.0,
                7.549790126404332e-8,
                0.0,
                0.0,
                0.0,
                0.0,
                1.0
            ],
            "name": "pm0035_00"
        },
        {
            "matrix": [
                1.0,
                0.0,
                0.0,
                0.0,
                0.0,
                1.0,
                0.0,
                0.0,
                0.0,
                0.0,
                1.0,
                0.0,
                0.0,
                0.0,
                1.98211000564108e-12,
                1.0
            ],
            "name": "pm0035_00_Skin"
        },
        {
            "children": [
                5
            ],
            "matrix": [
                1.0,
                -0.000001004900013867882,
                -9.213289899889788e-7,
                0.0,
                9.21328023650858e-7,
                0.9962419867515564,
                -0.08661287277936936,
                0.0,
                0.000001004900013867882,
                0.08661287277936936,
                0.9962419867515564,
                0.0,
                0.0,
                0.0,
                1.98211000564108e-12,
                1.0
            ],
            "name": "Origin"
        },
        {
            "children": [
                20,
                6
            ],
            "matrix": [
                -0.0000011222399507460069,
                0.99120831489563,
                0.13231059908866886,
                0.0,
                -1.0,
                -9.96716948975518e-7,
                -0.000001014969939205912,
                0.0,
                -8.741669716982869e-7,
                -0.13231059908866886,
                0.99120831489563,
                0.0,
                0.0,
                21.994579315185548,
                -1.9746600188330628e-12,
                1.0
            ],
            "name": "Waist"
        },
        {
            "children": [
                19,
                13,
                7
            ],
            "matrix": [
                -0.9989435076713562,
                7.333510188001213e-11,
                0.04595600813627243,
                0.0,
                7.320720418757532e-11,
                -1.0,
                3.1840499126190027e-9,
                0.0,
                0.04595562815666199,
                3.185310015751952e-9,
                0.9989433884620668,
                0.0,
                -0.000020980800400138834,
                0.000012735599739244208,
                0.0000028610199933609698,
                1.0
            ],
            "name": "Hips"
        },
        {
            "children": [
                8
            ],
            "matrix": [
                0.08169777691364289,
                -0.08197061717510224,
                -0.993280589580536,
                0.0,
                0.996634602546692,
                0.0000104532000477775,
                0.0819736123085022,
                0.0,
                -0.0067089879885315899,
                -0.9966349005699158,
                0.08169563114643097,
                0.0,
                7.014019966125488,
                -12.111729621887209,
                1.9140390157699586,
                1.0
            ],
            "name": "RThigh"
        },
        {
            "children": [
                9
            ],
            "matrix": [
                0.956657886505127,
                -0.2059520035982132,
                -0.20588649809360505,
                0.0,
                0.20693419873714448,
                0.978207230567932,
                -0.016992660239338876,
                0.0,
                0.204899400472641,
                -0.0263489093631506,
                0.9784284234046936,
                0.0,
                -1.9371499604403653e-7,
                8.119558334350586,
                9.536739753457368e-7,
                1.0
            ],
            "name": "RLeg"
        },
        {
            "children": [
                12,
                10
            ],
            "matrix": [
                -0.9838693141937256,
                -0.12724150717258454,
                -0.1257432997226715,
                0.0,
                0.12621110677719117,
                0.004411397967487574,
                -0.9919934272766112,
                0.0,
                0.12677739560604096,
                -0.9918621182441713,
                0.01171902008354664,
                0.0,
                0.0,
                5.250996112823486,
                0.0,
                1.0
            ],
            "name": "RFoot"
        },
        {
            "children": [
                11
            ],
            "matrix": [
                -0.00002125510036421474,
                -0.9999999403953552,
                0.0004949109861627221,
                0.0,
                0.9999999403953552,
                -0.000021501400624401869,
                -0.0004975409829057753,
                0.0,
                0.0004975509946234524,
                0.0004949200083501637,
                0.9999995827674866,
                0.0,
                4.767673015594482,
                -0.0004014969745185226,
                -1.0402989387512208,
                1.0
            ],
            "name": "RToe"
        },
        {
            "matrix": [
                -0.00004247439937898889,
                0.9999999403953552,
                0.000497668981552124,
                0.0,
                -0.9999999403953552,
                -0.000042761101212818178,
                0.0004947640118189156,
                0.0,
                0.0004947849665768445,
                -0.0004976479685865343,
                0.999999701976776,
                0.0,
                0.0,
                4.114359855651856,
                -2.98022992950564e-8,
                1.0
            ],
            "name": "EndRToe"
        },
        {
            "matrix": [
                1.0,
                0.0,
                1.0727699617518739e-7,
                0.0,
                -2.0918400692182538e-11,
                1.0,
                1.8160799086786029e-8,
                0.0,
                -1.0739299938222757e-7,
                4.6566100975198307e-10,
                0.9999999403953552,
                0.0,
                8.588309288024903,
                0.00002574920108600054,
                -0.004274963866919279,
                1.0
            ],
            "name": "EndRFoot"
        },
        {
            "children": [
                14
            ],
            "matrix": [
                0.08169999718666077,
                -0.08196663111448288,
                -0.993280589580536,
                0.0,
                0.9966341853141784,
                7.078049861775071e-7,
                0.08197660744190216,
                0.0,
                -0.00671859085559845,
                -0.9966351389884948,
                0.08169083297252655,
                0.0,
                7.013889789581299,
                12.111839294433594,
                1.91402804851532,
                1.0
            ],
            "name": "LThigh"
        },
        {
            "children": [
                15
            ],
            "matrix": [
                0.956664502620697,
                -0.2059614062309265,
                -0.2058470994234085,
                0.0,
                0.20693430304527284,
                0.9782066345214844,
                -0.017032600939273839,
                0.0,
                0.20486900210380558,
                -0.026302490383386613,
                0.9784358143806458,
                0.0,
                0.0,
                8.119564056396485,
                0.0,
                1.0
            ],
            "name": "LLeg"
        },
        {
            "children": [
                18,
                16
            ],
            "matrix": [
                -0.9836999773979188,
                -0.12858699262142182,
                -0.12569759786129,
                0.0,
                0.12617720663547517,
                0.00444249389693141,
                -0.9919978976249696,
                0.0,
                0.12811629474163056,
                -0.991688311100006,
                0.011854710057377816,
                0.0,
                0.0,
                5.250967025756836,
                0.0,
                1.0
            ],
            "name": "LFoot"
        },
        {
            "children": [
                17
            ],
            "matrix": [
                0.00000601028978053364,
                -0.9999983310699464,
                0.001851003966294229,
                0.0,
                0.9999983310699464,
                0.0000025788899620238228,
                -0.00185386894736439,
                0.0,
                0.001853860914707184,
                0.001851001987233758,
                0.9999964833259584,
                0.0,
                4.766261100769043,
                -0.0019083019578829408,
                -1.0467690229415894,
                1.0
            ],
            "name": "LToe"
        },
        {
            "matrix": [
                0.000005226439952821238,
                1.0,
                -0.000378173979697749,
                0.0,
                -1.0,
                0.000005102229806652758,
                -0.0003811819769907743,
                0.0,
                -0.00038118299562484026,
                0.00037817598786205053,
                0.9999999403953552,
                0.0,
                0.0,
                4.114361763000488,
                0.0,
                1.0
            ],
            "name": "EndLToe"
        },
        {
            "matrix": [
                1.0,
                0.0,
                3.22470015134968e-8,
                0.0,
                1.0823000134996264e-10,
                1.0,
                -9.778889697997784e-9,
                0.0,
                -3.22470015134968e-8,
                4.6566100975198307e-10,
                0.9999999403953552,
                0.0,
                8.588301658630371,
                0.000024795499484753237,
                -0.015921950340270997,
                1.0
            ],
            "name": "EndLFoot"
        },
        {
            "matrix": [
                0.9999999403953552,
                0.0,
                -9.927130228959414e-10,
                0.0,
                0.0,
                1.0,
                -3.426079923845378e-16,
                0.0,
                8.117600032164773e-7,
                -9.932759638658226e-14,
                1.0,
                0.0,
                17.185609817504884,
                0.00010181599645875394,
                0.00010371199459768832,
                1.0
            ],
            "name": "EndHips"
        },
        {
            "children": [
                55,
                54,
                52,
                50,
                39,
                37,
                35,
                24,
                21
            ],
            "matrix": [
                1.0,
                -7.815969415734744e-14,
                2.2351699158207343e-8,
                0.0,
                0.0,
                1.0,
                2.886579864025407e-15,
                0.0,
                -4.0605701201457136e-7,
                1.2572200225324792e-12,
                1.0,
                0.0,
                0.0000019073499970545528,
                -1.81899005406716e-12,
                0.0,
                1.0
            ],
            "name": "Head"
        },
        {
            "children": [
                22
            ],
            "matrix": [
                0.4497879147529602,
                -0.8272433876991272,
                -0.3366886079311371,
                0.0,
                -0.599261999130249,
                -0.0000047683697630418468,
                -0.8005527853965759,
                0.0,
                0.6622505187988281,
                0.5618436336517334,
                -0.4957381188869477,
                0.0,
                4.233573913574219,
                0.00006298410153249279,
                -20.430700302124025,
                1.0
            ],
            "name": "Tail1"
        },
        {
            "children": [
                23
            ],
            "matrix": [
                0.9967809915542604,
                0.04267856106162071,
                0.06786617636680603,
                0.0,
                -0.03882250189781189,
                0.9976102113723756,
                -0.05715721845626831,
                0.0,
                -0.0701431930065155,
                0.05433851107954979,
                0.9960560202598572,
                0.0,
                -0.0000019073499970545528,
                14.644819259643557,
                -0.0000019073499970545528,
                1.0
            ],
            "name": "Tail2"
        },
        {
            "matrix": [
                4.768369876728684e-7,
                1.0,
                0.000004559759872790892,
                0.0,
                0.7864506840705872,
                0.0000024043399662332378,
                -0.6176528334617615,
                0.0,
                -0.6176530122756958,
                0.000003874300091410987,
                -0.786450982093811,
                0.0,
                -0.0000019073499970545528,
                16.941200256347658,
                -0.0000019073499970545528,
                1.0
            ],
            "name": "EndTail2"
        },
        {
            "children": [
                25
            ],
            "matrix": [
                0.7696143984794617,
                0.48519790172576907,
                -0.4150625169277191,
                0.0,
                0.03621260076761246,
                0.6158350110054016,
                0.7870424389839172,
                0.0,
                0.6374810934066773,
                -0.620749831199646,
                0.4563849866390228,
                0.0,
                9.028053283691408,
                13.500049591064454,
                4.09536075592041,
                1.0
            ],
            "name": "RShoulder"
        },
        {
            "children": [
                26
            ],
            "matrix": [
                0.8028883934020996,
                0.09838365018367768,
                0.5879554152488709,
                0.0,
                0.02700131013989449,
                0.9792731404304504,
                -0.20073570311069489,
                0.0,
                -0.5955178141593933,
                0.17704389989376069,
                0.7835903167724609,
                0.0,
                -0.0000019073499970545528,
                10.096260070800782,
                0.0,
                1.0
            ],
            "name": "RArm"
        },
        {
            "children": [
                27
            ],
            "matrix": [
                0.9999999403953552,
                0.000027403200874687177,
                0.000012442500519682654,
                0.0,
                -0.000027418100216891618,
                1.0,
                -0.00002181960007874295,
                0.0,
                -0.000012546800462587273,
                0.000021882500732317568,
                0.9999999403953552,
                0.0,
                0.0,
                6.142190933227539,
                9.536739753457368e-7,
                1.0
            ],
            "name": "RForeArm"
        },
        {
            "children": [
                34,
                32,
                30,
                28
            ],
            "matrix": [
                0.04708049073815346,
                0.9982367157936096,
                -0.036149829626083377,
                0.0,
                -0.6620796322822571,
                0.004086859989911318,
                -0.7494221925735474,
                0.0,
                -0.7479532361030579,
                0.05921747907996178,
                0.661104679107666,
                0.0,
                -0.000003814699994109105,
                4.969174861907959,
                0.0000028610199933609698,
                1.0
            ],
            "name": "RHand"
        },
        {
            "children": [
                29
            ],
            "matrix": [
                0.06672292947769165,
                0.9722453355789184,
                -0.2242477983236313,
                0.0,
                0.966096818447113,
                -0.006772310007363558,
                0.2580918073654175,
                0.0,
                0.24940970540046693,
                -0.23386570811271668,
                -0.939734935760498,
                0.0,
                3.699032068252563,
                0.6918774247169495,
                0.5780696868896484,
                1.0
            ],
            "name": "RFingerC"
        },
        {
            "matrix": [
                -0.01134387031197548,
                0.9999352097511292,
                -0.0010836420115083457,
                0.0,
                -0.9594119787216188,
                -0.010578740388154984,
                0.2818095088005066,
                0.0,
                0.28177979588508608,
                0.004236490000039339,
                0.9594699740409852,
                0.0,
                0.0,
                2.8227899074554445,
                0.0,
                1.0
            ],
            "name": "EndRFingerC"
        },
        {
            "children": [
                31
            ],
            "matrix": [
                0.06272033601999283,
                0.9670835137367249,
                -0.24660880863666538,
                0.0,
                0.9737592339515686,
                -0.005134239792823792,
                0.22752350568771366,
                0.0,
                0.2187678962945938,
                -0.2544079124927521,
                -0.9420282244682312,
                0.0,
                3.540241003036499,
                -1.2112499475479129,
                0.6627979278564453,
                1.0
            ],
            "name": "RFingerB"
        },
        {
            "matrix": [
                -0.011368160136044026,
                0.9999352097511292,
                -0.000636145006865263,
                0.0,
                -0.9530696868896484,
                -0.010642710141837596,
                0.3025645911693573,
                0.0,
                0.3025382161140442,
                0.004045947920531035,
                0.9531286358833312,
                0.0,
                9.536739753457368e-7,
                2.7330799102783205,
                0.0,
                1.0
            ],
            "name": "EndRFingerB"
        },
        {
            "children": [
                33
            ],
            "matrix": [
                0.7032673358917236,
                0.08027172088623047,
                -0.7063791155815125,
                0.0,
                0.402357816696167,
                -0.8640998005867004,
                0.3023903965950012,
                0.0,
                -0.5861086845397949,
                -0.4968782961368561,
                -0.6399912238121033,
                0.0,
                1.8602099418640137,
                -2.114227056503296,
                0.09440040588378906,
                1.0
            ],
            "name": "RFingerA"
        },
        {
            "matrix": [
                -0.01818251982331276,
                0.999772310256958,
                0.01117646973580122,
                0.0,
                -0.9200568199157716,
                -0.021106040105223657,
                0.391216516494751,
                0.0,
                0.3913632929325104,
                -0.003169685835018754,
                0.9202306866645812,
                0.0,
                0.0,
                3.057394027709961,
                -0.0000014305099966804849,
                1.0
            ],
            "name": "EndRFingerA"
        },
        {
            "matrix": [
                1.0,
                7.450579708745408e-9,
                0.0000012293500049054274,
                0.0,
                -2.2351699158207343e-8,
                0.9999831318855286,
                -0.005807071924209595,
                0.0,
                -0.0000011138599802507088,
                0.005807101726531982,
                0.9999831914901732,
                0.0,
                5.356482982635498,
                0.0236206091940403,
                0.2841854095458985,
                1.0
            ],
            "name": "EndRHand"
        },
        {
            "children": [
                36
            ],
            "matrix": [
                -0.04596162959933281,
                -0.000007810250281181652,
                -0.9989432096481324,
                0.0,
                -0.000007193919827841455,
                1.0,
                -0.0000074875201789836869,
                0.0,
                0.9989432096481324,
                0.000006842180027888389,
                -0.04596203938126564,
                0.0,
                14.547419548034668,
                2.4508330821990969,
                -20.307788848876954,
                1.0
            ],
            "name": "RFeeler"
        },
        {
            "matrix": [
                -5.129389819558128e-7,
                0.9999999403953552,
                0.000006819870122853899,
                0.0,
                0.20952899754047397,
                0.000007066909802233568,
                -0.9778022170066834,
                0.0,
                -0.9778025150299072,
                8.770879844632873e-7,
                -0.20952899754047397,
                0.0,
                0.0000019073499970545528,
                12.365649223327637,
                0.0,
                1.0
            ],
            "name": "EndRFeeler"
        },
        {
            "children": [
                38
            ],
            "matrix": [
                -0.09941583126783373,
                -0.013703890144824982,
                -0.9949517250061036,
                0.0,
                0.5067859888076782,
                0.8598049879074097,
                -0.06248091906309128,
                0.0,
                0.8563203811645508,
                -0.5104389786720276,
                -0.0785335972905159,
                0.0,
                25.15765953063965,
                12.416709899902344,
                0.9018282890319824,
                1.0
            ],
            "name": "REar"
        },
        {
            "matrix": [
                -0.006281410809606314,
                0.9999572038650512,
                -0.006790637969970703,
                0.0,
                0.03937720879912377,
                -0.006538092624396086,
                -0.9992030262947084,
                0.0,
                -0.9992048144340516,
                -0.006543798837810755,
                -0.03933444991707802,
                0.0,
                4.768369876728684e-7,
                20.824289321899419,
                0.0,
                1.0
            ],
            "name": "EndREar"
        },
        {
            "children": [
                40
            ],
            "matrix": [
                -0.8044787049293518,
                -0.4851981997489929,
                -0.3426310122013092,
                0.0,
                0.03620706126093865,
                -0.6158233880996704,
                0.7870519161224365,
                0.0,
                -0.5928767323493958,
                0.6207609176635742,
                0.5129848122596741,
                0.0,
                9.028247833251954,
                -13.499969482421877,
                4.095346927642822,
                1.0
            ],
            "name": "LShoulder"
        },
        {
            "children": [
                41
            ],
            "matrix": [
                0.8379276990890503,
                -0.19985590875148777,
                -0.507872998714447,
                0.0,
                0.18828940391540528,
                0.979268193244934,
                -0.0747026577591896,
                0.0,
                0.5122737884521484,
                -0.03303176909685135,
                0.8581867814064026,
                0.0,
                0.0000019073499970545528,
                10.096240043640137,
                0.0,
                1.0
            ],
            "name": "LArm"
        },
        {
            "children": [
                42
            ],
            "matrix": [
                0.9999999403953552,
                3.725289943190546e-8,
                0.000006467099865403725,
                0.0,
                -1.1175900205273593e-8,
                1.0,
                -1.4901200273698124e-8,
                0.0,
                -0.000006437300271500135,
                0.0,
                0.9999999403953552,
                0.0,
                -0.000002384189883741783,
                6.1423020362854,
                0.0,
                1.0
            ],
            "name": "LForeArm"
        },
        {
            "children": [
                49,
                47,
                45,
                43
            ],
            "matrix": [
                -0.00650613009929657,
                0.999964714050293,
                0.005337915848940611,
                0.0,
                -0.9285702109336852,
                -0.0040603578090667728,
                -0.3711346983909607,
                0.0,
                -0.3710997104644776,
                -0.007371186744421721,
                0.9285637140274048,
                0.0,
                -9.536739753457368e-7,
                4.969076156616211,
                0.0,
                1.0
            ],
            "name": "LHand"
        },
        {
            "children": [
                44
            ],
            "matrix": [
                0.10600390285253524,
                0.8169451355934143,
                -0.5668898224830627,
                0.0,
                0.9811272025108336,
                0.006786630023270845,
                0.19324329495429994,
                0.0,
                0.1617162972688675,
                -0.5766757130622864,
                -0.8008078336715698,
                0.0,
                3.729297876358032,
                -0.6920338273048401,
                0.3304386138916016,
                1.0
            ],
            "name": "LFingerC"
        },
        {
            "matrix": [
                0.017162589356303216,
                0.9998258352279664,
                0.007340378593653441,
                0.0,
                -0.8445237278938294,
                0.01056605949997902,
                0.5354139804840088,
                0.0,
                0.5352432131767273,
                -0.015388130210340025,
                0.8445580005645752,
                0.0,
                -0.000003814699994109105,
                2.8229260444641119,
                0.0000019073499970545528,
                1.0
            ],
            "name": "EndLFingerC"
        },
        {
            "children": [
                46
            ],
            "matrix": [
                0.09497912228107453,
                0.7922559380531311,
                -0.6027517914772034,
                0.0,
                0.986746609210968,
                0.005099817644804716,
                0.1621906012296677,
                0.0,
                0.13157010078430177,
                -0.6101679801940918,
                -0.78127121925354,
                0.0,
                3.5764660835266119,
                1.2112480401992798,
                0.4256535172462464,
                1.0
            ],
            "name": "LFingerB"
        },
        {
            "matrix": [
                0.017217930406332017,
                0.9998331069946288,
                0.006100784987211227,
                0.0,
                -0.8218163847923279,
                0.010676439851522446,
                0.5696523189544678,
                0.0,
                0.569491982460022,
                -0.01482210960239172,
                0.8218631148338318,
                0.0,
                -0.000003814699994109105,
                2.733103036880493,
                -9.536739753457368e-7,
                1.0
            ],
            "name": "EndLFingerB"
        },
        {
            "children": [
                48
            ],
            "matrix": [
                -0.9054542183876038,
                0.3846833109855652,
                0.17936360836029054,
                0.0,
                0.4215826988220215,
                0.8640856146812439,
                0.2749983072280884,
                0.0,
                -0.04919837787747383,
                0.3246149122714997,
                -0.9445658922195436,
                0.0,
                1.8624019622802737,
                2.114137887954712,
                -0.029645919799804689,
                1.0
            ],
            "name": "LFingerA"
        },
        {
            "matrix": [
                0.019396750256419187,
                0.999775528907776,
                -0.008539705537259579,
                0.0,
                -0.9528003334999085,
                0.02107241936028004,
                0.3028657138347626,
                0.0,
                0.3029775023460388,
                0.0022620258387178184,
                0.9529951214790344,
                0.0,
                -0.0000019073499970545528,
                3.057427883148194,
                0.0,
                1.0
            ],
            "name": "EndLFingerA"
        },
        {
            "matrix": [
                0.9999999403953552,
                7.450579708745408e-9,
                3.427269916755904e-7,
                0.0,
                2.98022992950564e-8,
                0.9999892115592957,
                -0.004640311002731323,
                0.0,
                -2.160669936301929e-7,
                0.004640340805053711,
                0.9999892115592957,
                0.0,
                5.363555908203125,
                -0.023603439331054689,
                -0.07302284240722656,
                1.0
            ],
            "name": "EndLHand"
        },
        {
            "children": [
                51
            ],
            "matrix": [
                -0.045961301773786548,
                -2.207350036087519e-7,
                -0.9989432096481324,
                0.0,
                -2.207339946380671e-7,
                -1.0,
                2.311229962970174e-7,
                0.0,
                -0.9989432096481324,
                2.311229962970174e-7,
                0.04596171900629997,
                0.0,
                14.547439575195313,
                -2.450679063796997,
                -20.30777931213379,
                1.0
            ],
            "name": "LFeeler"
        },
        {
            "matrix": [
                -6.831169798715564e-7,
                1.0,
                8.965490110313112e-7,
                0.0,
                -0.2095286995172501,
                -3.266449937200378e-7,
                -0.9778023958206176,
                0.0,
                -0.9778025150299072,
                2.660409847976553e-7,
                0.2095285952091217,
                0.0,
                -0.000011444099982327316,
                12.365699768066408,
                0.000022888199964654633,
                1.0
            ],
            "name": "EndLFeeler"
        },
        {
            "children": [
                53
            ],
            "matrix": [
                -0.03216122090816498,
                0.05357037112116814,
                -0.9980459809303284,
                0.0,
                0.5067918300628662,
                -0.8598014116287231,
                -0.062481220811605456,
                0.0,
                -0.8614681959152222,
                -0.5078108906745911,
                0.0005036439979448915,
                0.0,
                25.15786933898926,
                -12.416489601135254,
                0.901829481124878,
                1.0
            ],
            "name": "LEar"
        },
        {
            "matrix": [
                0.006290023680776358,
                0.9999570250511168,
                0.006794601678848267,
                0.0,
                0.03886479884386063,
                0.006544947624206543,
                -0.999222993850708,
                0.0,
                -0.9992244839668274,
                0.00654921168461442,
                -0.03882196918129921,
                0.0,
                -8.940700269022274e-8,
                20.82431983947754,
                0.0,
                1.0
            ],
            "name": "EndLEar"
        },
        {
            "matrix": [
                0.9999999403953552,
                1.4921400161467538e-13,
                -1.1175900205273593e-8,
                0.0,
                7.105429898699844e-15,
                1.0,
                6.661339735937715e-16,
                0.0,
                -4.0233101117337368e-7,
                1.2572200225324792e-12,
                1.0,
                0.0,
                41.44440078735352,
                0.00012733098992612213,
                0.00012111699470551684,
                1.0
            ],
            "name": "EndHead"
        },
        {
            "children": [
                56
            ],
            "matrix": [
                0.40464550256729128,
                -0.8823198080062866,
                -0.2403621077537537,
                0.0,
                0.5107039213180542,
                0.0000014901199847372482,
                0.8597565293312073,
                0.0,
                -0.7585799694061279,
                -0.4706504940986634,
                0.4506050944328308,
                0.0,
                28.705001831054689,
                0.00013322698941919953,
                14.243989944458008,
                1.0
            ],
            "name": "Curl"
        },
        {
            "matrix": [
                0.000002339480033697328,
                1.0,
                -0.0000012218999927426922,
                0.0,
                -0.8823198080062866,
                0.0000014944299664421124,
                -0.4706504940986634,
                0.0,
                -0.4706507027149201,
                0.0000021755699890491089,
                0.882319986820221,
                0.0,
                -0.0000019073499970545528,
                10.14126968383789,
                0.0,
                1.0
            ],
            "name": "EndCurl"
        },
        {
            "mesh": 1,
            "skin": 1,
            "name": "Mesh_5__Mouth_"
        },
        {
            "mesh": 2,
            "skin": 2,
            "name": "Mesh_4__REye_"
        },
        {
            "mesh": 3,
            "skin": 3,
            "name": "Mesh_3__Body_"
        },
        {
            "mesh": 4,
            "skin": 4,
            "name": "Mesh_2__Body_"
        },
        {
            "mesh": 5,
            "skin": 5,
            "name": "Mesh_1__Body_"
        },
        {
            "children": [
                2
            ],
            "matrix": [
                1.0,
                2.2204500197172535e-16,
                -2.2204500197172535e-16,
                0.0,
                0.0,
                -1.0,
                -3.258410004036705e-7,
                0.0,
                -2.2204500197172535e-16,
                3.258410004036705e-7,
                -1.0,
                0.0,
                0.0,
                0.0,
                0.0,
                1.0
            ],
            "name": "Armature"
        }
    ],
    "meshes": [
        {
            "primitives": [
                {
                    "attributes": {
                        "JOINTS_0": 1,
                        "NORMAL": 2,
                        "POSITION": 3,
                        "TEXCOORD_0": 4,
                        "WEIGHTS_0": 5
                    },
                    "indices": 0,
                    "mode": 4,
                    "material": 0
                }
            ],
            "name": "Mesh_6__LEye_"
        },
        {
            "primitives": [
                {
                    "attributes": {
                        "JOINTS_0": 7,
                        "NORMAL": 8,
                        "POSITION": 9,
                        "TEXCOORD_0": 10,
                        "WEIGHTS_0": 11
                    },
                    "indices": 6,
                    "mode": 4,
                    "material": 1
                }
            ],
            "name": "Mesh_5__Mouth_"
        },
        {
            "primitives": [
                {
                    "attributes": {
                        "JOINTS_0": 13,
                        "NORMAL": 14,
                        "POSITION": 15,
                        "TEXCOORD_0": 16,
                        "WEIGHTS_0": 17
                    },
                    "indices": 12,
                    "mode": 4,
                    "material": 2
                }
            ],
            "name": "Mesh_4__REye_"
        },
        {
            "primitives": [
                {
                    "attributes": {
                        "JOINTS_0": 19,
                        "NORMAL": 20,
                        "POSITION": 21,
                        "TEXCOORD_0": 22,
                        "WEIGHTS_0": 23
                    },
                    "indices": 18,
                    "mode": 4,
                    "material": 3
                }
            ],
            "name": "Mesh_3__Body_"
        },
        {
            "primitives": [
                {
                    "attributes": {
                        "JOINTS_0": 25,
                        "NORMAL": 26,
                        "POSITION": 27,
                        "TEXCOORD_0": 28,
                        "WEIGHTS_0": 29
                    },
                    "indices": 24,
                    "mode": 4,
                    "material": 4
                }
            ],
            "name": "Mesh_2__Body_"
        },
        {
