{
    "asset": {
        "generator": "COLLADA2GLTF",
        "version": "2.0"
    },
    "scenes": [
        {
            "nodes": [
                0
            ]
        }
    ],
    "scene": 0,
    "nodes": [
        {
            "children": [
                14,
                1
            ],
            "matrix": [
                1.0,
                0.0,
                0.0,
                0.0,
                0.0,
                0.0,
                -1.0,
                0.0,
                0.0,
                1.0,
                0.0,
                0.0,
                0.0,
                0.0,
                0.0,
                1.0
            ],
            "name": "Z_UP"
        },
        {
            "mesh": 0,
            "skin": 0,
            "name": "Nidoqueen"
        },
        {
            "children": [
                10,
                7,
                3
            ],
            "matrix": [
                -0.9806785583496094,
                -8.935839568291469e-11,
                0.1956261247396469,
                0.0,
                8.935839568291469e-11,
                -1.0,
                -8.825681505064687e-12,
                0.0,
                0.1956261247396469,
                8.825681505064687e-12,
                0.9806785583496094,
                0.0,
                0.0,
                0.0,
                0.0,
                1.0
            ],
            "name": "Hips"
        },
        {
            "children": [
                4
            ],
            "matrix": [
                1.0,
                0.0,
                0.0,
                0.0,
                0.0,
                1.0,
                0.0,
                0.0,
                0.0,
                0.0,
                1.0,
                0.0,
                0.3188690543174744,
                0.7525461316108704,
                -0.006558635272085667,
                1.0
            ],
            "name": "LThigh"
        },
        {
            "children": [
                5
            ],
            "matrix": [
                1.0,
                0.0,
                0.0,
                0.0,
                0.0,
                1.0,
                0.0,
                0.0,
                0.0,
                0.0,
                1.0,
                0.0,
                0.4097400903701782,
                0.0,
                7.620000275210259e-8,
                1.0
            ],
            "name": "LLeg"
        },
        {
            "children": [
                6
            ],
            "matrix": [
                5.893328989259317e-7,
                -3.0445750365259984e-9,
                1.0,
                0.0,
                0.010331999510526656,
                0.9999465942382813,
                -3.0445750365259984e-9,
                0.0,
                -0.9999465942382813,
                0.010331999510526656,
                5.893328989259317e-7,
                0.0,
                0.37420040369033816,
                0.0,
                -2.5400000325248585e-8,
                1.0
            ],
            "name": "LFoot"
        },
        {
            "matrix": [
                1.0,
                0.00010699812992243096,
                -0.0001049996499205008,
                0.0,
                -0.0001065267642843537,
                0.9999899864196776,
                0.004478981718420982,
                0.0,
                0.00010547783313086256,
                -0.004478970542550087,
                0.9999899864196776,
                0.0,
                0.32357820868492129,
                -0.000267461990006268,
                -0.1164783090353012,
                1.0
            ],
            "name": "LToe"
        },
        {
            "children": [
                8
            ],
            "matrix": [
                0.1364002823829651,
                0.0,
                -0.9906538128852844,
                0.0,
                0.0,
                1.0,
                0.0,
                0.0,
                0.9906538128852844,
                0.0,
                0.1364002823829651,
                0.0,
                0.5584926605224609,
                0.0,
                -0.7858074307441711,
                1.0
            ],
            "name": "Tail1"
        },
        {
            "children": [
                9
            ],
            "matrix": [
                0.9981946349143982,
                2.8885429159686287e-8,
                -0.06006179749965668,
                0.0,
                2.8885429159686287e-8,
                1.0,
                9.609887001715834e-7,
                0.0,
                0.06006179749965668,
                -9.609887001715834e-7,
                0.9981946349143982,
                0.0,
                0.4646371006965637,
                -2.5400000325248585e-8,
                7.620000275210259e-8,
                1.0
            ],
            "name": "Tail2"
        },
        {
            "matrix": [
                0.9995745420455932,
                1.4466026598825012e-8,
                -0.029167819768190385,
                0.0,
                1.4466026598825012e-8,
                1.0,
                9.917058605424245e-7,
                0.0,
                0.029167819768190385,
                -9.917058605424245e-7,
                0.9995745420455932,
                0.0,
                0.4673472940921784,
                0.0,
                -7.620000275210259e-8,
                1.0
            ],
            "name": "Tail3"
        },
        {
            "children": [
                11
            ],
            "matrix": [
                1.0,
                0.0,
                0.0,
                0.0,
                0.0,
                1.0,
                0.0,
                0.0,
                0.0,
                0.0,
                1.0,
                0.0,
                0.3188716173171997,
                -0.7525461316108704,
                -0.0065587121061980728,
                1.0
            ],
            "name": "RThigh"
        },
        {
            "children": [
                12
            ],
            "matrix": [
                1.0,
                0.0,
                0.0,
                0.0,
                0.0,
                1.0,
                0.0,
                0.0,
                0.0,
                0.0,
                1.0,
                0.0,
                0.4097375273704529,
                0.0,
                7.620000275210259e-8,
                1.0
            ],
            "name": "RLeg"
        },
        {
            "children": [
                13
            ],
            "matrix": [
                5.893328989259317e-7,
                -3.0445750365259984e-9,
                1.0,
                0.0,
                0.010331999510526656,
                0.9999465942382813,
                -3.0445750365259984e-9,
                0.0,
                -0.9999465942382813,
                0.010331999510526656,
                5.893328989259317e-7,
                0.0,
                0.3742029666900635,
                0.0,
                -2.5400000325248585e-8,
                1.0
            ],
            "name": "RFoot"
        },
        {
            "matrix": [
                1.0,
                -0.00011299954348942264,
                0.00011013526818715036,
                0.0,
                0.00011120844283141196,
                0.9998698830604552,
                0.016129303723573686,
                0.0,
                -0.00011194354738108814,
                -0.01612929068505764,
                0.9998698830604552,
                0.0,
                0.32357820868492129,
                0.00026921459357254207,
                -0.11647804826498032,
                1.0
            ],
            "name": "RToe"
        },
        {
            "children": [
                15
            ],
            "matrix": [
                1.0,
                0.0,
                0.0,
                0.0,
                0.0,
                4.4896641959724089e-11,
                1.0,
                0.0,
                0.0,
                -1.0,
                4.4896641959724089e-11,
                0.0,
                0.0,
                0.0,
                0.0,
                1.0
            ],
            "name": "pm0031_00"
        },
        {
            "children": [
                16
            ],
            "name": "Origin"
        },
        {
            "children": [
                17,
                2
            ],
            "matrix": [
                -0.000003041418494831305,
                0.9806787371635436,
                0.19562508165836338,
                0.0,
                -1.0,
                -0.000003041418494831305,
                -3.003908375376341e-7,
                0.0,
                3.003908375376341e-7,
                -0.19562508165836338,
                0.9806787371635436,
                0.0,
                0.0,
                1.2816509008407593,
                0.07064832001924515,
                1.0
            ],
            "name": "Waist"
        },
        {
            "children": [
                18
            ],
            "name": "Spine1"
        },
        {
            "children": [
                34,
                27,
                19
            ],
            "matrix": [
                0.9964315891265868,
                0.0,
                0.08440445363521576,
                0.0,
                0.0,
                1.0,
                0.0,
                0.0,
                -0.08440445363521576,
                0.0,
                0.9964315891265868,
                0.0,
                0.2460000067949295,
                2.5400000325248585e-8,
                0.0,
                1.0
            ],
            "name": "Spine2"
        },
        {
            "children": [
                20
            ],
            "matrix": [
                0.1513563841581345,
                0.9875104427337648,
                -0.043753765523433688,
                0.0,
                -0.9486690163612366,
                0.15755362808704377,
                0.2742334008216858,
                0.0,
                0.2777019143104553,
                8.665671202834346e-7,
                0.9606673121452332,
                0.0,
                0.3586098849773407,
                0.273415744304657,
                -0.030828995630145074,
                1.0
            ],
            "name": "RShoulder"
        },
        {
            "children": [
                21
            ],
            "matrix": [
                0.9875107407569884,
                0.15755175054073337,
                0.0,
                0.0,
                -0.15755175054073337,
                0.9875107407569884,
                0.0,
                0.0,
                0.0,
                0.0,
                1.0,
                0.0,
                0.39528748393058779,
                -3.8099997823337619e-7,
                -5.0800000650497177e-8,
                1.0
            ],
            "name": "RArm"
        },
        {
            "children": [
                22
            ],
            "matrix": [
                1.0,
                0.0,
                0.0,
                0.0,
                0.0,
                1.0,
                0.0,
                0.0,
                0.0,
                0.0,
                1.0,
                0.0,
                0.6119087934494019,
                5.588000249190372e-7,
                0.0,
                1.0
            ],
            "name": "RForeArm"
        },
        {
            "children": [
                23
            ],
            "matrix": [
                1.0,
                0.0,
                0.0,
                0.0,
                0.0,
                1.0,
                0.0,
                0.0,
                0.0,
                0.0,
                1.0,
                0.0,
                0.5567044615745544,
                0.0,
                0.0,
                1.0
            ],
            "name": "RHand"
        },
        {
            "children": [
                26,
                25,
                24
            ],
            "name": "RHandSub"
        },
        {
            "matrix": [
                1.0,
                0.0,
                0.0,
                0.0,
                0.0,
                1.0,
                0.0,
                0.0,
                0.0,
                0.0,
                1.0,
                0.0,
                0.21573488414287568,
                0.009806965477764609,
                -0.09996119141578676,
                1.0
            ],
            "name": "RFingerC"
        },
        {
            "matrix": [
                1.0,
                0.0,
                0.0,
                0.0,
                0.0,
                1.0,
                0.0,
                0.0,
                0.0,
                0.0,
                1.0,
                0.0,
                0.1248130574822426,
                -0.16722851991653446,
                -0.026653490960597993,
                1.0
            ],
            "name": "RFingerB"
        },
        {
            "matrix": [
                1.0,
                0.0,
                0.0,
                0.0,
                0.0,
                1.0,
                0.0,
                0.0,
                0.0,
                0.0,
                1.0,
                0.0,
                0.12314935028553008,
                0.18957796692848209,
                -0.00941047165542841,
                1.0
            ],
            "name": "RFingerA"
        },
        {
            "children": [
                28
            ],
            "matrix": [
                0.986162543296814,
                0.0,
                -0.1657812148332596,
                0.0,
                0.0,
                1.0,
                0.0,
                0.0,
                0.1657812148332596,
                0.0,
                0.986162543296814,
                0.0,
                0.5863945484161377,
                2.5400000325248585e-8,
                5.0800000650497177e-8,
                1.0
            ],
            "name": "Neck"
        },
        {
            "children": [
                33,
                31,
                29
            ],
            "matrix": [
                0.9197667241096496,
                0.0,
                0.3924655616283417,
                0.0,
                0.0,
                1.0,
                0.0,
                0.0,
                -0.3924655616283417,
                0.0,
                0.9197667241096496,
                0.0,
                0.21540012955665589,
                0.0,
                0.0,
                1.0
            ],
            "name": "Head"
        },
        {
            "children": [
                30
            ],
            "matrix": [
                0.4697584509849549,
                0.8687953352928162,
                -0.1565939337015152,
                0.0,
                -0.8824501037597656,
                0.4571705758571625,
                -0.11080094426870346,
                0.0,
                -0.024673206731677057,
                0.1902360022068024,
                0.9814282655715942,
                0.0,
                0.4192447662353516,
                0.4313504099845886,
                -0.08777172863483429,
                1.0
            ],
            "name": "REar1"
        },
        {
            "matrix": [
                1.0,
                0.0,
                0.0,
                0.0,
                0.0,
                1.0,
                0.0,
                0.0,
                0.0,
                0.0,
                1.0,
                0.0,
                0.33879026770591738,
                -0.000007746999472146854,
                -0.000004648200047085993,
                1.0
            ],
            "name": "REar2"
        },
        {
            "children": [
                32
            ],
            "matrix": [
                0.4697584509849549,
                -0.8687953352928162,
                -0.1565939337015152,
                0.0,
                0.8824501037597656,
                0.4571705758571625,
                0.11080094426870346,
                0.0,
                -0.024673206731677057,
                -0.1902360022068024,
                0.9814282655715942,
                0.0,
                0.4192473292350769,
                -0.4313504099845886,
                -0.087771475315094,
                1.0
            ],
            "name": "LEar1"
        },
        {
            "matrix": [
                1.0,
                0.0,
                0.0,
                0.0,
                0.0,
                1.0,
                0.0,
                0.0,
                0.0,
                0.0,
                1.0,
                0.0,
                0.3387852013111115,
                -1.7780000405309696e-7,
                0.0,
                1.0
            ],
            "name": "LEar2"
        },
        {
            "matrix": [
                0.04567861929535866,
                0.0,
                0.9989562034606934,
                0.0,
                0.0,
                1.0,
                0.0,
                0.0,
                -0.9989562034606934,
                0.0,
                0.04567861929535866,
                0.0,
                0.10889716446399688,
                0.0,
                0.045123860239982608,
                1.0
            ],
            "name": "Jaw"
        },
        {
            "children": [
                35
            ],
            "matrix": [
                0.15135470032691956,
                -0.9875106811523438,
                -0.043753571808338168,
                0.0,
                0.9486691951751708,
                0.15755195915699006,
                -0.27423369884490969,
                0.0,
                0.2777021825313568,
                -0.000001106110858017928,
                0.9606671929359436,
                0.0,
                0.35861241817474368,
                -0.273415744304657,
                -0.03082924894988537,
                1.0
            ],
            "name": "LShoulder"
        },
        {
            "children": [
                36
            ],
            "matrix": [
                0.9875106811523438,
                -0.1575520932674408,
                0.0,
                0.0,
                0.1575520932674408,
                0.9875106811523438,
                0.0,
                0.0,
                0.0,
                0.0,
                1.0,
                0.0,
                0.3952849507331848,
                -3.8099997823337619e-7,
                0.0,
                1.0
            ],
            "name": "LArm"
        },
        {
            "children": [
                37
            ],
            "matrix": [
                1.0,
                0.0,
                0.0,
                0.0,
                0.0,
                1.0,
                0.0,
                0.0,
                0.0,
                0.0,
                1.0,
                0.0,
                0.6119087934494019,
                3.8099997823337619e-7,
                0.0,
                1.0
            ],
            "name": "LForeArm"
        },
        {
            "children": [
                38
            ],
            "matrix": [
                1.0,
                0.0,
                0.0,
                0.0,
                0.0,
                1.0,
                0.0,
                0.0,
                0.0,
                0.0,
                1.0,
                0.0,
                0.5567044615745544,
                0.0,
                0.0,
                1.0
            ],
            "name": "LHand"
        },
        {
            "children": [
                41,
                40,
                39
            ],
            "name": "LHandSub"
        },
        {
            "matrix": [
                1.0,
                0.0,
                0.0,
                0.0,
                0.0,
                1.0,
                0.0,
                0.0,
                0.0,
                0.0,
                1.0,
                0.0,
                0.21573665738105778,
                -0.009807727299630642,
                -0.09996119141578676,
                1.0
            ],
            "name": "LFingerC"
        },
        {
            "matrix": [
                1.0,
                0.0,
                0.0,
                0.0,
                0.0,
                1.0,
                0.0,
                0.0,
                0.0,
                0.0,
                1.0,
                0.0,
                0.12481331080198288,
                0.16722774505615238,
                -0.026653490960597993,
                1.0
            ],
            "name": "LFingerB"
        },
        {
            "matrix": [
                1.0,
                0.0,
                0.0,
                0.0,
                0.0,
                1.0,
                0.0,
                0.0,
                0.0,
                0.0,
                1.0,
                0.0,
                0.1231496036052704,
                -0.18957796692848209,
                -0.009410598315298558,
                1.0
            ],
            "name": "LFingerA"
        }
    ],
    "meshes": [
        {
            "primitives": [
                {
                    "attributes": {
                        "JOINTS_0": 1,
                        "NORMAL": 2,
                        "POSITION": 3,
                        "TEXCOORD_0": 4,
                        "WEIGHTS_0": 5
                    },
                    "indices": 0,
                    "mode": 4,
                    "material": 0
                },
                {
                    "attributes": {
                        "JOINTS_0": 7,
                        "NORMAL": 8,
                        "POSITION": 9,
                        "TEXCOORD_0": 10,
                        "WEIGHTS_0": 11
                    },
                    "indices": 6,
                    "mode": 4,
                    "material": 1
                }
            ],
            "name": "Nidoqueen"
        }
    ],
    "skins": [
        {
            "inverseBindMatrices": 12,
            "skeleton": 2,
            "joints": [
                2,
                3,
                4,
                5,
                6,
                10,
                11,
                12,
                13,
                7,
                8,
                9,
                17,
                18,
                34,
                35,
                36,
                37,
                38,
                41,
                40,
                39,
                27,
                28,
                33,
                31,
                32,
                29,
                30,
                19,
                20,
                21,
                22,
                23,
                26,
                25,
                24
            ],
            "name": "Nidoqueen-mesh-skin"
        }
    ],
    "accessors": [
        {
            "bufferView": 0,
            "byteOffset": 0,
            "componentType": 5123,
            "count": 14526,
            "max": [
                3191
            ],
            "min": [
                0
            ],
            "type": "SCALAR"
        },
        {
            "bufferView": 1,
            "byteOffset": 0,
            "componentType": 5123,
            "count": 3192,
            "max": [
                33,
                36,
                36,
                24
            ],
            "min": [
                0,
                0,
                0,
                0
            ],
            "type": "VEC4"
        },
        {
            "bufferView": 2,
            "byteOffset": 0,
            "componentType": 5126,
            "count": 3192,
            "max": [
                0.9979289770126344,
                0.9990869760513306,
                0.9999669790267944
            ],
            "min": [
                -0.9979289770126344,
                -0.999575972557068,
                -1.0
            ],
            "type": "VEC3"
        },
        {
            "bufferView": 2,
            "byteOffset": 38304,
            "componentType": 5126,
            "count": 3192,
            "max": [
                2.239215612411499,
                2.193371057510376,
                3.2514538764953619
            ],
            "min": [
                -2.239215612411499,
                -1.409047245979309,
                -0.0011458955705165864
            ],
            "type": "VEC3"
        },
        {
            "bufferView": 1,
            "byteOffset": 25536,
            "componentType": 5126,
            "count": 3192,
            "max": [
                0.9950479865074158,
                0.9946370124816896
            ],
            "min": [
                0.004951999988406897,
                0.004561007022857666
            ],
            "type": "VEC2"
        },
        {
            "bufferView": 3,
            "byteOffset": 0,
            "componentType": 5126,
            "count": 3192,
            "max": [
                1.0,
                0.9900000095367432,
                0.9000000357627869,
                0.550000011920929
            ],
            "min": [
                0.009999999776482582,
                0.0,
                0.0,
                0.0
            ],
            "type": "VEC4"
        },
        {
            "bufferView": 0,
            "byteOffset": 29052,
            "componentType": 5123,
            "count": 432,
            "max": [
                93
            ],
            "min": [
                0
            ],
            "type": "SCALAR"
        },
        {
            "bufferView": 1,
            "byteOffset": 51072,
            "componentType": 5123,
            "count": 94,
            "max": [
                23,
                0,
                0,
                0
            ],
            "min": [
                23,
                0,
                0,
                0
            ],
            "type": "VEC4"
        },
        {
            "bufferView": 2,
            "byteOffset": 76608,
            "componentType": 5126,
            "count": 94,
            "max": [
                0.9655839800834656,
                -0.2590929865837097,
                0.6294050216674805
            ],
            "min": [
                -0.9655839800834656,
                -0.6950240135192871,
                -0.10266999900341034
            ],
            "type": "VEC3"
        },
        {
            "bufferView": 2,
            "byteOffset": 77736,
            "componentType": 5126,
            "count": 94,
            "max": [
                0.48383697867393496,
                -0.6904557943344116,
                2.768676280975342
            ],
            "min": [
                -0.48383697867393496,
                -1.2784911394119266,
                2.288501739501953
            ],
            "type": "VEC3"
        },
        {
            "bufferView": 1,
            "byteOffset": 51824,
            "componentType": 5126,
            "count": 94,
            "max": [
                0.4932699799537659,
                -0.7918599843978882
            ],
            "min": [
                0.00672800000756979,
                -0.9660599231719972
            ],
            "type": "VEC2"
        },
        {
            "bufferView": 3,
            "byteOffset": 51072,
            "componentType": 5126,
            "count": 94,
            "max": [
                1.0,
                0.0,
                0.0,
                0.0
            ],
            "min": [
                1.0,
                0.0,
                0.0,
                0.0
            ],
            "type": "VEC4"
        },
        {
            "bufferView": 4,
            "byteOffset": 0,
            "componentType": 5126,
            "count": 37,
            "max": [
                1.0,
                1.0,
                0.19023799896240238,
                0.0,
                0.9988699555397034,
                0.5333179831504822,
                0.4550830125808716,
                0.0,
                0.9934120178222656,
                1.0,
                0.999983012676239,
                0.0,
                50.45869827270508,
                82.89249420166016,
                90.3280029296875,
                1.0
            ],
            "min": [
                -1.0,
                -1.0,
                -0.1902340054512024,
                0.0,
                -1.0,
                -0.5333179831504822,
                -1.0,
                0.0,
                -1.0,
                -1.0,
                -0.9988699555397034,
                0.0,
                -84.64450073242188,
                -82.8926010131836,
                -7.430850028991699,
                1.0
            ],
            "type": "MAT4"
        }
    ],
    "materials": [
        {
            "pbrMetallicRoughness": {
                "baseColorFactor": [
                    1.0,
                    1.0,
                    1.0,
                    1.0
                ],
                "baseColorTexture": {
                    "index": 0
                },
                "metallicFactor": 0.0
            },
            "name": "Material__127"
        },
        {
            "pbrMetallicRoughness": {
                "baseColorFactor": [
                    1.0,
                    1.0,
                    1.0,
                    1.0
                ],
                "baseColorTexture": {
                    "index": 1
                },
                "metallicFactor": 0.0
            },
            "name": "Material__128"
        }
    ],
    "textures": [
        {
            "sampler": 0,
            "source": 0
        },
        {
            "sampler": 0,
            "source": 1
        }
    ],
    "images": [
        {
            "uri": "pm0031_00_Body1.png"
        },
        {
            "uri": "pm0031_00_Eye1.png"
        }
    ],
    "samplers": [
        {
            "magFilter": 9729,
            "minFilter": 9986,
            "wrapS": 10497,
            "wrapT": 10497
        }
    ],
    "bufferViews": [
        {
            "buffer": 0,
            "byteOffset": 186384,
            "byteLength": 29916,
            "target": 34963
        },
        {
            "buffer": 0,
            "byteOffset": 133808,
            "byteLength": 52576,
            "byteStride": 8,
            "target": 34962
        },
        {
            "buffer": 0,
            "byteOffset": 54944,
            "byteLength": 78864,
            "byteStride": 12,
            "target": 34962
        },
        {
            "buffer": 0,
            "byteOffset": 2368,
            "byteLength": 52576,
            "byteStride": 16,
            "target": 34962
        },
        {
            "buffer": 0,
            "byteOffset": 0,
            "byteLength": 2368
        }
    ],
    "buffers": [
        {
            "byteLength": 216300,
            "uri": "Nidoqueen_ColladaMax0.bin"
        }
    ]
}
