{
    "asset": {
        "generator": "COLLADA2GLTF",
        "version": "2.0"
    },
    "scenes": [
        {
            "nodes": [
                0
            ]
        }
    ],
    "scene": 0,
    "nodes": [
        {
            "children": [
                14,
                1
            ],
            "matrix": [
                1.0,
                0.0,
                0.0,
                0.0,
                0.0,
                0.0,
                -1.0,
                0.0,
                0.0,
                1.0,
                0.0,
                0.0,
                0.0,
                0.0,
                0.0,
                1.0
            ],
            "name": "Z_UP"
        },
        {
            "mesh": 0,
            "skin": 0,
            "name": "Nidorina"
        },
        {
            "children": [
                10,
                6,
                3
            ],
            "matrix": [
                -0.6164190769195557,
                -8.072449653173664e-11,
                0.7874182462692261,
                0.0,
                8.072449653173664e-11,
                -1.0,
                -3.932392605987545e-11,
                0.0,
                0.7874182462692261,
                3.932392605987545e-11,
                0.6164190769195557,
                0.0,
                0.0,
                0.0,
                0.0,
                1.0
            ],
            "name": "Hips"
        },
        {
            "children": [
                4
            ],
            "matrix": [
                0.0035214463714510204,
                0.000001416764121131564,
                -0.9999938011169434,
                0.0,
                0.0000014166373603075045,
                -1.0,
                -0.000001411784296578844,
                0.0,
                -0.9999938011169434,
                -0.0000014116570810074336,
                -0.003521446604281664,
                0.0,
                0.2337033748626709,
                -5.0800000650497177e-8,
                -0.4380560219287873,
                1.0
            ],
            "name": "Tail1"
        },
        {
            "children": [
                5
            ],
            "matrix": [
                0.999474287033081,
                -1.6116022294454525e-8,
                0.03242113813757897,
                0.0,
                -1.458005698395937e-7,
                1.0,
                0.000004991803507436998,
                0.0,
                -0.03242113813757897,
                -0.000004993906259187497,
                0.999474287033081,
                0.0,
                0.22010090947151185,
                0.0,
                -6.603999622711854e-7,
                1.0
            ],
            "name": "Tail2"
        },
        {
            "matrix": [
                0.9998433589935304,
                0.0,
                0.017697762697935106,
                0.0,
                0.0,
                1.0,
                0.0,
                0.0,
                -0.017697762697935106,
                0.0,
                0.9998433589935304,
                0.0,
                0.22771938145160676,
                0.0,
                7.620000275210259e-8,
                1.0
            ],
            "name": "Tail3"
        },
        {
            "children": [
                7
            ],
            "matrix": [
                0.9883954524993897,
                0.0,
                0.15190273523330689,
                0.0,
                0.0,
                1.0,
                0.0,
                0.0,
                -0.15190273523330689,
                0.0,
                0.9883954524993897,
                0.0,
                0.20919260382652284,
                -0.3988358676433563,
                -0.17037837207317353,
                1.0
            ],
            "name": "RThigh"
        },
        {
            "children": [
                8
            ],
            "matrix": [
                0.9125795960426332,
                0.0,
                -0.4088991582393646,
                0.0,
                0.0,
                1.0,
                0.0,
                0.0,
                0.4088991582393646,
                0.0,
                0.9125795960426332,
                0.0,
                0.2895854115486145,
                0.0,
                -9.144000046035216e-7,
                1.0
            ],
            "name": "RLeg"
        },
        {
            "children": [
                9
            ],
            "matrix": [
                -0.2655225098133087,
                0.000005062090167484712,
                0.9641046524047852,
                0.0,
                0.000005062090167484712,
                1.0,
                -0.0000038564185160794299,
                0.0,
                -0.9641046524047852,
                0.0000038564185160794299,
                -0.2655225098133087,
                0.0,
                0.24756845831871034,
                0.0,
                -5.841999950462196e-7,
                1.0
            ],
            "name": "RFoot"
        },
        {
            "matrix": [
                1.0,
                0.0,
                0.0,
                0.0,
                0.0,
                1.0,
                0.0,
                0.0,
                0.0,
                0.0,
                1.0,
                0.0,
                0.0541146956384182,
                -2.5400000325248585e-8,
                0.0,
                1.0
            ],
            "name": "RToe"
        },
        {
            "children": [
                11
            ],
            "matrix": [
                0.9883954524993897,
                0.0,
                0.15190273523330689,
                0.0,
                0.0,
                1.0,
                0.0,
                0.0,
                -0.15190273523330689,
                0.0,
                0.9883954524993897,
                0.0,
                0.20919209718704225,
                0.3988358676433563,
                -0.17037862539291385,
                1.0
            ],
            "name": "LThigh"
        },
        {
            "children": [
                12
            ],
            "matrix": [
                0.9125795960426332,
                0.0,
                -0.4088991582393646,
                0.0,
                0.0,
                1.0,
                0.0,
                0.0,
                0.4088991582393646,
                0.0,
                0.9125795960426332,
                0.0,
                0.2895854115486145,
                0.0,
                0.0,
                1.0
            ],
            "name": "LLeg"
        },
        {
            "children": [
                13
            ],
            "matrix": [
                -0.2655313313007355,
                7.930763104013749e-7,
                0.9641022086143494,
                0.0,
                -0.09510719776153565,
                0.9951223134994508,
                -0.02619507536292076,
                0.0,
                -0.9593997001647948,
                -0.09864867478609084,
                -0.2642360925674439,
                0.0,
                0.24756819009780885,
                0.0,
                0.0,
                1.0
            ],
            "name": "LFoot"
        },
        {
            "matrix": [
                1.0,
                0.0,
                0.0,
                0.0,
                0.0,
                1.0,
                0.0,
                0.0,
                0.0,
                0.0,
                1.0,
                0.0,
                0.054112665355205539,
                -0.0,
                0.0,
                1.0
            ],
            "name": "LToe"
        },
        {
            "children": [
                15
            ],
            "matrix": [
                1.0,
                0.0,
                0.0,
                0.0,
                0.0,
                4.4896641959724089e-11,
                1.0,
                0.0,
                0.0,
                -1.0,
                4.4896641959724089e-11,
                0.0,
                0.0,
                0.0,
                0.0,
                1.0
            ],
            "name": "pm0030_00"
        },
        {
            "children": [
                16
            ],
            "name": "Origin"
        },
        {
            "children": [
                2,
                17
            ],
            "matrix": [
                0.0000037930494727334009,
                0.6164222359657288,
                0.7874158024787903,
                0.0,
                -1.0,
                0.0000028241699965292357,
                0.000002606206635391573,
                0.0,
                -6.172724624775583e-7,
                -0.7874158024787903,
                0.6164222359657288,
                0.0,
                0.0,
                0.7542808651924133,
                -0.13824686408042909,
                1.0
            ],
            "name": "Waist"
        },
        {
            "children": [
                32,
                25,
                18
            ],
            "name": "Spine"
        },
        {
            "children": [
                19
            ],
            "matrix": [
                -0.2189187854528427,
                -0.9378430247306824,
                0.2693047523498535,
                0.0,
                0.5781175494194031,
                -0.34700825810432436,
                -0.7384885549545288,
                0.0,
                0.7860373258590698,
                -0.005979228299111128,
                0.6181501150131226,
                0.0,
                0.27804869413375857,
                -0.16125595569610597,
                0.11149203032255172,
                1.0
            ],
            "name": "LShoulder"
        },
        {
            "children": [
                20
            ],
            "matrix": [
                0.9653888940811156,
                -0.2592328190803528,
                -0.028681162744760518,
                0.0,
                0.25938501954078677,
                0.9657725691795348,
                0.0016551478765904904,
                0.0,
                0.02727041207253933,
                -0.009037326090037825,
                0.9995872378349304,
                0.0,
                0.15486100316047669,
                7.620000275210259e-8,
                0.0,
                1.0
            ],
            "name": "LArm"
        },
        {
            "children": [
                21
            ],
            "matrix": [
                0.9968084692955016,
                0.0,
                0.07982992380857468,
                0.0,
                0.0,
                1.0,
                0.0,
                0.0,
                -0.07982992380857468,
                0.0,
                0.9968084692955016,
                0.0,
                0.2419161945581436,
                -7.620000275210259e-8,
                0.0,
                1.0
            ],
            "name": "LForeArm"
        },
        {
            "children": [
                24,
                23,
                22
            ],
            "matrix": [
                0.994520366191864,
                -0.09443338215351104,
                -0.044850949198007587,
                0.0,
                0.09433747828006745,
                0.99553120136261,
                -0.00425479793921113,
                0.0,
                0.04505231231451035,
                3.577303573365498e-7,
                0.9989846348762512,
                0.0,
                0.15382416546344758,
                0.0,
                0.0,
                1.0
            ],
            "name": "LHand"
        },
        {
            "matrix": [
                0.9861962795257568,
                -0.1655803918838501,
                3.6147008586340247e-7,
                0.0,
                -3.6147008586340247e-7,
                -0.000004335963694757084,
                -1.0,
                0.0,
                0.1655803918838501,
                0.9861962795257568,
                -0.000004335963694757084,
                0.0,
                0.04695596173405647,
                0.03961612656712532,
                -0.004798059817403555,
                1.0
            ],
            "name": "LFingerC"
        },
        {
            "matrix": [
                0.998479962348938,
                -0.05511631071567536,
                2.857098593267438e-7,
                0.0,
                -0.03347645699977875,
                -0.6064592599868774,
                -0.7944095134735107,
                0.0,
                0.04378509894013405,
                0.7932019829750061,
                -0.6073824763298035,
                0.0,
                0.03454145789146423,
                -0.011936197057366372,
                -0.06433971971273422,
                1.0
            ],
            "name": "LFingerB"
        },
        {
            "matrix": [
                0.9997631311416626,
                0.021764598786830907,
                2.054988783584122e-7,
                0.0,
                -0.011661863885819912,
                0.5356990098953247,
                -0.8443284630775452,
                0.0,
                -0.018376579508185388,
                0.844128429889679,
                0.5358259677886963,
                0.0,
                0.03313556686043739,
                -0.013585696928203106,
                0.05518607050180435,
                1.0
            ],
            "name": "LFingerA"
        },
        {
            "children": [
                26
            ],
            "matrix": [
                -0.2189197838306427,
                0.9378430247306824,
                0.2693038284778595,
                0.0,
                -0.5781181454658508,
                -0.3470081388950348,
                0.7384881973266602,
                0.0,
                0.7860366106033325,
                0.005980249028652906,
                0.6181510090827942,
                0.0,
                0.27804869413375857,
                0.16125595569610597,
                0.11149253696203232,
                1.0
            ],
            "name": "RShoulder"
        },
        {
            "children": [
                27
            ],
            "matrix": [
                0.9653888940811156,
                0.2592328190803528,
                -0.028681162744760518,
                0.0,
                -0.25938501954078677,
                0.9657725691795348,
                -0.0016551478765904904,
                0.0,
                0.02727041207253933,
                0.009037326090037825,
                0.9995872378349304,
                0.0,
                0.15486100316047669,
                -0.0000014478000593953766,
                2.5400000325248585e-8,
                1.0
            ],
            "name": "RArm"
        },
        {
            "children": [
                28
            ],
            "matrix": [
                0.9968084692955016,
                0.0,
                0.07982992380857468,
                0.0,
                0.0,
                1.0,
                0.0,
                0.0,
                -0.07982992380857468,
                0.0,
                0.9968084692955016,
                0.0,
                0.2419172078371048,
                6.603999622711854e-7,
                -2.5400000325248585e-8,
                1.0
            ],
            "name": "RForeArm"
        },
        {
            "children": [
                31,
                30,
                29
            ],
            "matrix": [
                0.994520366191864,
                0.09443341940641405,
                -0.04485087096691132,
                0.0,
                -0.09433752298355104,
                0.99553120136261,
                0.004254691302776337,
                0.0,
                0.04505222290754318,
                -2.572593302829773e-7,
                0.9989846348762512,
                0.0,
                0.153823658823967,
                -1.7780000405309696e-7,
                2.5400000325248585e-8,
                1.0
            ],
            "name": "RHand"
        },
        {
            "matrix": [
                0.9861961603164672,
                0.1655813604593277,
                -6.437269917114463e-7,
                0.0,
                0.000001352984781988198,
                -0.000004170646661805222,
                1.0,
                0.0,
                0.1655813604593277,
                -0.9861961603164672,
                -0.0000043371046558604579,
                0.0,
                0.046956468373537067,
                -0.03961586952209473,
                -0.004798059817403555,
                1.0
            ],
            "name": "RFingerC"
        },
        {
            "matrix": [
                0.998479962348938,
                0.055116306990385059,
                2.747028702287935e-7,
                0.0,
                0.03347644582390785,
                -0.6064589023590088,
                0.7944097518920898,
                0.0,
                0.04378509894013405,
                -0.7932022213935852,
                -0.6073821783065796,
                0.0,
                0.03454171493649483,
                0.0119368564337492,
                -0.06433971971273422,
                1.0
            ],
            "name": "RFingerB"
        },
        {
            "matrix": [
                0.9997631311416626,
                -0.021764598786830907,
                2.054988783584122e-7,
                0.0,
                0.011661863885819912,
                0.5356990098953247,
                0.8443284630775452,
                0.0,
                -0.018376579508185388,
                -0.844128429889679,
                0.5358259677886963,
                0.0,
                0.0331353135406971,
                0.01358473300933838,
                0.05518607050180435,
                1.0
            ],
            "name": "RFingerA"
        },
        {
            "children": [
                33
            ],
            "matrix": [
                0.9997774362564088,
                0.0,
                -0.021096324548125268,
                0.0,
                0.0,
                1.0,
                0.0,
                0.0,
                0.021096324548125268,
                0.0,
                0.9997774362564088,
                0.0,
                0.4279137849807739,
                0.0,
                7.620000275210259e-8,
                1.0
            ],
            "name": "Neck"
        },
        {
            "children": [
                38,
                36,
                34
            ],
            "matrix": [
                0.9953871965408324,
                0.0,
                -0.09593921154737473,
                0.0,
                0.0,
                1.0,
                0.0,
                0.0,
                0.09593921154737473,
                0.0,
                0.9953871965408324,
                0.0,
                0.12212065607309342,
                0.0,
                -1.2699999274445873e-7,
                1.0
            ],
            "name": "Head"
        },
        {
            "children": [
                35
            ],
            "matrix": [
                -0.010459489189088345,
                0.7141679525375366,
                -0.6998962759971619,
                0.0,
                -0.9379315376281738,
                0.23564749956130985,
                0.2544693946838379,
                0.0,
                0.3466626703739166,
                0.6591163873672485,
                0.6673758625984192,
                0.0,
                0.2607284486293793,
                0.2505445778369904,
                -0.08960916846990586,
                1.0
            ],
            "name": "REar1"
        },
        {
            "matrix": [
                1.0,
                0.0,
                0.0,
                0.0,
                0.0,
                1.0,
                0.0,
                0.0,
                0.0,
                0.0,
                1.0,
                0.0,
                0.3091205060482025,
                0.000002108199851136306,
                6.857999892417865e-7,
                1.0
            ],
            "name": "REar2"
        },
        {
            "children": [
                37
            ],
            "matrix": [
                -0.0104595348238945,
                -0.7141674160957336,
                -0.6998968124389648,
                0.0,
                0.9379311800003052,
                0.23564831912517548,
                -0.2544699013233185,
                0.0,
                0.3466635942459107,
                -0.6591166853904724,
                0.6673750877380371,
                0.0,
                0.2607284486293793,
                -0.2505445778369904,
                -0.08960840106010437,
                1.0
            ],
            "name": "LEar1"
        },
        {
            "matrix": [
                1.0,
                0.0,
                0.0,
                0.0,
                0.0,
                1.0,
                0.0,
                0.0,
                0.0,
                0.0,
                1.0,
                0.0,
                0.30912306904792788,
                -7.620000275210259e-8,
                5.0800000650497177e-8,
                1.0
            ],
            "name": "LEar2"
        },
        {
            "matrix": [
                -0.05945267155766487,
                -6.535354896142209e-11,
                0.9982311129570008,
                0.0,
                6.535354896142209e-11,
                -1.0,
                -6.157702819864497e-11,
                0.0,
                0.9982311129570008,
                6.157702819864497e-11,
                0.05945267155766487,
                0.0,
                0.12267894297838213,
                0.0,
                0.05513272807002068,
                1.0
            ],
            "name": "Jaw"
        }
    ],
    "meshes": [
        {
            "primitives": [
                {
                    "attributes": {
                        "JOINTS_0": 1,
                        "NORMAL": 2,
                        "POSITION": 3,
                        "TEXCOORD_0": 4,
                        "WEIGHTS_0": 5
                    },
                    "indices": 0,
                    "mode": 4,
                    "material": 0
                },
                {
                    "attributes": {
                        "JOINTS_0": 7,
                        "NORMAL": 8,
                        "POSITION": 9,
                        "TEXCOORD_0": 10,
                        "WEIGHTS_0": 11
                    },
                    "indices": 6,
                    "mode": 4,
                    "material": 1
                },
                {
                    "attributes": {
                        "JOINTS_0": 13,
                        "NORMAL": 14,
                        "POSITION": 15,
                        "TEXCOORD_0": 16,
                        "WEIGHTS_0": 17
                    },
                    "indices": 12,
                    "mode": 4,
                    "material": 2
                }
            ],
            "name": "Nidorina"
        }
    ],
    "skins": [
        {
            "inverseBindMatrices": 18,
            "skeleton": 2,
            "joints": [
                2,
                10,
                11,
                12,
                13,
                6,
                7,
                8,
                9,
                3,
                4,
                5,
                17,
                18,
                19,
                20,
                21,
                24,
                23,
                22,
                32,
                33,
                38,
                36,
                37,
                34,
                35,
                25,
                26,
                27,
                28,
                31,
                30,
                29
            ],
            "name": "Nidorina-mesh-skin"
        }
    ],
    "accessors": [
        {
            "bufferView": 0,
            "byteOffset": 0,
            "componentType": 5123,
            "count": 468,
            "max": [
                101
            ],
            "min": [
                0
            ],
            "type": "SCALAR"
        },
        {
            "bufferView": 1,
            "byteOffset": 0,
            "componentType": 5123,
            "count": 102,
            "max": [
                21,
                0,
                0,
                0
            ],
            "min": [
                21,
                0,
                0,
                0
            ],
            "type": "VEC4"
        },
        {
            "bufferView": 2,
            "byteOffset": 0,
            "componentType": 5126,
            "count": 102,
            "max": [
                0.9854220151901244,
                -0.0768510028719902,
                0.7465959787368774
            ],
            "min": [
                -0.9854220151901244,
                -0.8103960156440735,
                -0.3449290096759796
            ],
            "type": "VEC3"
        },
        {
            "bufferView": 2,
            "byteOffset": 1224,
            "componentType": 5126,
            "count": 102,
            "max": [
                0.3258667588233948,
                -0.5366283059120178,
                1.4148563146591189
            ],
            "min": [
                -0.3258667588233948,
                -0.8971025943756104,
                1.0884864330291749
            ],
            "type": "VEC3"
        },
        {
            "bufferView": 1,
            "byteOffset": 816,
            "componentType": 5126,
            "count": 102,
            "max": [
                0.49480000138282778,
                -0.7920399904251099
            ],
            "min": [
                0.005200999788939953,
                -0.9870699644088744
            ],
            "type": "VEC2"
        },
        {
            "bufferView": 3,
            "byteOffset": 0,
            "componentType": 5126,
            "count": 102,
            "max": [
                1.0,
                0.0,
                0.0,
                0.0
            ],
            "min": [
                1.0,
                0.0,
                0.0,
                0.0
            ],
            "type": "VEC4"
        },
        {
            "bufferView": 0,
            "byteOffset": 936,
            "componentType": 5123,
            "count": 14478,
            "max": [
                3047
            ],
            "min": [
                0
            ],
            "type": "SCALAR"
        },
        {
            "bufferView": 1,
            "byteOffset": 1632,
            "componentType": 5123,
            "count": 3048,
            "max": [
                33,
                33,
                33,
                33
            ],
            "min": [
                0,
                0,
                0,
                0
            ],
            "type": "VEC4"
        },
        {
            "bufferView": 2,
            "byteOffset": 2448,
            "componentType": 5126,
            "count": 3048,
            "max": [
                0.9993759989738464,
                0.9993489980697632,
                0.9990450143814088
            ],
            "min": [
                -0.9993759989738464,
                -0.9975950121879578,
                -1.0
            ],
            "type": "VEC3"
        },
        {
            "bufferView": 2,
            "byteOffset": 39024,
            "componentType": 5126,
            "count": 3048,
            "max": [
                0.7896808981895447,
                1.3219480514526368,
                1.8002375364303589
            ],
            "min": [
                -0.7896808981895447,
                -1.0159212350845338,
                -2.5400000325248585e-8
            ],
            "type": "VEC3"
        },
        {
            "bufferView": 1,
            "byteOffset": 26016,
            "componentType": 5126,
            "count": 3048,
            "max": [
                1.0,
                0.9950590133666992
            ],
            "min": [
                0.0,
                0.004810035228729248
            ],
            "type": "VEC2"
        },
        {
            "bufferView": 3,
            "byteOffset": 1632,
            "componentType": 5126,
            "count": 3048,
            "max": [
                1.0,
                0.9900000095367432,
                0.959999978542328,
                0.7199999690055847
            ],
            "min": [
                0.009999999776482582,
                0.0,
                0.0,
                0.0
            ],
            "type": "VEC4"
        },
        {
            "bufferView": 0,
            "byteOffset": 29892,
            "componentType": 5123,
            "count": 468,
            "max": [
                101
            ],
            "min": [
                0
            ],
            "type": "SCALAR"
        },
        {
            "bufferView": 1,
            "byteOffset": 50400,
            "componentType": 5123,
            "count": 102,
            "max": [
                21,
                0,
                0,
                0
            ],
            "min": [
                21,
                0,
                0,
                0
            ],
            "type": "VEC4"
        },
        {
            "bufferView": 2,
            "byteOffset": 75600,
            "componentType": 5126,
            "count": 102,
            "max": [
                0.9898539781570436,
                -0.1262589991092682,
                0.847527027130127
            ],
            "min": [
                -0.9898539781570436,
                -0.80936598777771,
                -0.34585800766944888
            ],
            "type": "VEC3"
        },
        {
            "bufferView": 2,
            "byteOffset": 76824,
            "componentType": 5126,
            "count": 102,
            "max": [
                0.3281121253967285,
                -0.5373598337173462,
                1.415755271911621
            ],
            "min": [
                -0.3281121253967285,
                -0.897620677947998,
                1.089423656463623
            ],
            "type": "VEC3"
        },
        {
            "bufferView": 1,
            "byteOffset": 51216,
            "componentType": 5126,
            "count": 102,
            "max": [
                0.9790080189704896,
                -0.16815996170043946
            ],
            "min": [
                0.020800000056624417,
                -0.9482799768447876
            ],
            "type": "VEC2"
        },
        {
            "bufferView": 3,
            "byteOffset": 50400,
            "componentType": 5126,
            "count": 102,
            "max": [
                1.0,
                0.0,
                0.0,
                0.0
            ],
            "min": [
                1.0,
                0.0,
                0.0,
                0.0
            ],
            "type": "VEC4"
        },
        {
            "bufferView": 4,
            "byteOffset": 0,
            "componentType": 5126,
            "count": 34,
            "max": [
                0.9378439784049988,
                1.0,
                0.7692649960517883,
                0.0,
                0.9999939799308776,
                1.0,
                0.6073750257492065,
                0.0,
                0.7042549848556519,
                0.937862992286682,
                1.0,
                0.0,
                29.69609832763672,
                50.095699310302737,
                26.738298416137697,
                1.0
            ],
            "min": [
                -0.93784099817276,
                -1.0,
                -0.7692700028419495,
                0.0,
                -1.0,
                -1.0,
                -1.0,
                0.0,
                -1.0,
                -0.9378610253334044,
                -0.787418007850647,
                0.0,
                -41.23769760131836,
                -50.095699310302737,
                -42.112098693847659,
                1.0
            ],
            "type": "MAT4"
        }
    ],
    "materials": [
        {
            "pbrMetallicRoughness": {
                "baseColorFactor": [
                    1.0,
                    1.0,
                    1.0,
                    1.0
                ],
                "baseColorTexture": {
                    "index": 0
                },
                "metallicFactor": 0.0
            },
            "name": "Material__10"
        },
        {
            "pbrMetallicRoughness": {
                "baseColorFactor": [
                    1.0,
                    1.0,
                    1.0,
                    1.0
                ],
                "baseColorTexture": {
                    "index": 1
                },
                "metallicFactor": 0.0
            },
            "name": "Material__11"
        },
        {
            "pbrMetallicRoughness": {
                "baseColorTexture": {
                    "index": 2
                },
                "metallicFactor": 0.0
            },
            "name": "Material__12"
        }
    ],
    "textures": [
        {
            "sampler": 0,
            "source": 0
        },
        {
            "sampler": 0,
            "source": 1
        },
        {
            "sampler": 0,
            "source": 2
        }
    ],
    "images": [
        {
            "uri": "pm0030_00_Eye1.png"
        },
        {
            "uri": "pm0030_00_Body1.png"
        },
        {
            "uri": "pm0030_00_Iris1.png"
        }
    ],
    "samplers": [
        {
            "magFilter": 9729,
            "minFilter": 9986,
            "wrapS": 10497,
            "wrapT": 10497
        }
    ],
    "bufferViews": [
        {
            "buffer": 0,
            "byteOffset": 184288,
            "byteLength": 30828,
            "target": 34963
        },
        {
            "buffer": 0,
            "byteOffset": 132256,
            "byteLength": 52032,
            "byteStride": 8,
            "target": 34962
        },
        {
            "buffer": 0,
            "byteOffset": 54208,
            "byteLength": 78048,
            "byteStride": 12,
            "target": 34962
        },
        {
            "buffer": 0,
            "byteOffset": 2176,
            "byteLength": 52032,
            "byteStride": 16,
            "target": 34962
        },
        {
            "buffer": 0,
            "byteOffset": 0,
            "byteLength": 2176
        }
    ],
    "buffers": [
        {
            "byteLength": 215116,
            "uri": "Nidorina_ColladaMax0.bin"
        }
    ]
}
