{
    "asset": {
        "generator": "COLLADA2GLTF",
        "version": "2.0"
    },
    "scenes": [
        {
            "nodes": [
                0
            ]
        }
    ],
    "scene": 0,
    "nodes": [
        {
            "children": [
                31,
                1
            ],
            "matrix": [
                1.0,
                0.0,
                0.0,
                0.0,
                0.0,
                0.0,
                -1.0,
                0.0,
                0.0,
                1.0,
                0.0,
                0.0,
                0.0,
                0.0,
                0.0,
                1.0
            ],
            "name": "Z_UP"
        },
        {
            "mesh": 0,
            "skin": 0,
            "name": "Farfetch_d"
        },
        {
            "children": [
                3
            ],
            "matrix": [
                0.8888037800788879,
                -1.7722766292190564e-20,
                0.4582879841327667,
                0.0,
                2.6050628735879885e-14,
                1.0,
                -5.0522554076535417e-14,
                0.0,
                -0.4582879841327667,
                5.684332399311792e-14,
                0.8888037800788879,
                0.0,
                0.0,
                0.0,
                0.0,
                1.0
            ],
            "name": "Spine1"
        },
        {
            "children": [
                27,
                14,
                4
            ],
            "matrix": [
                0.8748165965080261,
                4.680537641493787e-13,
                -0.4844542145729065,
                0.0,
                -4.602438764302054e-13,
                1.0,
                1.3504837168259318e-13,
                0.0,
                0.4844542145729065,
                1.0482453528240165e-13,
                0.8748165965080261,
                0.0,
                0.24153980612754825,
                2.5400000325248585e-8,
                -1.2111659231095473e-8,
                1.0
            ],
            "name": "Spine2"
        },
        {
            "children": [
                5
            ],
            "matrix": [
                -0.000003879697032971308,
                1.0,
                2.985709457448138e-9,
                0.0,
                -0.9995598196983336,
                -0.000003877900780935306,
                -0.029667798429727556,
                0.0,
                -0.029667798429727556,
                -1.1808646149802374e-7,
                0.9995598196983336,
                0.0,
                0.19634665548801426,
                0.3266186118125916,
                0.023699838668107988,
                1.0
            ],
            "name": "RArm"
        },
        {
            "children": [
                6
            ],
            "matrix": [
                1.0,
                0.0,
                0.0,
                0.0,
                0.0,
                1.0,
                0.0,
                0.0,
                0.0,
                0.0,
                1.0,
                0.0,
                0.43423357605934145,
                0.0,
                0.0,
                1.0
            ],
            "name": "RForeArm"
        },
        {
            "children": [
                13,
                11,
                9,
                7
            ],
            "matrix": [
                1.0,
                0.0,
                0.0,
                0.0,
                0.0,
                1.0,
                0.0,
                0.0,
                0.0,
                0.0,
                1.0,
                0.0,
                0.28663644194602969,
                -3.875735217206966e-7,
                -1.6956329318418287e-7,
                1.0
            ],
            "name": "RHand"
        },
        {
            "children": [
                8
            ],
            "matrix": [
                0.9479217529296876,
                -0.318503201007843,
                9.053902138916274e-15,
                0.0,
                0.318503201007843,
                0.9479217529296876,
                -5.5372417398892949e-14,
                0.0,
                9.053902138916274e-15,
                5.5372417398892949e-14,
                1.0,
                0.0,
                0.1891527771949768,
                -0.22433048486709596,
                -1.6956329318418287e-7,
                1.0
            ],
            "name": "RFingerD1"
        },
        {
            "matrix": [
                0.999994158744812,
                0.0034199957735836508,
                2.842162980930697e-14,
                0.0,
                -0.0034199957735836508,
                0.999994158744812,
                -2.8470318957181046e-14,
                0.0,
                -2.8518833616267977e-14,
                2.8372949131762367e-14,
                1.0,
                0.0,
                0.1661558598279953,
                2.422331988327642e-7,
                0.0,
                1.0
            ],
            "name": "RFingerD2"
        },
        {
            "children": [
                10
            ],
            "matrix": [
                0.9972211122512816,
                -0.0744987279176712,
                -5.044459401110308e-15,
                0.0,
                0.0744987279176712,
                0.9972211122512816,
                -8.519011505340318e-14,
                0.0,
                1.1376996722912546e-14,
                8.457758148353035e-14,
                1.0,
                0.0,
                0.19734959304332737,
                -0.03952036798000336,
                -1.211165994163821e-7,
                1.0
            ],
            "name": "RFingerC1"
        },
        {
            "matrix": [
                0.9999990463256836,
                0.0013890117406845093,
                7.105426087051581e-15,
                0.0,
                -0.0013890117406845093,
                0.9999990463256836,
                -2.841676784018973e-14,
                0.0,
                -7.144890622613582e-15,
                2.8406871107234008e-14,
                1.0,
                0.0,
                0.1611432582139969,
                9.689338185125962e-7,
                4.844669021508708e-8,
                1.0
            ],
            "name": "RFingerC2"
        },
        {
            "children": [
                12
            ],
            "matrix": [
                0.9974554777145386,
                0.0712924674153328,
                -1.2731773406003072e-14,
                0.0,
                -0.0712924674153328,
                0.9974554777145386,
                -5.6513801071581696e-14,
                0.0,
                8.670369008531316e-15,
                5.727768248846994e-14,
                1.0,
                0.0,
                0.17007768154144288,
                0.1567024439573288,
                -1.4534006709254758e-7,
                1.0
            ],
            "name": "RFingerB1"
        },
        {
            "matrix": [
                0.9999666213989258,
                0.008171908557415009,
                -2.0085577928793346e-15,
                0.0,
                -0.008171908557415009,
                0.9999666213989258,
                -5.6827958815454738e-14,
                0.0,
                1.5440978641642798e-15,
                5.6842476960170677e-14,
                1.0,
                0.0,
                0.1398524194955826,
                -9.689338185125962e-7,
                4.844669021508708e-8,
                1.0
            ],
            "name": "RFingerB2"
        },
        {
            "matrix": [
                0.9728391170501708,
                0.2314821779727936,
                -2.0652060858422813e-14,
                0.0,
                -0.2314821779727936,
                0.9728391170501708,
                -5.4413654029632228e-14,
                0.0,
                7.495341187177627e-15,
                5.771631680613967e-14,
                1.0,
                0.0,
                0.10326037555933,
                0.31134533882141116,
                -4.844669021508708e-8,
                1.0
            ],
            "name": "RFingerA"
        },
        {
            "children": [
                15
            ],
            "matrix": [
                -0.000004029731371701928,
                -1.0,
                7.619210262710395e-10,
                0.0,
                0.9995598196983336,
                -0.000004027935119665926,
                0.029666660353541379,
                0.0,
                -0.029666660353541379,
                1.203102613089868e-7,
                0.9995598196983336,
                0.0,
                0.19634616374969486,
                -0.3266186118125916,
                0.023700052872300149,
                1.0
            ],
            "name": "LArm"
        },
        {
            "children": [
                16
            ],
            "matrix": [
                1.0,
                0.0,
                0.0,
                0.0,
                0.0,
                1.0,
                0.0,
                0.0,
                0.0,
                0.0,
                1.0,
                0.0,
                0.43423333764076235,
                0.0,
                0.0,
                1.0
            ],
            "name": "LForeArm"
        },
        {
            "children": [
                24,
                23,
                21,
                19,
                17
            ],
            "matrix": [
                1.0,
                0.0,
                0.0,
                0.0,
                0.0,
                1.0,
                0.0,
                0.0,
                0.0,
                0.0,
                1.0,
                0.0,
                0.286639004945755,
                0.0,
                2.422331846219095e-8,
                1.0
            ],
            "name": "LHand"
        },
        {
            "children": [
                18
            ],
            "matrix": [
                0.9479217529296876,
                0.318503201007843,
                -2.571115783589462e-15,
                0.0,
                -0.318503201007843,
                0.9479217529296876,
                -1.4540662239808517e-14,
                0.0,
                -2.194030903273714e-15,
                1.4602317768039158e-14,
                1.0,
                0.0,
                0.18915367126464845,
                0.2243305891752243,
                0.0,
                1.0
            ],
            "name": "LFingerD1"
        },
        {
            "matrix": [
                0.999994158744812,
                -0.003419847460463643,
                3.5527003380315818e-15,
                0.0,
                0.003419847460463643,
                0.999994158744812,
                1.4210863185531477e-14,
                0.0,
                -3.6012787363478e-15,
                -1.4198631182740176e-14,
                1.0,
                0.0,
                0.1661543995141983,
                -1.4534006709254758e-7,
                0.0,
                1.0
            ],
            "name": "LFingerD2"
        },
        {
            "children": [
                20
            ],
            "matrix": [
                0.9972211122512816,
                0.07449893653392792,
                1.4446921156475445e-16,
                0.0,
                -0.07449893653392792,
                0.9972211122512816,
                -7.714553737443512e-17,
                0.0,
                -1.4981499531355393e-16,
                6.616835433748891e-17,
                1.0,
                0.0,
                0.19734929502010344,
                0.03951996192336083,
                2.422331846219095e-8,
                1.0
            ],
            "name": "LFingerC1"
        },
        {
            "matrix": [
                0.9999990463256836,
                -0.0013890302507206798,
                8.881767785737899e-16,
                0.0,
                0.0013890302507206798,
                0.9999990463256836,
                2.8424220036059678e-14,
                0.0,
                -9.27657990096938e-16,
                -2.8422956262902368e-14,
                1.0,
                0.0,
                0.16114404797554017,
                -9.689338043017418e-8,
                -2.422331846219095e-8,
                1.0
            ],
            "name": "LFingerC2"
        },
        {
            "children": [
                22
            ],
            "matrix": [
                0.9974554777145386,
                -0.07129242271184921,
                -1.938616673061947e-14,
                0.0,
                0.07129242271184921,
                0.9974554777145386,
                1.4031369280711763e-14,
                0.0,
                1.8336506561723e-14,
                -1.537775271432795e-14,
                1.0,
                0.0,
                0.170078381896019,
                -0.15670225024223329,
                0.0,
                1.0
            ],
            "name": "LFingerB1"
        },
        {
            "matrix": [
                0.9999666213989258,
                -0.008172900415956974,
                4.440892098500626e-15,
                0.0,
                0.008172900415956974,
                0.9999666213989258,
                -2.842172975919474e-14,
                0.0,
                -4.2084556698622058e-15,
                2.8457078138149567e-14,
                1.0,
                0.0,
                0.1398524194955826,
                9.689338043017418e-8,
                0.0,
                1.0
            ],
            "name": "LFingerB2"
        },
        {
            "matrix": [
                0.9728391170501708,
                -0.2314823567867279,
                4.560104362530144e-15,
                0.0,
                0.2314823567867279,
                0.9728391170501708,
                2.397058242104347e-16,
                0.0,
                -4.491735674676039e-15,
                8.223885765934958e-16,
                1.0,
                0.0,
                0.10326074808835985,
                -0.31134557723999026,
                0.0,
                1.0
            ],
            "name": "LFingerA"
        },
        {
            "children": [
                25
            ],
            "matrix": [
                -0.013690345920622349,
                0.9996995329856872,
                -0.02033359743654728,
                0.0,
                -0.9999062418937684,
                -0.01369317714124918,
                6.0402682855453808e-9,
                0.0,
                -0.00027842551935464144,
                0.020331691950559617,
                0.9997932314872742,
                0.0,
                0.002968424465507269,
                -0.04404507204890251,
                0.13246402144432069,
                1.0
            ],
            "name": "FeelerB1"
        },
        {
            "children": [
                26
            ],
            "matrix": [
                0.9846632480621338,
                -0.013435788452625277,
                -0.1739475280046463,
                0.0,
                0.013693010434508324,
                0.9999061822891237,
                0.00027868582401424646,
                0.0,
                0.1739274710416794,
                -0.002656277036294341,
                0.9847548604011536,
                0.0,
                0.2917596399784088,
                -1.9378650506496346e-7,
                4.844669021508708e-8,
                1.0
            ],
            "name": "FeelerB2"
        },
        {
            "matrix": [
                0.9814192056655884,
                2.382807221933819e-13,
                -0.19187574088573457,
                0.0,
                -2.34055938692912e-13,
                1.0,
                4.4683732354413449e-14,
                0.0,
                0.19187574088573457,
                1.0561792520958984e-15,
                0.9814192056655884,
                0.0,
                0.28852367401123049,
                -9.689338043017418e-8,
                0.0,
                1.0
            ],
            "name": "FeelerB3"
        },
        {
            "children": [
                30,
                29,
                28
            ],
            "matrix": [
                0.9995725154876708,
                -2.2737363478565062e-13,
                0.02923596277832985,
                0.0,
                2.2735433598698038e-13,
                1.0,
                3.984092735760539e-15,
                0.0,
                -0.02923596277832985,
                2.6645333532762445e-15,
                0.9995725154876708,
                0.0,
                0.3200984001159668,
                -1.8480938892943836e-13,
                2.422331846219095e-8,
                1.0
            ],
            "name": "Head"
        },
        {
            "matrix": [
                -0.28046295046806338,
                -5.796331379315234e-7,
                0.959864854812622,
                0.0,
                0.0000024037904040596919,
                -1.0,
                9.84940911052945e-8,
                0.0,
                0.959864854812622,
                0.000002334937789782998,
                0.28046295046806338,
                0.0,
                0.18654897809028624,
                0.0,
                0.3206292986869812,
                1.0
            ],
            "name": "UpperBeak"
        },
        {
            "matrix": [
                -0.23427006602287293,
                -7.261044743245293e-7,
                0.9721715450286864,
                0.0,
                1.4553096150393689e-7,
                1.0,
                7.819587040103215e-7,
                0.0,
                -0.9721715450286864,
                3.24670565987617e-7,
                -0.23427006602287293,
                0.0,
                0.08550554513931275,
                -7.392364715155808e-13,
                0.24427638947963718,
                1.0
            ],
            "name": "LowerBeak"
        },
        {
            "matrix": [
                0.9999998807907105,
                -2.273735399179605e-13,
                0.00043201452353969216,
                0.0,
                2.2737358057554197e-13,
                1.0,
                -2.9056522269660459e-17,
                0.0,
                -0.00043201452353969216,
                1.272852027009002e-16,
                0.9999998807907105,
                0.0,
                0.6060262322425842,
                9.240468633320289e-13,
                0.0,
                1.0
            ],
            "name": "FeelerA"
        },
        {
            "children": [
                32
            ],
            "matrix": [
                1.0,
                -0.0,
                0.0,
                0.0,
                0.0,
                3.995190525074577e-7,
                1.0,
                0.0,
                -0.0,
                -1.0,
                3.995190525074577e-7,
                0.0,
                0.0,
                0.0,
                0.0,
                1.0
            ],
            "name": "pm0083_00"
        },
        {
            "children": [
                33
            ],
            "name": "Origin"
        },
        {
            "children": [
                34,
                2
            ],
            "matrix": [
                -0.000003728380534084863,
                1.0,
                0.0,
                0.0,
                -1.0,
                -0.000003728380534084863,
                0.0,
                0.0,
                0.0,
                0.0,
                1.0,
                0.0,
                0.0,
                0.5179314017295837,
                0.10463910549879074,
                1.0
            ],
            "name": "Waist"
        },
        {
            "children": [
                41,
                37,
                35
            ],
            "matrix": [
                -1.0,
                -0.0000018643025896381005,
                0.0,
                0.0,
                0.0000018643025896381005,
                -1.0,
                0.0,
                0.0,
                0.0,
                0.0,
                1.0,
                0.0,
                0.0,
                0.0,
                0.0,
                1.0
            ],
            "name": "Hips"
        },
        {
            "children": [
                36
            ],
            "matrix": [
                -0.004242323338985443,
                1.682218169207772e-7,
                -0.9999909996986388,
                0.0,
                1.6834906091389715e-7,
                -1.0,
                -1.6893751819679895e-7,
                0.0,
                -0.9999909996986388,
                -1.690642363882944e-7,
                0.004242323338985443,
                0.0,
                0.07100671529769898,
                7.392364715155808e-13,
                -0.3178454339504242,
                1.0
            ],
            "name": "Tail1"
        },
        {
            "matrix": [
                0.8994749188423157,
                8.994774702841823e-7,
                0.436972439289093,
                0.0,
                -1.6654294654472327e-7,
                1.0,
                -0.0000017156145304397797,
                0.0,
                -0.436972439289093,
                0.0000014703775832458633,
                0.8994749188423157,
                0.0,
                0.3146450221538544,
                -7.392364715155808e-13,
                0.0000018894195363827749,
                1.0
            ],
            "name": "Tail2"
        },
        {
            "children": [
                38
            ],
            "matrix": [
                1.0,
                0.0,
                0.0,
                0.0,
                0.0,
                1.0,
                0.0,
                0.0,
                0.0,
                0.0,
                1.0,
                0.0,
                0.17231687903404237,
                -0.18714313209056858,
                0.04366033896803856,
                1.0
            ],
            "name": "RThigh"
        },
        {
            "children": [
                39
            ],
            "matrix": [
                1.0,
                0.0,
                0.0,
                0.0,
                0.0,
                1.0,
                0.0,
                0.0,
                0.0,
                0.0,
                1.0,
                0.0,
                0.11411051452159882,
                0.0,
                0.000004699330474977614,
                1.0
            ],
            "name": "RLeg"
        },
        {
            "children": [
                40
            ],
            "matrix": [
                2.699251524518332e-7,
                1.4022613625819248e-10,
                1.0,
                0.0,
                -0.0010389998788014057,
                0.999999463558197,
                1.4022613625819248e-10,
                0.0,
                -0.999999463558197,
                -0.0010389998788014057,
                2.699251524518332e-7,
                0.0,
                0.14490824937820438,
                0.0,
                -4.844669021508708e-8,
                1.0
            ],
            "name": "RFoot"
        },
        {
            "matrix": [
                1.0,
                -0.000018119808373739944,
                0.00001716614315228071,
                0.0,
                0.0000181377417902695,
                0.999999463558197,
                -0.0010452268179506064,
                0.0,
                -0.000017147194739663978,
                0.001045227167196572,
                0.999999463558197,
                0.0,
                0.1158846989274025,
                2.422331846219095e-8,
                -0.0362844355404377,
                1.0
            ],
            "name": "RToe"
        },
        {
            "children": [
                42
            ],
            "matrix": [
                1.0,
                0.0,
                0.0,
                0.0,
                0.0,
                1.0,
                0.0,
                0.0,
                0.0,
                0.0,
                1.0,
                0.0,
                0.1723163425922394,
                0.18714338541030885,
                0.043660566210746768,
                1.0
            ],
            "name": "LThigh"
        },
        {
            "children": [
                43
            ],
            "matrix": [
                1.0,
                0.0,
                0.0,
                0.0,
                0.0,
                1.0,
                0.0,
                0.0,
                0.0,
                0.0,
                1.0,
                0.0,
                0.11411096900701524,
                0.0,
                0.000004650867140298942,
                1.0
            ],
            "name": "LLeg"
        },
        {
            "children": [
                44
            ],
            "matrix": [
                2.699251524518332e-7,
                1.4022613625819248e-10,
                1.0,
                0.0,
                -0.0010389998788014057,
                0.999999463558197,
                1.4022613625819248e-10,
                0.0,
                -0.999999463558197,
                -0.0010389998788014057,
                2.699251524518332e-7,
                0.0,
                0.14490829408168794,
                0.0,
                0.0,
                1.0
            ],
            "name": "LFoot"
        },
        {
            "matrix": [
                1.0,
                -0.000018119808373739944,
                0.00001716614315228071,
                0.0,
                0.0000181377417902695,
                0.999999463558197,
                -0.0010452268179506064,
                0.0,
                -0.000017147194739663978,
                0.001045227167196572,
                0.999999463558197,
                0.0,
                0.11588523536920548,
                0.0,
                -0.0362844355404377,
                1.0
            ],
            "name": "LToe"
        }
    ],
    "meshes": [
        {
            "primitives": [
                {
                    "attributes": {
                        "JOINTS_0": 1,
                        "NORMAL": 2,
                        "POSITION": 3,
                        "TEXCOORD_0": 4,
                        "WEIGHTS_0": 5
                    },
                    "indices": 0,
                    "mode": 4,
                    "material": 0
                },
                {
                    "attributes": {
                        "JOINTS_0": 7,
                        "NORMAL": 8,
                        "POSITION": 9,
                        "TEXCOORD_0": 10,
                        "WEIGHTS_0": 11
                    },
                    "indices": 6,
                    "mode": 4,
                    "material": 1
                },
                {
                    "attributes": {
                        "JOINTS_0": 13,
                        "NORMAL": 14,
                        "POSITION": 15,
                        "TEXCOORD_0": 16,
                        "WEIGHTS_0": 17
                    },
                    "indices": 12,
                    "mode": 4,
                    "material": 2
                },
                {
                    "attributes": {
                        "JOINTS_0": 19,
                        "NORMAL": 20,
                        "POSITION": 21,
                        "TEXCOORD_0": 22,
                        "WEIGHTS_0": 23
                    },
                    "indices": 18,
                    "mode": 4,
                    "material": 3
                }
            ],
            "name": "Farfetch_d"
        }
    ],
    "skins": [
        {
            "inverseBindMatrices": 24,
            "skeleton": 2,
            "joints": [
                34,
                41,
                42,
                43,
                44,
                37,
                38,
                39,
                40,
                35,
                36,
                2,
                3,
                27,
                30,
                29,
                28,
                14,
                15,
                16,
                24,
                25,
                26,
                23,
                21,
                22,
                19,
                20,
                17,
                18,
                4,
                5,
                6,
                13,
                11,
                12,
                9,
                10,
                7,
                8
            ],
            "name": "geom-Farfetch_d-skin1"
        }
    ],
    "accessors": [
        {
            "bufferView": 0,
            "byteOffset": 0,
            "componentType": 5123,
            "count": 15576,
            "max": [
                3330
            ],
            "min": [
                0
            ],
            "type": "SCALAR"
        },
        {
            "bufferView": 1,
            "byteOffset": 0,
            "componentType": 5123,
            "count": 3331,
            "max": [
                38,
                39,
                38,
                39
            ],
            "min": [
                0,
                0,
                0,
                0
            ],
            "type": "VEC4"
        },
        {
            "bufferView": 2,
            "byteOffset": 0,
            "componentType": 5126,
            "count": 3331,
            "max": [
                0.9997466802597046,
                0.9999316930770874,
                0.9999374747276306
            ],
            "min": [
                -0.9997466802597046,
                -0.9999433159828186,
                -1.0
            ],
            "type": "VEC3"
        },
        {
            "bufferView": 2,
            "byteOffset": 39972,
            "componentType": 5126,
            "count": 3331,
            "max": [
                1.6019400358200074,
                0.8277580738067627,
                1.9521068334579468
            ],
            "min": [
                -1.6019399166107178,
                -1.147361159324646,
                -0.0007329931831918657
            ],
            "type": "VEC3"
        },
        {
            "bufferView": 1,
            "byteOffset": 26648,
            "componentType": 5126,
            "count": 3331,
            "max": [
                1.0,
                0.9924060106277466
            ],
            "min": [
                0.0,
                0.007812023162841797
            ],
            "type": "VEC2"
        },
        {
            "bufferView": 3,
            "byteOffset": 0,
            "componentType": 5126,
            "count": 3331,
            "max": [
                1.0,
                0.9900000095367432,
                0.800000011920929,
                0.3700000047683716
            ],
            "min": [
                0.009999999776482582,
                0.0,
                0.0,
                0.0
            ],
            "type": "VEC4"
        },
        {
            "bufferView": 0,
            "byteOffset": 31152,
            "componentType": 5123,
            "count": 360,
            "max": [
                83
            ],
            "min": [
                0
            ],
            "type": "SCALAR"
        },
        {
            "bufferView": 1,
            "byteOffset": 53296,
            "componentType": 5123,
            "count": 84,
            "max": [
                13,
                16,
                0,
                0
            ],
            "min": [
                13,
                0,
                0,
                0
            ],
            "type": "VEC4"
        },
        {
            "bufferView": 2,
            "byteOffset": 79944,
            "componentType": 5126,
            "count": 84,
            "max": [
                0.913256824016571,
                -0.23556509613990785,
                0.7142475843429565
            ],
            "min": [
                -0.913256824016571,
                -0.9732577204704284,
                -0.10917220264673232
            ],
            "type": "VEC3"
        },
        {
            "bufferView": 2,
            "byteOffset": 80952,
            "componentType": 5126,
            "count": 84,
            "max": [
                0.3112998604774475,
                -0.3138830363750458,
                1.555452823638916
            ],
            "min": [
                -0.3112998604774475,
                -0.5728106498718262,
                1.1649507284164429
            ],
            "type": "VEC3"
        },
        {
            "bufferView": 1,
            "byteOffset": 53968,
            "componentType": 5126,
            "count": 84,
            "max": [
                0.4882800877094269,
                -0.7578099966049194
            ],
            "min": [
                0.01171899028122425,
                -0.9921900033950806
            ],
            "type": "VEC2"
        },
        {
            "bufferView": 3,
            "byteOffset": 53296,
            "componentType": 5126,
            "count": 84,
            "max": [
                1.0,
                0.10000000149011612,
                0.0,
                0.0
            ],
            "min": [
                0.8999999761581421,
                0.0,
                0.0,
                0.0
            ],
            "type": "VEC4"
        },
        {
            "bufferView": 0,
            "byteOffset": 31872,
            "componentType": 5123,
            "count": 180,
            "max": [
                41
            ],
            "min": [
                0
            ],
            "type": "SCALAR"
        },
        {
            "bufferView": 1,
            "byteOffset": 54640,
            "componentType": 5123,
            "count": 42,
            "max": [
                13,
                0,
                0,
                0
            ],
            "min": [
                13,
                0,
                0,
                0
            ],
            "type": "VEC4"
        },
        {
            "bufferView": 2,
            "byteOffset": 81960,
            "componentType": 5126,
            "count": 42,
            "max": [
                0.8759171962738037,
                -0.3228564858436585,
                0.6600499153137207
            ],
            "min": [
                -1.2077400191046195e-9,
                -0.9764577746391296,
                -0.16382889449596406
            ],
            "type": "VEC3"
        },
        {
            "bufferView": 2,
            "byteOffset": 82464,
            "componentType": 5126,
            "count": 42,
            "max": [
                0.31570929288864138,
                -0.3155924677848816,
                1.5588080883026124
            ],
            "min": [
                0.0,
                -0.5777763724327087,
                1.1641099452972413
            ],
            "type": "VEC3"
        },
        {
            "bufferView": 1,
            "byteOffset": 54976,
            "componentType": 5126,
            "count": 42,
            "max": [
                0.9353600144386292,
                -2.031239986419678
            ],
            "min": [
                0.046879999339580539,
                -2.9687600135803224
            ],
            "type": "VEC2"
        },
        {
            "bufferView": 3,
            "byteOffset": 54640,
            "componentType": 5126,
            "count": 42,
            "max": [
                1.0,
                0.0,
                0.0,
                0.0
            ],
            "min": [
                1.0,
                0.0,
                0.0,
                0.0
            ],
            "type": "VEC4"
        },
        {
            "bufferView": 0,
            "byteOffset": 32232,
            "componentType": 5123,
            "count": 180,
            "max": [
                41
            ],
            "min": [
                0
            ],
            "type": "SCALAR"
        },
        {
            "bufferView": 1,
            "byteOffset": 55312,
            "componentType": 5123,
            "count": 42,
            "max": [
                13,
                0,
                0,
                0
            ],
            "min": [
                13,
                0,
                0,
                0
            ],
            "type": "VEC4"
        },
        {
            "bufferView": 2,
            "byteOffset": 82968,
            "componentType": 5126,
            "count": 42,
            "max": [
                7.268639912183516e-9,
                -0.3228564858436585,
                0.6600499153137207
            ],
            "min": [
                -0.8759171962738037,
                -0.9764577746391296,
                -0.16382889449596406
            ],
            "type": "VEC3"
        },
        {
            "bufferView": 2,
            "byteOffset": 83472,
            "componentType": 5126,
            "count": 42,
            "max": [
                0.0,
                -0.3155924677848816,
                1.5588080883026124
            ],
            "min": [
                -0.31570929288864138,
                -0.5777763724327087,
                1.1641099452972413
            ],
            "type": "VEC3"
        },
        {
            "bufferView": 1,
            "byteOffset": 55648,
            "componentType": 5126,
            "count": 42,
            "max": [
                0.935368001461029,
                -2.031239986419678
            ],
            "min": [
                0.04687599837779999,
                -2.9687600135803224
            ],
            "type": "VEC2"
        },
        {
            "bufferView": 3,
            "byteOffset": 55312,
            "componentType": 5126,
            "count": 42,
            "max": [
                1.0,
                0.0,
                0.0,
                0.0
            ],
            "min": [
                1.0,
                0.0,
                0.0,
                0.0
            ],
            "type": "VEC4"
        },
        {
            "bufferView": 4,
            "byteOffset": 0,
            "componentType": 5126,
            "count": 40,
            "max": [
                1.0,
                1.0,
                0.000003310849933768623,
                0.0,
                0.9999909996986388,
                8.072199761954835e-7,
                0.23385030031204225,
                0.0,
                1.0,
                1.0,
                1.0,
                0.0,
                20.391000747680665,
                41.83012008666992,
                47.711551666259769,
                1.0
            ],
            "min": [
                -1.0,
                -1.0,
                -0.0010452739661559465,
                0.0,
                -1.0,
                -0.000018137399820261636,
                -1.0,
                0.0,
                -1.0,
                -1.0,
                -0.97227281332016,
                0.0,
                -67.06749725341797,
