{
    "asset": {
        "generator": "COLLADA2GLTF",
        "version": "2.0"
    },
    "scenes": [
        {
            "nodes": [
                0
            ]
        }
    ],
    "scene": 0,
    "nodes": [
        {
            "children": [
                15,
                1
            ],
            "matrix": [
                1.0,
                0.0,
                0.0,
                0.0,
                0.0,
                0.0,
                -1.0,
                0.0,
                0.0,
                1.0,
                0.0,
                0.0,
                0.0,
                0.0,
                0.0,
                1.0
            ],
            "name": "Z_UP"
        },
        {
            "mesh": 0,
            "skin": 0,
            "name": "Meowth"
        },
        {
            "children": [
                11,
                7,
                3
            ],
            "matrix": [
                -0.9999791979789734,
                -0.0000018642689383341349,
                0.006451562512665987,
                0.0,
                0.0000018643168004928157,
                -1.0,
                1.394998117021373e-9,
                0.0,
                0.006451562512665987,
                1.3422725153589e-8,
                0.9999791979789734,
                0.0,
                0.0,
                0.0,
                0.0,
                1.0
            ],
            "name": "_04_Hips"
        },
        {
            "children": [
                4
            ],
            "matrix": [
                -0.23278123140335084,
                3.52449688989509e-7,
                -0.972529113292694,
                0.0,
                -0.0000025746167011675426,
                -1.0,
                2.538461103540613e-7,
                0.0,
                -0.972529113292694,
                0.0000025629801712057089,
                0.23278123140335084,
                0.0,
                0.06382869929075241,
                -1.8480938892943836e-13,
                -0.11728932708501816,
                1.0
            ],
            "name": "_18_Tail1"
        },
        {
            "children": [
                5
            ],
            "matrix": [
                0.8793163299560547,
                4.375996240923996e-7,
                0.4762382209300995,
                0.0,
                -4.34828919537722e-8,
                1.0,
                -8.385811725020176e-7,
                0.0,
                -0.4762382209300995,
                7.166698878791067e-7,
                0.8793163299560547,
                0.0,
                0.18664230406284333,
                1.8480938892943836e-13,
                0.0,
                1.0
            ],
            "name": "_19_Tail2"
        },
        {
            "children": [
                6
            ],
            "matrix": [
                0.9676222205162048,
                1.798495434610775e-13,
                0.2524029016494751,
                0.0,
                -4.9465846529983546e-8,
                1.0,
                1.8963359593726637e-7,
                0.0,
                -0.2524029016494751,
                -1.9597899836298899e-7,
                0.9676222205162048,
                0.0,
                0.16946886479854585,
                1.8480938892943836e-13,
                2.422331846219095e-8,
                1.0
            ],
            "name": "_20_Tail3"
        },
        {
            "matrix": [
                0.8609071373939514,
                -7.449055749401273e-14,
                0.5087621212005615,
                0.0,
                -1.4626679423201951e-8,
                1.0,
                2.475083604736028e-8,
                0.0,
                -0.5087621212005615,
                -2.874967108823512e-8,
                0.8609071373939514,
                0.0,
                0.1174442321062088,
                3.696182357577904e-13,
                -4.844669021508708e-8,
                1.0
            ],
            "name": "_21_Tail4"
        },
        {
            "children": [
                8
            ],
            "matrix": [
                0.9977133870124816,
                9.941108913835707e-8,
                0.06758683919906616,
                0.0,
                -9.963892466657853e-8,
                1.0,
                2.287517675552287e-14,
                0.0,
                -0.06758683919906616,
                -6.734302893107724e-9,
                0.9977133870124816,
                0.0,
                0.08715933561325073,
                -0.08636000007390976,
                -0.012687046080827712,
                1.0
            ],
            "name": "_12_RThigh"
        },
        {
            "children": [
                9
            ],
            "matrix": [
                0.94399094581604,
                3.31636904604693e-8,
                -0.32997140288352969,
                0.0,
                -3.099258805150385e-8,
                1.0,
                1.1840323388412344e-8,
                0.0,
                0.32997140288352969,
                -9.504902420687243e-10,
                0.94399094581604,
                0.0,
                0.10017430037260056,
                -1.2111659231095473e-8,
                -0.0012553477426990869,
                1.0
            ],
            "name": "_13_RLeg"
        },
        {
            "children": [
                10
            ],
            "matrix": [
                -0.265418142080307,
                -6.960830205571256e-7,
                0.9641333818435668,
                0.0,
                -0.000007449818440363742,
                1.0,
                -0.000001328896814811742,
                0.0,
                -0.9641333818435668,
                -0.000007535331860708539,
                -0.265418142080307,
                0.0,
                0.06509003788232804,
                0.0,
                4.2390823296045719e-8,
                1.0
            ],
            "name": "_14_RFoot"
        },
        {
            "matrix": [
                1.0,
                0.0,
                0.0,
                0.0,
                0.0,
                1.0,
                0.0,
                0.0,
                0.0,
                0.0,
                1.0,
                0.0,
                0.15158414840698246,
                6.055842494134822e-9,
                -0.03287064656615257,
                1.0
            ],
            "name": "_16_RToe"
        },
        {
            "children": [
                12
            ],
            "matrix": [
                0.9977133870124816,
                9.941108913835707e-8,
                0.06758683919906616,
                0.0,
                -9.963892466657853e-8,
                1.0,
                2.287517675552287e-14,
                0.0,
                -0.06758683919906616,
                -6.734302893107724e-9,
                0.9977133870124816,
                0.0,
                0.08715933561325073,
                0.08636000007390976,
                -0.012687071226537228,
                1.0
            ],
            "name": "_06_LThigh"
        },
        {
            "children": [
                13
            ],
            "matrix": [
                0.94399094581604,
                3.31636904604693e-8,
                -0.32997140288352969,
                0.0,
                -3.099258805150385e-8,
                1.0,
                1.1840323388412344e-8,
                0.0,
                0.32997140288352969,
                -9.504902420687243e-10,
                0.94399094581604,
                0.0,
                0.10017430037260056,
                -1.2111659231095473e-8,
                -0.0012553322594612837,
                1.0
            ],
            "name": "_07_LLeg"
        },
        {
            "children": [
                14
            ],
            "matrix": [
                -0.265418142080307,
                8.859282729645201e-7,
                0.9641333818435668,
                0.0,
                0.000001958655957423616,
                1.0,
                -3.796834562308504e-7,
                0.0,
                -0.9641333818435668,
                0.0000017876307083497525,
                -0.265418142080307,
                0.0,
                0.06509003788232804,
                0.0,
                -6.055842494134822e-9,
                1.0
            ],
            "name": "_08_LFoot"
        },
        {
            "matrix": [
                1.0,
                0.0,
                0.0,
                0.0,
                0.0,
                1.0,
                0.0,
                0.0,
                0.0,
                0.0,
                1.0,
                0.0,
                0.1515842080116272,
                1.2111659231095473e-8,
                -0.03287064656615257,
                1.0
            ],
            "name": "_10_LToe"
        },
        {
            "children": [
                16
            ],
            "matrix": [
                1.0,
                -0.0,
                0.0,
                0.0,
                0.0,
                4.4896641959724089e-11,
                1.0,
                0.0,
                -0.0,
                -1.0,
                4.4896641959724089e-11,
                0.0,
                0.0,
                0.0,
                0.0,
                1.0
            ],
            "name": "_01_pm0052_00"
        },
        {
            "children": [
                17
            ],
            "name": "_02_Origin"
        },
        {
            "children": [
                2,
                18
            ],
            "matrix": [
                -0.000003728380534084863,
                1.0,
                0.0,
                0.0,
                -1.0,
                -0.000003728380534084863,
                0.0,
                0.0,
                0.0,
                0.0,
                1.0,
                0.0,
                0.0,
                0.3071063160896301,
                0.0,
                1.0
            ],
            "name": "_03_Waist"
        },
        {
            "children": [
                19
            ],
            "name": "_23_Spine1"
        },
        {
            "children": [
                44,
                32,
                20
            ],
            "matrix": [
                1.0,
                0.0,
                0.0,
                0.0,
                0.0,
                1.0,
                0.0,
                0.0,
                0.0,
                0.0,
                1.0,
                0.0,
                0.08531907945871353,
                0.0,
                -1.4438222922200529e-15,
                1.0
            ],
            "name": "_24_Spine2"
        },
        {
            "children": [
                21
            ],
            "matrix": [
                -0.000003728380534084863,
                1.0,
                2.3410276007171918e-20,
                0.0,
                -1.0,
                -0.000003728380534084863,
                7.1054231224362659e-15,
                0.0,
                7.1054231224362659e-15,
                3.0814469028742805e-21,
                1.0,
                0.0,
                0.07078929245471955,
                0.07659166306257248,
                -0.002324046567082405,
                1.0
            ],
            "name": "_72_RArm"
        },
        {
            "children": [
                22
            ],
            "matrix": [
                1.0,
                0.0,
                0.0,
                0.0,
                0.0,
                1.0,
                0.0,
                0.0,
                0.0,
                0.0,
                1.0,
                0.0,
                0.2099762260913849,
                0.0,
                0.0,
                1.0
            ],
            "name": "_73_RForeArm"
        },
        {
            "children": [
                29,
                26,
                23
            ],
            "matrix": [
                1.0,
                0.0,
                0.0,
                0.0,
                0.0,
                1.0,
                0.0,
                0.0,
                0.0,
                0.0,
                1.0,
                0.0,
                0.16807180643081666,
                -9.689338043017418e-8,
                0.0,
                1.0
            ],
            "name": "_74_RHand"
        },
        {
            "children": [
                24
            ],
            "matrix": [
                0.7230390310287476,
                0.31886860728263857,
                -0.6128110289573669,
                0.0,
                -0.20872177183628086,
                0.9464728236198424,
                0.2462202310562134,
                0.0,
                0.6585209369659424,
                -0.05011982098221779,
                0.7508916258811951,
                0.0,
                0.0531063936650753,
                -0.00970027968287468,
                -0.03869232535362244,
                1.0
            ],
            "name": "_83_RFingerC1"
        },
        {
            "children": [
                25
            ],
            "matrix": [
                0.9999984502792358,
                0.000010675563316908664,
                0.0017719714669510725,
                0.0,
                -0.0000106629095171229,
                1.0,
                -0.000007150827059376752,
                0.0,
                -0.0017719714669510725,
                0.000007131921393010998,
                0.9999984502792358,
                0.0,
                0.029815230518579484,
                -0.0000015018460999272066,
                0.000021704096070607194,
                1.0
            ],
            "name": "_84_RFingerC2"
        },
        {
            "matrix": [
                1.0,
                0.0,
                0.0,
                0.0,
                0.0,
                1.0,
                0.0,
                0.0,
                0.0,
                0.0,
                1.0,
                0.0,
                0.03344298526644707,
                0.0000017440809187974085,
                -2.180099727411289e-7,
                1.0
            ],
            "name": "_85_RFingerC3"
        },
        {
            "children": [
                27
            ],
            "matrix": [
                0.7218561172485352,
                0.3396161198616028,
                0.6029797792434692,
                0.0,
                -0.2700372040271759,
                0.940462589263916,
                -0.2064219117164612,
                0.0,
                -0.6371841430664063,
                -0.01382005587220192,
                0.770587682723999,
                0.0,
                0.05677410215139389,
                -0.008486061356961728,
                0.04277969524264336,
                1.0
            ],
            "name": "_79_RFingerB1"
        },
        {
            "children": [
                28
            ],
            "matrix": [
                1.0,
                0.0,
                0.0,
                0.0,
                0.0,
                1.0,
                0.0,
                0.0,
                0.0,
                0.0,
                1.0,
                0.0,
                0.02864992804825306,
                8.235924724431243e-7,
                2.906801341850951e-7,
                1.0
            ],
            "name": "_80_RFingerB2"
        },
        {
            "matrix": [
                1.0,
                0.0,
                0.0,
                0.0,
                0.0,
                1.0,
                0.0,
                0.0,
                0.0,
                0.0,
                1.0,
                0.0,
                0.03018711321055889,
                -5.813602683701902e-7,
                6.540296340062923e-7,
                1.0
            ],
            "name": "_81_RFingerB3"
        },
        {
            "children": [
                30
            ],
            "matrix": [
                0.9794708490371704,
                0.2015810459852219,
                -0.0013965695397928358,
                0.0,
                -0.20158135890960697,
                0.979471743106842,
                -0.00008201595483114943,
                0.0,
                0.0013513676822185517,
                0.0003618546179495752,
                0.9999990463256836,
                0.0,
                0.059164319187402728,
                -0.003352703526616097,
                0.00002323566695849877,
                1.0
            ],
            "name": "_75_RFingerA1"
        },
        {
            "children": [
                31
            ],
            "matrix": [
                1.0,
                0.0,
                0.0,
                0.0,
                0.0,
                1.0,
                0.0,
                0.0,
                0.0,
                0.0,
                1.0,
                0.0,
                0.0357995480298996,
                -3.391255631868262e-7,
                -7.569783688765597e-10,
                1.0
            ],
            "name": "_76_RFingerA2"
        },
        {
            "matrix": [
                0.9954311847686768,
                0.09548144042491912,
                -1.6614666975556248e-8,
                0.0,
                -0.09548144042491912,
                0.9954311847686768,
                -7.780081266728356e-12,
                0.0,
                1.6538015401579288e-8,
                1.594136822546943e-9,
                1.0,
                0.0,
                0.03571123257279396,
                -3.875735217206966e-7,
                0.0,
                1.0
            ],
            "name": "_77_RFingerA3"
        },
        {
            "children": [
                33
            ],
            "matrix": [
                -0.000003994696726294933,
                -1.0,
                7.095993926386723e-21,
                0.0,
                1.0,
                -0.000003994696726294933,
                -3.55270711429516e-15,
                0.0,
                3.55270711429516e-15,
                -7.095993926386723e-21,
                1.0,
                0.0,
                0.07078903168439865,
                -0.07659166306257248,
                -0.002324046567082405,
                1.0
            ],
            "name": "_57_LArm"
        },
        {
            "children": [
                34
            ],
            "matrix": [
                1.0,
                0.0,
                0.0,
                0.0,
                0.0,
                1.0,
                0.0,
                0.0,
                0.0,
                0.0,
                1.0,
                0.0,
                0.2099769562482834,
                0.0,
                0.0,
                1.0
            ],
            "name": "_58_LForeArm"
        },
        {
            "children": [
                41,
                38,
                35
            ],
            "matrix": [
                1.0,
                0.0,
                0.0,
                0.0,
                0.0,
                1.0,
                0.0,
                0.0,
                0.0,
                0.0,
                1.0,
                0.0,
                0.16807207465171818,
                0.0,
                0.0,
                1.0
            ],
            "name": "_59_LHand"
        },
        {
            "children": [
                36
            ],
            "matrix": [
                0.7230389714241028,
                -0.3188687264919281,
                -0.6128110885620117,
                0.0,
                0.20872268080711368,
                0.9464728236198424,
                -0.24621939659118653,
                0.0,
                0.6585206985473633,
                0.050118640065193179,
                0.7508918642997742,
                0.0,
                0.05310606583952904,
                0.00970115140080452,
                -0.03869232535362244,
                1.0
            ],
            "name": "_68_LFingerC1"
        },
        {
            "children": [
                37
            ],
            "matrix": [
                0.9999984502792358,
                -0.000010481971912668089,
                0.0017718705348670485,
                0.0,
                0.00001046901525114663,
                1.0,
                0.000007322005330934189,
                0.0,
                -0.00177187065128237,
                -0.000007303444363060407,
                0.9999984502792358,
                0.0,
                0.0298157911747694,
                -9.689338043017418e-8,
                0.00002129231143044308,
                1.0
            ],
            "name": "_69_LFingerC2"
        },
        {
            "matrix": [
                1.0,
                0.0,
                0.0,
                0.0,
                0.0,
                1.0,
                0.0,
                0.0,
                0.0,
                0.0,
                1.0,
                0.0,
                0.03344237804412842,
                -9.689338043017418e-8,
                0.0,
                1.0
            ],
            "name": "_70_LFingerC3"
        },
        {
            "children": [
                39
            ],
            "matrix": [
                0.7218560576438904,
                -0.3396162986755371,
                0.6029797792434692,
                0.0,
                0.2700368762016297,
                0.9404625296592712,
                0.2064226269721985,
                0.0,
                -0.6371843814849854,
                0.01381933968514204,
                0.7705875039100647,
                0.0,
                0.05677230283617973,
                0.008486836217343808,
                0.04277969524264336,
                1.0
            ],
            "name": "_64_LFingerB1"
        },
        {
            "children": [
                40
            ],
            "matrix": [
                1.0,
                0.0,
                0.0,
                0.0,
                0.0,
                1.0,
                0.0,
                0.0,
                0.0,
                0.0,
                1.0,
                0.0,
                0.028650159016251565,
                4.844669021508708e-8,
                0.0,
                1.0
            ],
            "name": "_65_LFingerB2"
        },
        {
            "matrix": [
                1.0,
                0.0,
                0.0,
                0.0,
                0.0,
                1.0,
                0.0,
                0.0,
                0.0,
                0.0,
                1.0,
                0.0,
                0.030188152566552167,
                0.0,
                2.422331846219095e-8,
                1.0
            ],
            "name": "_66_LFingerB3"
        },
        {
            "children": [
                42
            ],
            "matrix": [
                0.9794708490371704,
                -0.2015810459852219,
                -0.001396580133587122,
                0.0,
                0.20158135890960697,
                0.979471743106842,
                0.00008224748307839036,
                0.0,
                0.0013513313606381417,
                -0.00036208354867994785,
                0.9999990463256836,
                0.0,
                0.05916295200586319,
                0.0033526043407619,
                0.000023235843400470914,
                1.0
            ],
            "name": "_60_LFingerA1"
        },
        {
            "children": [
                43
            ],
            "matrix": [
                1.0,
                0.0,
                0.0,
                0.0,
                0.0,
                1.0,
                0.0,
                0.0,
                0.0,
                0.0,
                1.0,
                0.0,
                0.03580043837428093,
                4.844669021508708e-8,
                -1.89244730997018e-10,
                1.0
            ],
            "name": "_61_LFingerA2"
        },
        {
            "matrix": [
                0.9954311847686768,
                -0.09548164159059525,
                1.5836811029235065e-12,
                0.0,
                0.09548164159059525,
                0.9954311847686768,
                1.3827906701624482e-11,
                0.0,
                -2.8967568361376594e-12,
                -1.3613517431398936e-11,
                1.0,
                0.0,
                0.03571046888828278,
                -4.844669021508708e-8,
                -1.89244730997018e-10,
                1.0
            ],
            "name": "_62_LFingerA3"
        },
        {
            "children": [
                62,
                60,
                58,
                56,
                55,
                53,
                51,
                49,
                45
            ],
            "matrix": [
                1.0,
                0.0,
                0.0,
                0.0,
                0.0,
                1.0,
                0.0,
                0.0,
                0.0,
                0.0,
                1.0,
                0.0,
                0.11184763163328172,
                -3.696182357577904e-13,
                -2.887649878396026e-15,
                1.0
            ],
            "name": "_25_Head"
        },
        {
            "children": [
                48,
                47,
                46
            ],
            "name": "_49_RootJaw"
        },
        {
            "matrix": [
                -0.22583192586898805,
                7.537889814557275e-7,
                0.9741662740707398,
                0.0,
                0.0000056604499150125779,
                1.0,
                5.384310384215496e-7,
                0.0,
                -0.9741662740707398,
                0.000005635814432025654,
                -0.22583192586898805,
                0.0,
                0.1589684933423996,
                1.8480938892943836e-13,
                0.0408429466187954,
                1.0
            ],
            "name": "_55_Jaw"
        },
        {
            "matrix": [
                -1.4497699929449937e-8,
                -0.0000036651456412073459,
                1.0,
                0.0,
                -0.05387777835130692,
                -0.9985475540161132,
                -0.000003660603169919341,
                0.0,
                0.9985475540161132,
                -0.05387777835130692,
                -1.829932614327845e-7,
                0.0,
                0.18107664585113529,
                4.620234316660143e-13,
                0.2624175548553467,
                1.0
            ],
            "name": "_53_FeelerB"
        },
        {
            "matrix": [
                -1.4497699929449937e-8,
                -0.0000036651456412073459,
                1.0,
                0.0,
                -0.05387777835130692,
                -0.9985475540161132,
                -0.000003660603169919341,
                0.0,
                0.9985475540161132,
                -0.05387777835130692,
                -1.829932614327845e-7,
                0.0,
                0.1810786873102188,
                0.0,
                0.2624175548553467,
                1.0
            ],
            "name": "_51_FeelerA"
        },
        {
            "children": [
                50
            ],
            "matrix": [
                -0.22131229937076569,
                0.9503634572029114,
                -0.21870099008083344,
                0.0,
                -0.9739407300949096,
                -0.2268027514219284,
                -2.3020016115538057e-8,
                0.0,
                -0.04960200935602188,
                0.2130017876625061,
                0.9757919311523438,
                0.0,
                0.16627685725688938,
                0.24642489850521089,
                0.14916279911994938,
                1.0
            ],
            "name": "_46_RFeelerC1"
        },
        {
            "matrix": [
                1.0,
                0.0,
                0.0,
                0.0,
                0.0,
                1.0,
                0.0,
                0.0,
                0.0,
                0.0,
                1.0,
                0.0,
                0.13388438522815705,
                -0.00099630537442863,
                -0.0010341907618567348,
                1.0
            ],
            "name": "_47_RFeelerC2"
        },
        {
            "children": [
                52
            ],
            "matrix": [
                0.36978232860565188,
                0.9084261655807496,
                -0.19499459862709049,
                0.0,
                -0.9262053370475768,
                0.377019464969635,
                -3.25409779122765e-8,
                0.0,
                0.07351672649383545,
                0.18060505390167237,
                0.9808043241500856,
                0.0,
                0.266311377286911,
                0.227265939116478,
                0.13150443136692048,
                1.0
            ],
            "name": "_43_RFeelerB1"
        },
        {
            "matrix": [
                1.0,
                0.0,
                0.0,
                0.0,
                0.0,
                1.0,
                0.0,
                0.0,
                0.0,
                0.0,
                1.0,
                0.0,
                0.13353437185287476,
                0.0008246105280704796,
                -0.001652515376918018,
                1.0
            ],
            "name": "_44_RFeelerB2"
        },
        {
            "children": [
                54
            ],
            "matrix": [
                0.9081407189369202,
                0.07423046231269837,
                -0.4120318591594696,
                0.0,
                -0.08146724849939347,
                0.9966760277748108,
                -9.167495207407228e-9,
                0.0,
                0.4106622636318207,
                0.03356711193919182,
                0.9111694693565368,
                0.0,
                0.3496182858943939,
                0.07222185283899307,
                0.1581256687641144,
                1.0
            ],
            "name": "_40_RFeelerA1"
        },
        {
            "matrix": [
                1.0,
                0.0,
                0.0,
                0.0,
                0.0,
                1.0,
                0.0,
                0.0,
                0.0,
                0.0,
                1.0,
                0.0,
                0.160389244556427,
                -7.872577612033639e-8,
                7.751470434413932e-7,
                1.0
            ],
            "name": "_41_RFeelerA2"
        },
        {
            "matrix": [
                0.8453496694564819,
                0.5327184200286865,
                -0.03993729874491692,
                0.0,
                -0.5227590799331665,
                0.8095112442970276,
                -0.2672348916530609,
                0.0,
                -0.11003126204013825,
                0.2467845231294632,
                0.9628034830093384,
                0.0,
                0.3659174740314484,
                0.15027756989002229,
                -0.04624679684638977,
                1.0
            ],
            "name": "_38_REar"
        },
        {
            "children": [
                57
            ],
            "matrix": [
                -0.22131229937076569,
                -0.9503635168075562,
                -0.2187009304761887,
                0.0,
                0.9739407300949096,
                -0.2268027663230896,
                8.624762415365694e-8,
                0.0,
                -0.04960205778479576,
                -0.21300171315670017,
                0.9757919311523438,
                0.0,
                0.16627779603004456,
                -0.24642500281333924,
                0.14916279911994938,
                1.0
            ],
            "name": "_35_LFeelerC1"
        },
        {
            "matrix": [
                1.0,
                0.0,
                0.0,
                0.0,
                0.0,
                1.0,
                0.0,
                0.0,
                0.0,
                0.0,
                1.0,
                0.0,
                0.13388346135616306,
                0.0009954333072528244,
                -0.001034299610182643,
                1.0
            ],
            "name": "_36_LFeelerC2"
        },
        {
            "children": [
                59
            ],
            "matrix": [
                0.3697826862335205,
                -0.90842604637146,
                -0.19499452412128449,
                0.0,
                0.9262052178382874,
                0.37701982259750368,
                3.624192856932496e-8,
                0.0,
                0.07351676374673844,
                -0.180604949593544,
                0.9808043241500856,
                0.0,
                0.2663116157054901,
                -0.22726604342460633,
                0.13150443136692048,
                1.0
            ],
            "name": "_32_LFeelerB1"
        },
        {
            "matrix": [
                1.0,
                0.0,
                0.0,
                0.0,
                0.0,
                1.0,
                0.0,
                0.0,
                0.0,
                0.0,
                1.0,
                0.0,
                0.13353432714939118,
                -0.0008249012753367424,
                -0.0016527092084288598,
                1.0
            ],
            "name": "_33_LFeelerB2"
        },
        {
            "children": [
                61
            ],
            "matrix": [
                0.9081407189369202,
                -0.07423058897256851,
                -0.4120318293571472,
                0.0,
                0.0814673900604248,
                0.9966760277748108,
                2.8587193057205697e-8,
                0.0,
                0.4106622338294983,
                -0.03356718271970749,
                0.9111694693565368,
                0.0,
                0.3496182858943939,
                -0.07222185283899307,
                0.1581256687641144,
                1.0
            ],
            "name": "_29_LFeelerA1"
        },
        {
            "matrix": [
                1.0,
                0.0,
                0.0,
                0.0,
                0.0,
                1.0,
                0.0,
                0.0,
                0.0,
                0.0,
                1.0,
                0.0,
                0.1603882759809494,
                1.2111659231095473e-8,
                -1.4534006709254758e-7,
                1.0
            ],
            "name": "_30_LFeelerA2"
        },
        {
            "matrix": [
                0.8453500270843506,
                -0.5327179431915283,
                -0.03993722051382065,
                0.0,
                0.5227585434913635,
                0.8095115423202515,
                0.2672349512577057,
                0.0,
                -0.11003120988607408,
                -0.24678459763526917,
                0.9628034830093384,
                0.0,
                0.3659200072288513,
                -0.15027756989002229,
                -0.04624679684638977,
                1.0
            ],
            "name": "_27_LEar"
        }
    ],
    "meshes": [
        {
            "primitives": [
                {
                    "attributes": {
                        "COLOR_0": 1,
                        "JOINTS_0": 2,
                        "NORMAL": 3,
                        "POSITION": 4,
                        "TEXCOORD_0": 5,
                        "WEIGHTS_0": 6
                    },
                    "indices": 0,
                    "mode": 4,
                    "material": 0
                },
                {
                    "attributes": {
                        "COLOR_0": 8,
                        "JOINTS_0": 9,
                        "NORMAL": 10,
                        "POSITION": 11,
                        "TEXCOORD_0": 12,
                        "WEIGHTS_0": 13
                    },
                    "indices": 7,
                    "mode": 4,
                    "material": 1
                },
                {
                    "attributes": {
                        "COLOR_0": 15,
                        "JOINTS_0": 16,
                        "NORMAL": 17,
                        "POSITION": 18,
                        "TEXCOORD_0": 19,
                        "WEIGHTS_0": 20
                    },
                    "indices": 14,
                    "mode": 4,
                    "material": 2
                }
            ],
            "name": "Meowth"
        }
    ],
    "skins": [
        {
            "inverseBindMatrices": 21,
            "skeleton": 2,
            "joints": [
                44,
                48,
                47,
                21,
                22,
                29,
                30,
                23,
                24,
                26,
                27,
                2,
                18,
                19,
                20,
                32,
                33,
                34,
                41,
                35,
                42,
                36,
                38,
                39,
                3,
                11,
                7,
                12,
                8,
                4,
                5,
                6,
                13,
                14,
                9,
                10,
                46,
                55,
                62,
                58,
                59,
                56,
                57,
                53,
                54,
                51,
                52,
                49,
                50,
                60,
                61,
                31,
                40,
                37,
                28,
                25,
                43
            ],
            "name": "geom-Meowth-skin1"
        }
    ],
    "accessors": [
        {
            "bufferView": 0,
            "byteOffset": 0,
            "componentType": 5123,
            "count": 576,
            "max": [
                125
            ],
            "min": [
                0
            ],
            "type": "SCALAR"
        },
        {
            "bufferView": 1,
            "byteOffset": 0,
            "componentType": 5126,
            "count": 126,
            "max": [
                1.0,
                1.0,
                1.0
            ],
            "min": [
                1.0,
                1.0,
                1.0
            ],
            "type": "VEC3"
        },
        {
            "bufferView": 2,
            "byteOffset": 0,
            "componentType": 5123,
            "count": 126,
            "max": [
                0,
                2,
                2,
                0
            ],
            "min": [
                0,
                0,
                0,
                0
            ],
            "type": "VEC4"
        },
        {
            "bufferView": 1,
            "byteOffset": 1512,
            "componentType": 5126,
            "count": 126,
            "max": [
