{
    "asset": {
        "generator": "COLLADA2GLTF",
        "version": "2.0"
    },
    "scenes": [
        {
            "nodes": [
                0
            ]
        }
    ],
    "scene": 0,
    "nodes": [
        {
            "children": [
                30,
                1
            ],
            "matrix": [
                1.0,
                0.0,
                0.0,
                0.0,
                0.0,
                0.0,
                -1.0,
                0.0,
                0.0,
                1.0,
                0.0,
                0.0,
                0.0,
                0.0,
                0.0,
                1.0
            ],
            "name": "Z_UP"
        },
        {
            "mesh": 0,
            "skin": 0,
            "name": "Bellsprout"
        },
        {
            "children": [
                17,
                3
            ],
            "matrix": [
                -0.990651309490204,
                -0.0000018480899370842965,
                0.1364184021949768,
                0.0,
                0.0000018717905732046348,
                -1.0,
                4.546199150468056e-8,
                0.0,
                0.1364184021949768,
                3.003836752668576e-7,
                0.990651309490204,
                0.0,
                0.0,
                0.0,
                0.0,
                1.0
            ],
            "name": "_04_Hips"
        },
        {
            "children": [
                4
            ],
            "matrix": [
                0.8651509881019592,
                -0.5015107989311218,
                0.0008635520935058594,
                0.0,
                0.5015115141868591,
                0.8651496767997742,
                -0.001490115188062191,
                0.0,
                2.069838984652961e-7,
                0.0017222559545189145,
                0.9999985098838806,
                0.0,
                0.08872652053833008,
                -0.023422786965966226,
                -0.01568584144115448,
                1.0
            ],
            "name": "_23_RThigh"
        },
        {
            "children": [
                5
            ],
            "matrix": [
                1.0,
                0.0,
                0.0,
                0.0,
                0.0,
                1.0,
                0.0,
                0.0,
                0.0,
                0.0,
                1.0,
                0.0,
                0.1084343194961548,
                3.875735217206966e-7,
                -1.6956329318418287e-7,
                1.0
            ],
            "name": "_24_RLeg1"
        },
        {
            "children": [
                6
            ],
            "matrix": [
                1.0,
                0.0,
                0.0,
                0.0,
                0.0,
                1.0,
                0.0,
                0.0,
                0.0,
                0.0,
                1.0,
                0.0,
                0.1268836110830307,
                2.180099727411289e-7,
                1.513956817689177e-7,
                1.0
            ],
            "name": "_25_RLeg2"
        },
        {
            "children": [
                14,
                11,
                7
            ],
            "matrix": [
                1.0,
                0.0,
                0.0,
                0.0,
                0.0,
                1.0,
                0.0,
                0.0,
                0.0,
                0.0,
                1.0,
                0.0,
                0.09255122393369676,
                2.422331988327642e-7,
                8.175370425078654e-8,
                1.0
            ],
            "name": "_26_RLeg3"
        },
        {
            "children": [
                8
            ],
            "matrix": [
                0.6653773188591003,
                0.0022821479942649605,
                -0.7465037107467651,
                0.0,
                -0.0017452082829549909,
                0.99999737739563,
                0.0015015598619356752,
                0.0,
                0.7465052008628845,
                0.00030370065360330045,
                0.665379524230957,
                0.0,
                0.026121357455849649,
                0.0006573725841008127,
                -0.020012401044368745,
                1.0
            ],
            "name": "_36_RToeB1"
        },
        {
            "children": [
                10,
                9
            ],
            "matrix": [
                1.0,
                0.0,
                0.0,
                0.0,
                0.0,
                1.0,
                0.0,
                0.0,
                0.0,
                0.0,
                1.0,
                0.0,
                0.10186921805143357,
                0.000006491859039670089,
                -4.117974867767771e-7,
                1.0
            ],
            "name": "_37_RToeB2"
        },
        {
            "matrix": [
                0.7461032271385193,
                0.0004456562746781856,
                -0.665830135345459,
                0.0,
                -0.00023938596132211387,
                0.9999998807907105,
                0.00040107761742547154,
                0.0,
                0.6658302545547485,
                -0.00013985492114443332,
                0.7461032271385193,
                0.0,
                0.04661890491843224,
                0.000056464581575710329,
                -0.0249217227101326,
                1.0
            ],
            "name": "_40_RToeB4"
        },
        {
            "matrix": [
                1.0,
                0.0,
                0.0,
                0.0,
                0.0,
                1.0,
                0.0,
                0.0,
                0.0,
                0.0,
                1.0,
                0.0,
                0.07350762188434601,
                -0.00000775147054810077,
                6.055842760588348e-8,
                1.0
            ],
            "name": "_38_RToeB3"
        },
        {
            "children": [
                12
            ],
            "matrix": [
                0.6454742550849915,
                -0.00039983884198591113,
                0.7637819051742554,
                0.0,
                -0.0017454136395826936,
                0.9999964833259584,
                0.001998550957068801,
                0.0,
                -0.7637799978256226,
                -0.002623128704726696,
                0.6454712748527527,
                0.0,
                0.026964666321873666,
                0.0005852840840816498,
                0.01658007875084877,
                1.0
            ],
            "name": "_32_RToeA1"
        },
        {
            "children": [
                13
            ],
            "matrix": [
                0.999245822429657,
                1.545728878227237e-8,
                -0.03883098438382149,
                0.0,
                -1.5491004035084189e-8,
                1.0,
                -5.673869707401025e-10,
                0.0,
                0.03883098438382149,
                1.168489971448139e-9,
                0.999245822429657,
                0.0,
                0.10634451359510422,
                1.4534006709254758e-7,
                -4.481321980165376e-7,
                1.0
            ],
            "name": "_33_RToeA2"
        },
        {
            "matrix": [
                1.0,
                0.0,
                0.0,
                0.0,
                0.0,
                1.0,
                0.0,
                0.0,
                0.0,
                0.0,
                1.0,
                0.0,
                0.05586094781756401,
                2.422331846219095e-8,
                -1.2111659231095473e-8,
                1.0
            ],
            "name": "_34_RToeA3"
        },
        {
            "children": [
                15
            ],
            "matrix": [
                1.0,
                0.0,
                0.0,
                0.0,
                0.0,
                1.0,
                0.0,
                0.0,
                0.0,
                0.0,
                1.0,
                0.0,
                0.09579172730445862,
                -2.422331988327642e-7,
                -4.844669021508708e-8,
                1.0
            ],
            "name": "_27_RFoot1"
        },
        {
            "children": [
                16
            ],
            "matrix": [
                1.0,
                0.0,
                0.0,
                0.0,
                0.0,
                1.0,
                0.0,
                0.0,
                0.0,
                0.0,
                1.0,
                0.0,
                0.07540373504161835,
                -5.571362748924003e-7,
                -1.09004858472872e-7,
                1.0
            ],
            "name": "_28_RFoot2"
        },
        {
            "matrix": [
                0.6345213055610657,
                -3.8957099768310858e-9,
                -0.7729053497314453,
                0.0,
                5.283670816425001e-7,
                1.0,
                4.287258263957483e-7,
                0.0,
                0.7729053497314453,
                -6.804134500271175e-7,
                0.6345213055610657,
                0.0,
                0.05031054466962814,
                0.0010656567756086588,
                -0.03865092620253563,
                1.0
            ],
            "name": "_30_RToeC"
        },
        {
            "children": [
                18
            ],
            "matrix": [
                0.865151047706604,
                0.5015106201171875,
                0.0008635524427518249,
                0.0,
                -0.5015113949775696,
                0.865149736404419,
                0.0014897854998707772,
                0.0,
                4.1074237344673757e-8,
                -0.00172197085339576,
                0.9999985098838806,
                0.0,
                0.08872679620981217,
                0.023422790691256524,
                -0.015685904771089559,
                1.0
            ],
            "name": "_06_LThigh"
        },
        {
            "children": [
                19
            ],
            "matrix": [
                1.0,
                0.0,
                0.0,
                0.0,
                0.0,
                1.0,
                0.0,
                0.0,
                0.0,
                0.0,
                1.0,
                0.0,
                0.10843371599912644,
                0.0,
                -3.0279085905249305e-9,
                1.0
            ],
            "name": "_07_LLeg1"
        },
        {
            "children": [
                20
            ],
            "matrix": [
                1.0,
                0.0,
                0.0,
                0.0,
                0.0,
                1.0,
                0.0,
                0.0,
                0.0,
                0.0,
                1.0,
                0.0,
                0.12688393890857697,
                2.422331846219095e-8,
                -3.0279085905249305e-9,
                1.0
            ],
            "name": "_08_LLeg2"
        },
        {
            "children": [
                28,
                24,
                21
            ],
            "matrix": [
                1.0,
                0.0,
                0.0,
                0.0,
                0.0,
                1.0,
                0.0,
                0.0,
                0.0,
                0.0,
                1.0,
                0.0,
                0.09255101531744005,
                -2.422331846219095e-8,
                0.0,
                1.0
            ],
            "name": "_09_LLeg3"
        },
        {
            "children": [
                22
            ],
            "matrix": [
                0.6653775572776794,
                -0.0022733400110155346,
                -0.7465035319328308,
                0.0,
                0.0017435775371268392,
                0.99999737739563,
                -0.0014912141487002373,
                0.0,
                0.7465049624443054,
                -0.00030936641269363463,
                0.6653797626495361,
                0.0,
                0.02612166479229927,
                -0.0006570819532498717,
                -0.020012257620692258,
                1.0
            ],
            "name": "_19_LToeB1"
        },
        {
            "children": [
                23
            ],
            "matrix": [
                1.0,
                0.0,
                0.0,
                0.0,
                0.0,
                1.0,
                0.0,
                0.0,
                0.0,
                0.0,
                1.0,
                0.0,
                0.06562214344739914,
                -0.000006758304607501486,
                -1.2111659231095473e-8,
                1.0
            ],
            "name": "_20_LToeB2"
        },
        {
            "matrix": [
                1.0,
                0.0,
                0.0,
                0.0,
                0.0,
                1.0,
                0.0,
                0.0,
                0.0,
                0.0,
                1.0,
                0.0,
                0.06644688546657562,
                0.000007945246579765808,
                0.0,
                1.0
            ],
            "name": "_21_LToeB3"
        },
        {
            "children": [
                25
            ],
            "matrix": [
                0.6454740166664124,
                0.000393307680496946,
                0.7637821435928345,
                0.0,
                0.001743772649206221,
                0.9999964833259584,
                -0.001988611649721861,
                0.0,
                -0.7637802362442017,
                0.002615459496155381,
                0.6454710364341736,
                0.0,
                0.026965679600834848,
                -0.0005858169752173126,
                0.01658005267381668,
                1.0
            ],
            "name": "_13_LToeA1"
        },
        {
            "children": [
                27,
                26
            ],
            "matrix": [
                0.9992457628250122,
                -1.4712210552066509e-15,
                -0.03883145749568939,
                0.0,
                1.7358966486469286e-9,
                1.0,
                4.4669604903901937e-8,
                0.0,
                0.03883145749568939,
                -4.470332370942742e-8,
                0.9992457628250122,
                0.0,
                0.10634420812129976,
                -2.422331846219095e-8,
                1.8167503057497929e-8,
                1.0
            ],
            "name": "_14_LToeA2"
        },
        {
            "matrix": [
                0.7021479606628418,
                2.1066998101559879e-7,
                -0.7120310664176941,
                0.0,
                -3.000941148911807e-7,
                1.0,
                -5.684775913894491e-11,
                0.0,
                0.7120310664176941,
                2.1371623404320418e-7,
                0.7021479606628418,
                0.0,
                0.03713121637701988,
                0.0,
                -0.04372330754995346,
                1.0
            ],
            "name": "_17_LToeA4"
        },
        {
            "matrix": [
                1.0,
                0.0,
                0.0,
                0.0,
                0.0,
                1.0,
                0.0,
                0.0,
                0.0,
                0.0,
                1.0,
                0.0,
                0.05586092546582222,
                -4.844669021508708e-8,
                -1.2111659231095473e-8,
                1.0
            ],
            "name": "_15_LToeA3"
        },
        {
            "children": [
                29
            ],
            "matrix": [
                1.0,
                0.0,
                0.0,
                0.0,
                0.0,
                1.0,
                0.0,
                0.0,
                0.0,
                0.0,
                1.0,
                0.0,
                0.09005925804376602,
                0.0,
                -6.055842494134822e-9,
                1.0
            ],
            "name": "_10_LFoot1"
        },
        {
            "matrix": [
                1.0,
                0.0,
                0.0,
                0.0,
                0.0,
                1.0,
                0.0,
                0.0,
                0.0,
                0.0,
                1.0,
                0.0,
                0.07041718065738678,
                0.0,
                0.0,
                1.0
            ],
            "name": "_11_LFoot2"
        },
        {
            "children": [
                31
            ],
            "matrix": [
                1.0,
                -0.0,
                0.0,
                0.0,
                0.0,
                4.4896641959724089e-11,
                1.0,
                0.0,
                -0.0,
                -1.0,
                4.4896641959724089e-11,
                0.0,
                0.0,
                0.0,
                0.0,
                1.0
            ],
            "name": "_01_pm0069_00"
        },
        {
            "children": [
                32
            ],
            "name": "_02_Origin"
        },
        {
            "children": [
                2,
                33
            ],
            "matrix": [
                -0.000003597428076318465,
                0.990651309490204,
                0.1364184021949768,
                0.0,
                -1.0,
                -0.00000363112644663488,
                -1.8177866989432803e-9,
                0.0,
                4.935516813020513e-7,
                -0.1364184021949768,
                0.990651309490204,
                0.0,
                0.0,
                0.6507174968719482,
                -0.02987928874790669,
                1.0
            ],
            "name": "_03_Waist"
        },
        {
            "children": [
                34
            ],
            "name": "_42_Spine1"
        },
        {
            "children": [
                35
            ],
            "matrix": [
                0.9683757424354552,
                2.261708154094322e-8,
                -0.24949634075164796,
                0.0,
                -1.497982360376682e-8,
                1.0,
                3.2509433367522436e-8,
                0.0,
                0.24949634075164796,
                -2.7743935149260325e-8,
                0.9683757424354552,
                0.0,
                0.1368537396192551,
                0.0,
                -2.422331846219095e-8,
                1.0
            ],
            "name": "_43_Spine2"
        },
        {
            "children": [
                53,
                49,
                36
            ],
            "matrix": [
                0.9678454399108888,
                7.877193297645135e-8,
                -0.25154557824134829,
                0.0,
                -7.992112927013295e-8,
                1.0,
                5.647606826642004e-9,
                0.0,
                0.25154557824134829,
                1.4637794976124497e-8,
                0.9678454399108888,
                0.0,
                0.11904492229223252,
                1.8480938892943836e-13,
                6.055842494134822e-9,
                1.0
            ],
            "name": "_44_Spine3"
        },
        {
            "children": [
                37
            ],
            "matrix": [
                0.9984647631645204,
                -6.900018479760045e-14,
                -0.055390309542417529,
                0.0,
                6.611262648448245e-10,
                1.0,
                1.1916204911699424e-8,
                0.0,
                0.055390309542417529,
                -1.1934530697033097e-8,
                0.9984647631645204,
                0.0,
                0.1335597783327103,
                -9.240468633320289e-13,
                0.0,
                1.0
            ],
            "name": "_55_Spine4"
        },
        {
            "children": [
                38
            ],
            "matrix": [
                0.9811810851097108,
                -2.057139994373486e-13,
                0.19308969378471378,
                0.0,
                -1.6770586697134605e-8,
                1.0,
                8.522043515313271e-8,
                0.0,
                -0.19308969378471378,
                -8.68549108190564e-8,
                0.9811810851097108,
                0.0,
                0.12884609401226045,
                5.544286817843469e-13,
                0.0,
                1.0
            ],
            "name": "_56_Spine5"
        },
        {
            "children": [
                39
            ],
            "matrix": [
                0.9328993558883668,
                6.832556209701579e-8,
                0.3601371645927429,
                0.0,
                -7.324003092890054e-8,
                1.0,
                3.2409215285425517e-14,
                0.0,
                -0.3601371645927429,
                -2.6376484996148979e-8,
                0.9328993558883668,
                0.0,
                0.1408094167709351,
                -3.696182357577904e-13,
                0.0,
                1.0
            ],
            "name": "_57_Neck"
        },
        {
            "children": [
                40
            ],
            "matrix": [
                0.9743052124977112,
                3.18632658036222e-7,
                0.2252318114042282,
                0.0,
                -3.389541518572514e-7,
                1.0,
                5.155640181442323e-8,
                0.0,
                -0.2252318114042282,
                -1.2657493186907235e-7,
                0.9743052124977112,
                0.0,
                0.11016419529914856,
                1.8480938892943836e-13,
                4.844669021508708e-8,
                1.0
            ],
            "name": "_58_Head"
        },
        {
            "children": [
                48,
                47,
                46,
                45,
                44,
                43,
                42,
                41
            ],
            "matrix": [
                -0.2536353468894959,
                4.408020686241798e-7,
                0.9672998785972596,
                0.0,
                -0.000002510917965992121,
                -1.0,
                -2.026832390811251e-7,
                0.0,
                0.9672998785972596,
                -0.0000024802184270811269,
                0.2536353468894959,
                0.0,
                0.09218332916498184,
                0.000952202535700053,
                0.4286072254180908,
                1.0
            ],
            "name": "_60_Jaw"
        },
        {
            "matrix": [
                0.015370707027614117,
                -0.7037853002548218,
                0.7102464437484741,
                0.0,
                -0.0015428405022248626,
                -0.7103462219238281,
                -0.7038507461547852,
                0.0,
                0.9998806715011596,
                0.009722886607050896,
                -0.012004352174699309,
                0.0,
                -0.0007438499596901238,
                -0.0734461322426796,
                0.07384897023439408,
                1.0
            ],
            "name": "_76_RFeelerB"
        },
        {
            "matrix": [
                0.08118769526481629,
                -0.7071070075035095,
                -0.702430248260498,
                0.0,
                0.01569718681275845,
                0.705576479434967,
                -0.7084599137306213,
                0.0,
                0.9965752363204956,
                0.04649204760789871,
                0.06838372349739075,
                0.0,
                0.009910150431096554,
                -0.08540114760398865,
                -0.08487669378519058,
                1.0
            ],
            "name": "_74_RFeelerA"
        },
        {
            "matrix": [
                -0.000003686460786411772,
                -1.0,
                -3.674761615002353e-7,
                0.0,
                0.027613354846835138,
                2.6554047849458586e-7,
                -0.999618649482727,
                0.0,
                0.999618649482727,
                -0.000003695202394737862,
                0.027613354846835138,
                0.0,
                0.0001042571893776767,
                -0.1208117976784706,
                -0.000025289153199992144,
                1.0
            ],
            "name": "_72_RFeeler"
        },
        {
            "matrix": [
                0.015370753593742848,
                0.7037848830223084,
                0.7102468609809876,
                0.0,
                0.0015422964934259654,
                -0.7103466391563416,
                0.7038503289222717,
                0.0,
                0.9998806715011596,
                -0.00972329918295145,
                -0.0120040075853467,
                0.0,
                -0.0007444312795996666,
                0.07344638556241989,
                0.07384917885065079,
                1.0
            ],
            "name": "_70_LFeelerB"
        },
        {
            "matrix": [
                0.0811881572008133,
                0.7071072459220886,
                -0.7024298906326294,
                0.0,
                -0.015697266906499864,
                0.7055761814117432,
                0.7084601521492004,
                0.0,
                0.9965751767158508,
                -0.04649234935641289,
                0.0683840811252594,
                0.0,
                0.009910005144774914,
                0.08540117740631104,
                -0.08487620949745178,
                1.0
            ],
            "name": "_68_LFeelerA"
        },
        {
            "matrix": [
                -0.000003349310873090872,
                1.0,
                1.4162594652589178e-8,
                0.0,
                -0.027613390237092973,
                -1.0664302152463281e-7,
                0.999618649482727,
                0.0,
                0.999618649482727,
                0.0000033476426324341448,
                0.027613390237092973,
                0.0,
                0.00010260999988531694,
                0.1208117976784706,
                -0.00002480467446730472,
                1.0
            ],
            "name": "_66_LFeeler"
        },
        {
            "matrix": [
                -0.01809542998671532,
                -5.841245069859724e-7,
                0.999836266040802,
                0.0,
                -0.000003244137815272552,
                -1.0,
                -6.429338554880815e-7,
                0.0,
                0.999836266040802,
                -0.000003255240699218121,
                0.01809542998671532,
                0.0,
                -0.004237436223775148,
                1.89244730997018e-10,
                0.10407040268182756,
                1.0
            ],
            "name": "_64_FeelerB"
        },
        {
            "matrix": [
                0.04494128003716469,
                3.19510263580014e-7,
                -0.9989896416664124,
                0.0,
                3.8178168892955e-7,
                1.0,
                3.370085153164837e-7,
                0.0,
                0.9989896416664124,
                -3.965415373841097e-7,
                0.04494128003716469,
                0.0,
                0.002328152535483241,
                0.0,
                -0.12042569369077684,
                1.0
            ],
            "name": "_62_FeelerA"
        },
        {
            "children": [
                50
            ],
            "matrix": [
                0.13620951771736146,
                0.9892737865447998,
                0.052767153829336169,
                0.0,
                -0.36123669147491457,
                -1.3254130237783105e-7,
                0.9324741363525392,
                0.0,
                0.9224722385406494,
                -0.14607328176498414,
                0.35736197233200076,
                0.0,
                0.04580310732126236,
                0.03728516772389412,
                0.009602829813957216,
                1.0
            ],
            "name": "_50_RShoulder"
        },
        {
            "children": [
                51
            ],
            "matrix": [
                0.9859622716903688,
                -1.987466926602587e-14,
                -0.16696828603744508,
                0.0,
                1.494871781915208e-8,
                1.0,
                8.827336017702693e-8,
                0.0,
                0.16696828603744508,
                -8.953016816803938e-8,
                0.9859622716903688,
                0.0,
                0.22136785089969636,
                -6.055842494134822e-9,
                3.875735217206966e-7,
                1.0
            ],
            "name": "_51_RArm"
        },
        {
            "children": [
                52
            ],
            "matrix": [
                0.9998966455459596,
                4.208654402759749e-8,
                -0.01437877956777811,
                0.0,
                -4.0383810073763018e-8,
                1.0,
                1.1871017591147393e-7,
                0.0,
                0.01437877956777811,
                -1.1811723510390949e-7,
                0.9998966455459596,
                0.0,
                0.21591249108314518,
                0.0,
                2.906801341850951e-7,
                1.0
            ],
            "name": "_52_RForeArm"
        },
        {
            "matrix": [
                0.9969950914382936,
                6.695633203435136e-8,
                -0.07746460288763046,
                0.0,
                -6.715814038216196e-8,
                1.0,
                -2.5758119460072769e-14,
                0.0,
                0.07746460288763046,
                5.2024042851428479e-9,
                0.9969950914382936,
                0.0,
                0.16303616762161256,
                -3.0279085905249305e-9,
                9.689338185125962e-7,
                1.0
            ],
            "name": "_53_RHand"
        },
        {
            "children": [
                54
            ],
            "matrix": [
                0.1362094283103943,
                -0.9892737865447998,
                0.05276726558804512,
                0.0,
                0.36123690009117129,
                -2.3823098160846715e-7,
                -0.9324740767478944,
                0.0,
                0.9224721789360046,
                0.14607323706150056,
                0.3573621809482575,
                0.0,
                0.04580475762486458,
                -0.03728516772389412,
                0.009603339247405528,
                1.0
            ],
            "name": "_45_LShoulder"
        },
        {
            "children": [
                55
            ],
            "matrix": [
                0.9859622716903688,
                1.1290861579027479e-7,
                -0.16696812212467194,
                0.0,
                -1.0340994549551397e-7,
                1.0,
                6.55832224083497e-8,
                0.0,
                0.16696812212467194,
                -4.739642278650536e-8,
                0.9859622716903688,
                0.0,
                0.22136765718460084,
                -3.0279085905249305e-9,
                0.0,
                1.0
            ],
            "name": "_46_LArm"
        },
        {
            "children": [
                56
            ],
            "matrix": [
                0.9998966455459596,
                4.426616205207602e-14,
                -0.014379040338099005,
                0.0,
                -4.262925055271635e-14,
                1.0,
                1.1414664786296717e-13,
                0.0,
                0.014379040338099005,
                -1.1352187636107237e-13,
                0.9998966455459596,
                0.0,
                0.21591155230998994,
                3.0279085905249305e-9,
                9.689338043017418e-8,
                1.0
            ],
            "name": "_47_LForeArm"
        },
        {
            "matrix": [
                0.9969950914382936,
                3.542039157840966e-15,
                -0.07746464759111405,
                0.0,
                -1.235943889821376e-14,
                1.0,
                -1.1334538857618247e-13,
                0.0,
                0.07746464759111405,
                1.1396222507342738e-13,
                0.9969950914382936,
                0.0,
                0.16303616762161256,
                0.0,
                -1.9378650506496346e-7,
                1.0
            ],
            "name": "_48_LHand"
        }
    ],
    "meshes": [
        {
            "primitives": [
                {
                    "attributes": {
                        "COLOR_0": 1,
                        "JOINTS_0": 2,
                        "NORMAL": 3,
                        "POSITION": 4,
                        "TEXCOORD_0": 5,
                        "WEIGHTS_0": 6
                    },
                    "indices": 0,
                    "mode": 4,
                    "material": 0
                },
                {
                    "attributes": {
                        "COLOR_0": 8,
                        "JOINTS_0": 9,
                        "NORMAL": 10,
                        "POSITION": 11,
                        "TEXCOORD_0": 12,
                        "WEIGHTS_0": 13
                    },
                    "indices": 7,
                    "mode": 4,
                    "material": 1
                }
            ],
            "name": "Bellsprout"
        }
    ],
    "skins": [
        {
            "inverseBindMatrices": 14,
            "skeleton": 2,
            "joints": [
                39,
                47,
                46,
                44,
                41,
                45,
                48,
                42,
                43,
                53,
                54,
                55,
                56,
                49,
                50,
                51,
                52,
                18,
                19,
                20,
                28,
                29,
                24,
                21,
                22,
                23,
                25,
                27,
                26,
                2,
                3,
                4,
                17,
                33,
                34,
                35,
                36,
                37,
                38,
                5,
                6,
                14,
                7,
                11,
                15,
                12,
                13,
                16,
                8,
                10,
                9
            ],
            "name": "geom-Bellsprout-skin1"
        }
    ],
    "accessors": [
        {
            "bufferView": 0,
            "byteOffset": 0,
            "componentType": 5123,
            "count": 11820,
            "max": [
                2526
            ],
            "min": [
                0
            ],
            "type": "SCALAR"
        },
        {
            "bufferView": 1,
            "byteOffset": 0,
            "componentType": 5126,
            "count": 2527,
            "max": [
                1.0,
                1.0,
                1.0
            ],
            "min": [
                1.0,
                1.0,
                1.0
            ],
            "type": "VEC3"
        },
        {
            "bufferView": 2,
            "byteOffset": 0,
            "componentType": 5123,
            "count": 2527,
            "max": [
                50,
                50,
                50,
                50
            ],
            "min": [
                0,
                0,
                0,
                0
            ],
            "type": "VEC4"
        },
        {
            "bufferView": 1,
            "byteOffset": 30324,
            "componentType": 5126,
            "count": 2527,
            "max": [
                0.9999799132347108,
                0.9999756813049316,
                0.9999986290931702
            ],
            "min": [
                -0.9999799132347108,
                -0.9999964833259584,
                -0.9999991059303284
            ],
            "type": "VEC3"
        },
        {
            "bufferView": 1,
            "byteOffset": 60648,
            "componentType": 5126,
            "count": 2527,
            "max": [
                0.7750606536865234,
                1.7636032104492188,
                0.3818432688713074
            ],
            "min": [
                -0.7750606536865234,
                0.04687663912773132,
                -0.27288997173309328
            ],
            "type": "VEC3"
        },
        {
            "bufferView": 2,
            "byteOffset": 20216,
            "componentType": 5126,
            "count": 2527,
            "max": [
                0.9940273761749268,
                0.9956753253936768
            ],
            "min": [
                0.0,
                0.004710018634796143
            ],
            "type": "VEC2"
        },
        {
            "bufferView": 3,
            "byteOffset": 0,
            "componentType": 5126,
            "count": 2527,
            "max": [
                1.0,
                0.9900000095367432,
                0.9399999976158142,
                0.6100000143051148
            ],
            "min": [
                0.009999999776482582,
                0.0,
                0.0,
                0.0
            ],
            "type": "VEC4"
        },
        {
            "bufferView": 0,
            "byteOffset": 23640,
            "componentType": 5123,
            "count": 72,
            "max": [
                20
            ],
            "min": [
                0
            ],
            "type": "SCALAR"
        },
        {
            "bufferView": 1,
            "byteOffset": 90972,
            "componentType": 5126,
            "count": 21,
            "max": [
                1.0,
                1.0,
                1.0
            ],
            "min": [
                1.0,
                1.0,
                1.0
            ],
            "type": "VEC3"
        },
        {
            "bufferView": 2,
            "byteOffset": 40432,
            "componentType": 5123,
            "count": 21,
            "max": [
                0,
                4,
                4,
                0
            ],
            "min": [
                0,
                0,
                0,
                0
            ],
            "type": "VEC4"
        },
        {
            "bufferView": 1,
            "byteOffset": 91224,
            "componentType": 5126,
            "count": 21,
            "max": [
                0.6501796841621399,
                0.4923737943172455,
                0.8973258137702942
            ],
            "min": [
                -0.6501796841621399,
