{
    "asset": {
        "generator": "COLLADA2GLTF",
        "version": "2.0"
    },
    "scenes": [
        {
            "nodes": [
                0
            ]
        }
    ],
    "scene": 0,
    "nodes": [
        {
            "children": [
                16,
                1
            ],
            "matrix": [
                1.0,
                0.0,
                0.0,
                0.0,
                0.0,
                0.0,
                -1.0,
                0.0,
                0.0,
                1.0,
                0.0,
                0.0,
                0.0,
                0.0,
                0.0,
                1.0
            ],
            "name": "Z_UP"
        },
        {
            "mesh": 0,
            "skin": 0,
            "name": "Nidoking"
        },
        {
            "children": [
                12,
                8,
                3
            ],
            "matrix": [
                -0.7874325513839722,
                -8.488739572376503e-11,
                0.6164008378982544,
                0.0,
                8.488739572376503e-11,
                -1.0,
                -2.9273642537797076e-11,
                0.0,
                0.6164008378982544,
                2.9273642537797076e-11,
                0.7874325513839722,
                0.0,
                0.0,
                0.0,
                0.0,
                1.0
            ],
            "name": "Hips"
        },
        {
            "children": [
                4
            ],
            "matrix": [
                0.07502619922161102,
                6.106510436199031e-11,
                -0.9971815347671508,
                0.0,
                -6.106510436199031e-11,
                -1.0,
                -6.583213141286848e-11,
                0.0,
                -0.9971815347671508,
                6.583213141286848e-11,
                -0.07502619922161102,
                0.0,
                0.6229552626609802,
                7.620000275210259e-8,
                -0.7231888175010681,
                1.0
            ],
            "name": "Tail1"
        },
        {
            "children": [
                5
            ],
            "matrix": [
                0.9995636343955994,
                2.7926907009145908e-8,
                0.02953854203224182,
                0.0,
                2.7926907009145908e-8,
                1.0,
                -0.0000018904667058450289,
                0.0,
                -0.02953854203224182,
                0.0000018904667058450289,
                0.9995636343955994,
                0.0,
                0.6349999904632568,
                -2.5400000325248585e-8,
                -8.636000075057382e-7,
                1.0
            ],
            "name": "Tail2"
        },
        {
            "children": [
                6
            ],
            "matrix": [
                0.9998517036437988,
                -1.7183079847882259e-8,
                0.01722108013927937,
                0.0,
                -5.1625239194663666e-8,
                1.0,
                0.000003995142378698802,
                0.0,
                -0.01722108013927937,
                -0.00000399543887397158,
                0.9998517036437988,
                0.0,
                0.6219799518585205,
                1.0160000130099435e-7,
                -7.620000275210259e-8,
                1.0
            ],
            "name": "Tail3"
        },
        {
            "children": [
                7
            ],
            "matrix": [
                0.9996747374534608,
                2.968074397369236e-10,
                0.025504155084490777,
                0.0,
                7.654222144992673e-7,
                1.0,
                -0.00003001354343723506,
                0.0,
                -0.025504155084490777,
                0.00003002330049639568,
                0.9996747374534608,
                0.0,
                0.5242457985877991,
                0.0,
                2.794000124595186e-7,
                1.0
            ],
            "name": "Tail4"
        },
        {
            "matrix": [
                1.0,
                0.0,
                0.0,
                0.0,
                0.0,
                1.0,
                0.0,
                0.0,
                0.0,
                0.0,
                1.0,
                0.0,
                0.5870828628540039,
                2.5400000325248585e-8,
                0.0,
                1.0
            ],
            "name": "Tail5"
        },
        {
            "children": [
                9
            ],
            "matrix": [
                0.9455583691596984,
                -0.15204235911369325,
                0.2877542078495026,
                0.0,
                -5.6116217450608029e-8,
                0.8841663002967835,
                0.4671722650527954,
                0.0,
                -0.3254525363445282,
                -0.4417386651039124,
                0.8360308408737183,
                0.0,
                0.4306265115737915,
                -0.8120278120040894,
                -0.1415160894393921,
                1.0
            ],
            "name": "RThigh"
        },
        {
            "children": [
                10
            ],
            "matrix": [
                0.8303625583648682,
                0.0,
                -0.5572234988212586,
                0.0,
                0.0,
                1.0,
                0.0,
                0.0,
                0.5572234988212586,
                0.0,
                0.8303625583648682,
                0.0,
                0.4806314706802368,
                2.5400000325248585e-8,
                -7.619999564667523e-7,
                1.0
            ],
            "name": "RLeg"
        },
        {
            "children": [
                11
            ],
            "matrix": [
                -0.2566943764686585,
                0.0,
                0.9664926528930664,
                0.0,
                0.0,
                1.0,
                0.0,
                0.0,
                -0.9664926528930664,
                0.0,
                -0.2566943764686585,
                0.0,
                0.4971694052219391,
                3.301999811355927e-7,
                0.0000013970000054541745,
                1.0
            ],
            "name": "RFoot"
        },
        {
            "matrix": [
                1.0,
                0.0,
                0.0,
                0.0,
                0.0,
                1.0,
                0.0,
                0.0,
                0.0,
                0.0,
                1.0,
                0.0,
                0.5116016864776611,
                -0.0000010159999419556698,
                -0.05000904202461243,
                1.0
            ],
            "name": "RToe"
        },
        {
            "children": [
                13
            ],
            "matrix": [
                0.9455583691596984,
                0.15204235911369325,
                0.2877542078495026,
                0.0,
                5.6116217450608029e-8,
                0.8841663002967835,
                -0.4671722650527954,
                0.0,
                -0.3254525363445282,
                0.4417386651039124,
                0.8360308408737183,
                0.0,
                0.4306265115737915,
                0.8120278120040894,
                -0.1415158361196518,
                1.0
            ],
            "name": "LThigh"
        },
        {
            "children": [
                14
            ],
            "matrix": [
                0.8303625583648682,
                0.0,
                -0.5572234988212586,
                0.0,
                0.0,
                1.0,
                0.0,
                0.0,
                0.5572234988212586,
                0.0,
                0.8303625583648682,
                0.0,
                0.4806314706802368,
                -2.5400000325248585e-8,
                7.620000275210259e-8,
                1.0
            ],
            "name": "LLeg"
        },
        {
            "children": [
                15
            ],
            "matrix": [
                -0.2566943764686585,
                -5.80403479943925e-7,
                0.9664926528930664,
                0.0,
                -0.000004446374077815563,
                1.0,
                -5.80403479943925e-7,
                0.0,
                -0.9664926528930664,
                -0.000004446374077815563,
                -0.2566943764686585,
                0.0,
                0.4971694052219391,
                -1.2699999274445873e-7,
                0.0,
                1.0
            ],
            "name": "LFoot"
        },
        {
            "matrix": [
                1.0,
                0.0,
                0.0,
                0.0,
                0.0,
                1.0,
                0.0,
                0.0,
                0.0,
                0.0,
                1.0,
                0.0,
                0.5116016864776611,
                -1.7780000405309696e-7,
                -0.05000878497958183,
                1.0
            ],
            "name": "LToe"
        },
        {
            "children": [
                17
            ],
            "matrix": [
                1.0,
                0.0,
                0.0,
                0.0,
                0.0,
                4.4896641959724089e-11,
                1.0,
                0.0,
                0.0,
                -1.0,
                4.4896641959724089e-11,
                0.0,
                0.0,
                0.0,
                0.0,
                1.0
            ],
            "name": "pm0034_00"
        },
        {
            "children": [
                18
            ],
            "name": "Origin"
        },
        {
            "children": [
                19,
                2
            ],
            "matrix": [
                -0.000002671808488230454,
                0.7874329090118408,
                0.6164003610610962,
                0.0,
                -1.0,
                -0.000003346275434523705,
                -5.97679772340598e-8,
                0.0,
                0.0000020155821403022857,
                -0.6164003610610962,
                0.7874329090118408,
                0.0,
                0.0,
                1.527096152305603,
                0.6257365942001343,
                1.0
            ],
            "name": "Waist"
        },
        {
            "children": [
                20
            ],
            "name": "Spine1"
        },
        {
            "children": [
                36,
                28,
                21
            ],
            "matrix": [
                0.994971752166748,
                0.0,
                -0.1001557558774948,
                0.0,
                0.0,
                1.0,
                0.0,
                0.0,
                0.1001557558774948,
                0.0,
                0.994971752166748,
                0.0,
                0.33942022919654848,
                2.5400000325248585e-8,
                -1.2699999274445873e-7,
                1.0
            ],
            "name": "Spine2"
        },
        {
            "children": [
                22
            ],
            "matrix": [
                0.944822072982788,
                0.0,
                0.3275839984416962,
                0.0,
                0.0,
                1.0,
                0.0,
                0.0,
                -0.3275839984416962,
                0.0,
                0.944822072982788,
                0.0,
                0.5861303806304932,
                2.5400000325248585e-8,
                -2.2860000115088042e-7,
                1.0
            ],
            "name": "Neck"
        },
        {
            "children": [
                27,
                25,
                23
            ],
            "matrix": [
                0.7818230986595154,
                0.0,
                0.6235003471374512,
                0.0,
                0.0,
                1.0,
                0.0,
                0.0,
                -0.6235003471374512,
                0.0,
                0.7818230986595154,
                0.0,
                0.4227830171585083,
                0.0,
                0.0,
                1.0
            ],
            "name": "Head"
        },
        {
            "children": [
                24
            ],
            "matrix": [
                -0.3391462564468384,
                0.8207446932792664,
                -0.4597368836402893,
                0.0,
                -0.4932901263237,
                0.2609700560569763,
                0.8297948241233826,
                0.0,
                0.801027238368988,
                0.5082054734230042,
                0.3163582384586334,
                0.0,
                0.4236160814762116,
                0.41944289207458498,
                -0.20780855417251588,
                1.0
            ],
            "name": "REar1"
        },
        {
            "matrix": [
                1.0,
                0.0,
                0.0,
                0.0,
                0.0,
                1.0,
                0.0,
                0.0,
                0.0,
                0.0,
                1.0,
                0.0,
                0.5129275918006897,
                -0.0000032765997275419069,
                -0.00000220979995901871,
                1.0
            ],
            "name": "REar2"
        },
        {
            "children": [
                26
            ],
            "matrix": [
                -0.3391466736793518,
                -0.8207443356513977,
                -0.4597372114658356,
                0.0,
                0.49329158663749697,
                0.2609693109989166,
                -0.8297942280769348,
                0.0,
                0.8010261654853821,
                -0.5082064270973206,
                0.31635937094688418,
                0.0,
                0.4236160814762116,
                -0.41944289207458498,
                -0.20780526101589204,
                1.0
            ],
            "name": "LEar1"
        },
        {
            "matrix": [
                1.0,
                0.0,
                0.0,
                0.0,
                0.0,
                1.0,
                0.0,
                0.0,
                0.0,
                0.0,
                1.0,
                0.0,
                0.5129275918006897,
                -1.7780000405309696e-7,
                -3.8099997823337619e-7,
                1.0
            ],
            "name": "LEar2"
        },
        {
            "matrix": [
                0.6279295682907105,
                -3.872941550797649e-11,
                0.7782701253890991,
                0.0,
                3.872941550797649e-11,
                -1.0,
                -8.101140591687539e-11,
                0.0,
                0.7782701253890991,
                8.101140591687539e-11,
                -0.6279295682907105,
                0.0,
                0.29252925515174868,
                0.0,
                0.0349031575024128,
                1.0
            ],
            "name": "Jaw"
        },
        {
            "children": [
                29
            ],
            "matrix": [
                0.14645199477672578,
                -0.9828747510910034,
                -0.11184357851743698,
                0.0,
                0.8324715495109558,
                0.1835306286811829,
                -0.5227882862091065,
                0.0,
                0.5343621969223023,
                -0.016543211415410047,
                0.8450937271118164,
                0.0,
                0.3649116456508637,
                -0.18876948952674869,
                0.18684644997119904,
                1.0
            ],
            "name": "LShoulder"
        },
        {
            "children": [
                30
            ],
            "matrix": [
                0.9828430414199828,
                -0.1836395263671875,
                0.017206167802214624,
                0.0,
                0.18366672098636628,
                0.9829885959625244,
                9.811424206418452e-8,
                0.0,
                -0.016913484781980516,
                0.0031601039227098228,
                0.999851942062378,
                0.0,
                0.5949543118476868,
                3.8099997823337619e-7,
                0.0,
                1.0
            ],
            "name": "LArm"
        },
        {
            "children": [
                31
            ],
            "matrix": [
                1.0,
                0.0,
                0.0,
                0.0,
                0.0,
                1.0,
                0.0,
                0.0,
                0.0,
                0.0,
                1.0,
                0.0,
                0.6552742123603821,
                0.0,
                7.620000275210259e-8,
                1.0
            ],
            "name": "LForeArm"
        },
        {
            "children": [
                32
            ],
            "matrix": [
                1.0,
                0.0,
                0.0,
                0.0,
                0.0,
                1.0,
                0.0,
                0.0,
                0.0,
                0.0,
                1.0,
                0.0,
                0.5357241034507752,
                5.588000249190372e-7,
                -7.620000275210259e-8,
                1.0
            ],
            "name": "LHandSub"
        },
        {
            "children": [
                35,
                34,
                33
            ],
            "matrix": [
                1.0,
                0.0,
                0.0,
                0.0,
                0.0,
                1.0,
                0.0,
                0.0,
                0.0,
                0.0,
                1.0,
                0.0,
                1.7780000405309696e-7,
                0.0,
                0.0,
                1.0
            ],
            "name": "LHand"
        },
        {
            "matrix": [
                1.0,
                0.0,
                0.0,
                0.0,
                0.0,
                1.0,
                0.0,
                0.0,
                0.0,
                0.0,
                1.0,
                0.0,
                0.3529609441757202,
                -0.19490410387516025,
                0.010067010298371317,
                1.0
            ],
            "name": "LFingerC"
        },
        {
            "matrix": [
                0.9891009330749512,
                0.00010572344763204455,
                0.1472388505935669,
                0.0,
                -0.00010718391422415152,
                1.0,
                0.000001985001972570899,
                0.0,
                -0.1472388356924057,
                -0.000017745003788149917,
                0.989100992679596,
                0.0,
                0.4081627130508423,
                0.01105029508471489,
                -0.08518270403146744,
                1.0
            ],
            "name": "LFingerB"
        },
        {
            "matrix": [
                1.0,
                0.0,
                0.0,
                0.0,
                0.0,
                1.0,
                0.0,
                0.0,
                0.0,
                0.0,
                1.0,
                0.0,
                0.35368481278419497,
                0.2442959100008011,
                0.015070987865328789,
                1.0
            ],
            "name": "LFingerA"
        },
        {
            "children": [
                37
            ],
            "matrix": [
                0.14645199477672578,
                0.9828747510910034,
                -0.11184357851743698,
                0.0,
                -0.8324715495109558,
                0.1835306286811829,
                0.5227882862091065,
                0.0,
                0.5343621969223023,
                0.016543211415410047,
                0.8450937271118164,
                0.0,
                0.3649116456508637,
                0.18876948952674869,
                0.18684594333171845,
                1.0
            ],
            "name": "RShoulder"
        },
        {
            "children": [
                38
            ],
            "matrix": [
                0.9828430414199828,
                0.1836395263671875,
                0.017206167802214624,
                0.0,
                -0.18366672098636628,
                0.9829885959625244,
                -9.811424206418452e-8,
                0.0,
                -0.016913484781980516,
                -0.0031601039227098228,
                0.999851942062378,
                0.0,
                0.5949543118476868,
                -1.7780000405309696e-7,
                -0.000001142999963121838,
                1.0
            ],
            "name": "RArm"
        },
        {
            "children": [
                39
            ],
            "matrix": [
                1.0,
                0.0,
                0.0,
                0.0,
                0.0,
                1.0,
                0.0,
                0.0,
                0.0,
                0.0,
                1.0,
                0.0,
                0.6552742123603821,
                9.652000017013052e-7,
                2.794000124595186e-7,
                1.0
            ],
            "name": "RForeArm"
        },
        {
            "children": [
                40
            ],
            "matrix": [
                1.0,
                0.0,
                0.0,
                0.0,
                0.0,
                1.0,
                0.0,
                0.0,
                0.0,
                0.0,
                1.0,
                0.0,
                0.5357241034507752,
                3.8099997823337619e-7,
                0.000001244599957317405,
                1.0
            ],
            "name": "RHandSub"
        },
        {
            "children": [
                43,
                42,
                41
            ],
            "name": "RHand"
        },
        {
            "matrix": [
                1.0,
                0.0,
                0.0,
                0.0,
                0.0,
                1.0,
                0.0,
                0.0,
                0.0,
                0.0,
                1.0,
                0.0,
                0.3529634475708008,
                0.1949043571949005,
                0.01006673090159893,
                1.0
            ],
            "name": "RFingerC"
        },
        {
            "matrix": [
                0.9891009330749512,
                -0.00010558711073826998,
                0.1472388505935669,
                0.0,
                0.00010702578583732247,
                1.0,
                -0.0000018486616681911985,
                0.0,
                -0.1472388356924057,
                0.00001758686630637385,
                0.989100992679596,
                0.0,
                0.4081627130508423,
                -0.011049914173781872,
                -0.08518423140048981,
                1.0
            ],
            "name": "RFingerB"
        },
        {
            "matrix": [
                1.0,
                0.0,
                0.0,
                0.0,
                0.0,
                1.0,
                0.0,
                0.0,
                0.0,
                0.0,
                1.0,
                0.0,
                0.35368481278419497,
                -0.24429719150066377,
                0.015070684254169464,
                1.0
            ],
            "name": "RFingerA"
        }
    ],
    "meshes": [
        {
            "primitives": [
                {
                    "attributes": {
                        "JOINTS_0": 1,
                        "NORMAL": 2,
                        "POSITION": 3,
                        "TEXCOORD_0": 4,
                        "WEIGHTS_0": 5
                    },
                    "indices": 0,
                    "mode": 4,
                    "material": 0
                },
                {
                    "attributes": {
                        "JOINTS_0": 7,
                        "NORMAL": 8,
                        "POSITION": 9,
                        "TEXCOORD_0": 10,
                        "WEIGHTS_0": 11
                    },
                    "indices": 6,
                    "mode": 4,
                    "material": 1
                },
                {
                    "attributes": {
                        "JOINTS_0": 13,
                        "NORMAL": 14,
                        "POSITION": 15,
                        "TEXCOORD_0": 16,
                        "WEIGHTS_0": 17
                    },
                    "indices": 12,
                    "mode": 4,
                    "material": 2
                }
            ],
            "name": "Nidoking"
        }
    ],
    "skins": [
        {
            "inverseBindMatrices": 18,
            "skeleton": 2,
            "joints": [
                2,
                12,
                13,
                14,
                15,
                8,
                9,
                10,
                11,
                3,
                4,
                5,
                6,
                7,
                19,
                20,
                28,
                29,
                30,
                31,
                32,
                35,
                34,
                33,
                21,
                22,
                27,
                25,
                26,
                23,
                24,
                36,
                37,
                38,
                39,
                40,
                43,
                42,
                41
            ],
            "name": "Nidoking-mesh-skin"
        }
    ],
    "accessors": [
        {
            "bufferView": 0,
            "byteOffset": 0,
            "componentType": 5123,
            "count": 9834,
            "max": [
                2155
            ],
            "min": [
                0
            ],
            "type": "SCALAR"
        },
        {
            "bufferView": 1,
            "byteOffset": 0,
            "componentType": 5123,
            "count": 2156,
            "max": [
                35,
                38,
                38,
                31
            ],
            "min": [
                0,
                0,
                0,
                0
            ],
            "type": "VEC4"
        },
        {
            "bufferView": 2,
            "byteOffset": 0,
            "componentType": 5126,
            "count": 2156,
            "max": [
                0.9999930262565612,
                0.9999989867210388,
                0.9999920129776
            ],
            "min": [
                -0.9999930262565612,
                -0.999891996383667,
                -0.9997910261154176
            ],
            "type": "VEC3"
        },
        {
            "bufferView": 2,
            "byteOffset": 25872,
            "componentType": 5126,
            "count": 2156,
            "max": [
                2.639415502548218,
                0.4800802767276764,
                3.523437261581421
            ],
            "min": [
                -2.639415502548218,
                -2.574671030044556,
                0.3093821406364441
            ],
            "type": "VEC3"
        },
        {
            "bufferView": 1,
            "byteOffset": 17248,
            "componentType": 5126,
            "count": 2156,
            "max": [
                0.9930449724197388,
                0.9960939884185792
            ],
            "min": [
                0.006955000106245279,
                0.007037997245788574
            ],
            "type": "VEC2"
        },
        {
            "bufferView": 3,
            "byteOffset": 0,
            "componentType": 5126,
            "count": 2156,
            "max": [
                1.0,
                0.9900000095367432,
                0.8600000143051148,
                0.7599999904632568
            ],
            "min": [
                0.009999999776482582,
                0.0,
                0.0,
                0.0
            ],
            "type": "VEC4"
        },
        {
            "bufferView": 0,
            "byteOffset": 19668,
            "componentType": 5123,
            "count": 312,
            "max": [
                71
            ],
            "min": [
                0
            ],
            "type": "SCALAR"
        },
        {
            "bufferView": 1,
            "byteOffset": 34496,
            "componentType": 5123,
            "count": 72,
            "max": [
                25,
                0,
                0,
                0
            ],
            "min": [
                25,
                0,
                0,
                0
            ],
            "type": "VEC4"
        },
        {
            "bufferView": 2,
            "byteOffset": 51744,
            "componentType": 5126,
            "count": 72,
            "max": [
                0.938031017780304,
                -0.18166300654411317,
                0.3197039961814881
            ],
            "min": [
                -0.938031017780304,
                -0.6917290091514587,
                -0.6585270166397095
            ],
            "type": "VEC3"
        },
        {
            "bufferView": 2,
            "byteOffset": 52608,
            "componentType": 5126,
            "count": 72,
            "max": [
                0.47914811968803408,
                -2.073269844055176,
                2.722397565841675
            ],
            "min": [
                -0.47914811968803408,
                -2.371610641479492,
                2.34261155128479
            ],
            "type": "VEC3"
        },
        {
            "bufferView": 1,
            "byteOffset": 35072,
            "componentType": 5126,
            "count": 72,
            "max": [
                0.4948999881744385,
                -1.7561299800872806
            ],
            "min": [
                0.005102000199258328,
                -1.99387001991272
            ],
            "type": "VEC2"
        },
        {
            "bufferView": 3,
            "byteOffset": 34496,
            "componentType": 5126,
            "count": 72,
            "max": [
                1.0,
                0.0,
                0.0,
                0.0
            ],
            "min": [
                1.0,
                0.0,
                0.0,
                0.0
            ],
            "type": "VEC4"
        },
        {
            "bufferView": 0,
            "byteOffset": 20292,
            "componentType": 5123,
            "count": 6996,
            "max": [
                1579
            ],
            "min": [
                0
            ],
            "type": "SCALAR"
        },
        {
            "bufferView": 1,
            "byteOffset": 35648,
            "componentType": 5123,
            "count": 1580,
            "max": [
                26,
                29,
                31,
                31
            ],
            "min": [
                0,
                0,
                0,
                0
            ],
            "type": "VEC4"
        },
        {
            "bufferView": 2,
            "byteOffset": 53472,
            "componentType": 5126,
            "count": 1580,
            "max": [
                0.9999150037765504,
                0.999754011631012,
                0.9996709823608398
            ],
            "min": [
                -0.9999150037765504,
                -0.9999960064888,
                -1.0
            ],
            "type": "VEC3"
        },
        {
            "bufferView": 2,
            "byteOffset": 72432,
            "componentType": 5126,
            "count": 1580,
            "max": [
                1.385087490081787,
                3.1259779930114748,
                3.028823137283325
            ],
            "min": [
                -1.385087490081787,
                -3.175152540206909,
                -1.0160000130099435e-7
            ],
            "type": "VEC3"
        },
        {
            "bufferView": 1,
            "byteOffset": 48288,
            "componentType": 5126,
            "count": 1580,
            "max": [
                0.9921879768371582,
                -0.003909945487976074
            ],
            "min": [
                0.007811999879777432,
                -0.9935899972915648
            ],
            "type": "VEC2"
        },
        {
            "bufferView": 3,
            "byteOffset": 35648,
            "componentType": 5126,
            "count": 1580,
            "max": [
                1.0,
                0.9900000095367432,
                0.8299999833106995,
                0.7899999618530273
            ],
            "min": [
                0.009999999776482582,
                0.0,
                0.0,
                0.0
            ],
            "type": "VEC4"
        },
        {
            "bufferView": 4,
            "byteOffset": 0,
            "componentType": 5126,
            "count": 39,
            "max": [
                1.0,
                1.0,
                0.5082089900970459,
                0.0,
                0.9999960064888,
                0.4932889938354492,
                0.07502499967813492,
                0.0,
                0.8452099561691284,
                1.0,
                1.0,
                0.0,
                60.12189865112305,
                122.84200286865236,
                100.52700805664064,
                1.0
            ],
            "min": [
                -1.0,
                -1.0,
                -0.5082070231437683,
                0.0,
                -1.0,
                -0.4932889938354492,
                -1.0,
                0.0,
                -1.0,
                -1.0,
                -1.0,
                0.0,
                -98.75869750976564,
                -122.84100341796877,
                -116.53400421142578,
                1.0
            ],
            "type": "MAT4"
        }
    ],
    "materials": [
        {
            "pbrMetallicRoughness": {
                "baseColorFactor": [
                    1.0,
                    1.0,
                    1.0,
                    1.0
                ],
                "baseColorTexture": {
                    "index": 0
                },
                "metallicFactor": 0.0
            },
            "name": "Material__164"
        },
        {
            "pbrMetallicRoughness": {
                "baseColorFactor": [
                    1.0,
                    1.0,
                    1.0,
                    1.0
                ],
                "baseColorTexture": {
                    "index": 1
                },
                "metallicFactor": 0.0
            },
            "name": "Material__165"
        },
        {
            "pbrMetallicRoughness": {
                "baseColorFactor": [
                    1.0,
                    1.0,
                    1.0,
                    1.0
                ],
                "baseColorTexture": {
                    "index": 2
                },
                "metallicFactor": 0.0
            },
            "name": "Material__166"
        }
    ],
    "textures": [
        {
            "sampler": 0,
            "source": 0
        },
        {
            "sampler": 0,
            "source": 1
        },
        {
            "sampler": 0,
            "source": 2
        }
    ],
    "images": [
        {
            "uri": "pm0034_00_BodyA1.png"
        },
        {
            "uri": "pm0034_00_Eye1.png"
        },
        {
            "uri": "pm0034_00_BodyB1.png"
        }
    ],
    "samplers": [
        {
            "magFilter": 9729,
            "minFilter": 9986,
            "wrapS": 10497,
            "wrapT": 10497
        }
    ],
    "bufferViews": [
        {
            "buffer": 0,
            "byteOffset": 215744,
            "byteLength": 34284,
            "target": 34963
        },
        {
            "buffer": 0,
            "byteOffset": 154816,
            "byteLength": 60928,
            "byteStride": 8,
            "target": 34962
        },
        {
            "buffer": 0,
            "byteOffset": 63424,
            "byteLength": 91392,
            "byteStride": 12,
            "target": 34962
        },
        {
            "buffer": 0,
            "byteOffset": 2496,
            "byteLength": 60928,
            "byteStride": 16,
            "target": 34962
        },
        {
            "buffer": 0,
            "byteOffset": 0,
            "byteLength": 2496
        }
    ],
    "buffers": [
        {
            "byteLength": 250028,
            "uri": "Nidoking_ColladaMax0.bin"
        }
    ]
}
