{
    "asset": {
        "generator": "COLLADA2GLTF",
        "version": "2.0"
    },
    "scenes": [
        {
            "nodes": [
                0
            ]
        }
    ],
    "scene": 0,
    "nodes": [
        {
            "children": [
                19,
                1
            ],
            "matrix": [
                1.0,
                0.0,
                0.0,
                0.0,
                0.0,
                0.0,
                -1.0,
                0.0,
                0.0,
                1.0,
                0.0,
                0.0,
                0.0,
                0.0,
                0.0,
                1.0
            ],
            "name": "Z_UP"
        },
        {
            "mesh": 0,
            "skin": 0,
            "name": "AlakazamF"
        },
        {
            "children": [
                11,
                3
            ],
            "matrix": [
                -1.0,
                -8.979318677493353e-11,
                0.0,
                0.0,
                8.979318677493353e-11,
                -1.0,
                0.0,
                0.0,
                0.0,
                0.0,
                1.0,
                0.0,
                0.0,
                0.0,
                0.0,
                1.0
            ],
            "name": "Hips"
        },
        {
            "children": [
                4
            ],
            "matrix": [
                0.7614341378211975,
                -0.5937382578849793,
                0.2601787149906159,
                0.0,
                -0.006224002689123154,
                0.3946456611156464,
                0.918812334537506,
                0.0,
                -0.6482124328613281,
                -0.7012344002723694,
                0.29680123925209048,
                0.0,
                0.2947085499763489,
                -0.1674863249063492,
                0.03639565780758858,
                1.0
            ],
            "name": "RThigh"
        },
        {
            "children": [
                5
            ],
            "matrix": [
                0.6815489530563355,
                0.0,
                -0.7317725419998169,
                0.0,
                0.0,
                1.0,
                0.0,
                0.0,
                0.7317725419998169,
                0.0,
                0.6815489530563355,
                0.0,
                0.6926605105400086,
                -2.032000026019887e-7,
                0.000001142999963121838,
                1.0
            ],
            "name": "RLeg"
        },
        {
            "children": [
                9,
                7,
                6
            ],
            "matrix": [
                -0.11554793268442154,
                -0.03128715604543686,
                0.9928090572357178,
                0.0,
                0.002565822098404169,
                0.9994910955429076,
                0.03179635480046272,
                0.0,
                -0.993298590183258,
                0.006221374496817589,
                -0.11540885269641876,
                0.0,
                0.7618755102157593,
                5.079999709778349e-7,
                -9.144000046035216e-7,
                1.0
            ],
            "name": "RFoot"
        },
        {
            "matrix": [
                -0.996654748916626,
                -0.0809999406337738,
                -0.010877368971705437,
                0.0,
                0.08119706809520722,
                -0.9965149760246276,
                -0.01910296082496643,
                0.0,
                -0.009292121976614,
                -0.01992226764559746,
                0.9997583627700806,
                0.0,
                -0.36851590871810915,
                -0.02239510416984558,
                -0.1895497739315033,
                1.0
            ],
            "name": "RToeC"
        },
        {
            "children": [
                8
            ],
            "matrix": [
                0.991134226322174,
                0.1323331892490387,
                0.011866755783557892,
                0.0,
                -0.1325475126504898,
                0.9909831285476684,
                0.01958529092371464,
                0.0,
                -0.009167971089482308,
                -0.02098456211388111,
                0.9997377395629884,
                0.0,
                0.3651910424232483,
                0.2595803737640381,
                -0.19029425084590913,
                1.0
            ],
            "name": "RToeB1"
        },
        {
            "matrix": [
                0.993049144744873,
                -0.11770031601190569,
                0.0,
                0.0,
                0.11770031601190569,
                0.993049144744873,
                0.0,
                0.0,
                0.0,
                0.0,
                1.0,
                0.0,
                0.2680233418941498,
                -0.000002108199851136306,
                -1.2699999274445873e-7,
                1.0
            ],
            "name": "RToeB2"
        },
        {
            "children": [
                10
            ],
            "matrix": [
                0.997162401676178,
                -0.07488352805376053,
                0.0077237337827682499,
                0.0,
                0.07471394538879395,
                0.9969983100891112,
                0.02030300162732601,
                0.0,
                -0.009220910258591177,
                -0.01966832019388676,
                0.9997640252113342,
                0.0,
                0.38315391540527346,
                -0.20527617633342744,
                -0.20624087750911714,
                1.0
            ],
            "name": "RToeA1"
        },
        {
            "matrix": [
                0.9959756135940552,
                0.08962457627058029,
                0.0,
                0.0,
                -0.08962457627058029,
                0.9959756135940552,
                0.0,
                0.0,
                0.0,
                0.0,
                1.0,
                0.0,
                0.22549079358577729,
                -4.826000008506526e-7,
                5.0800000650497177e-8,
                1.0
            ],
            "name": "RToeA2"
        },
        {
            "children": [
                12
            ],
            "matrix": [
                0.7614341378211975,
                0.5937382578849793,
                0.2601787149906159,
                0.0,
                0.006224002689123154,
                0.3946456611156464,
                -0.918812334537506,
                0.0,
                -0.6482124328613281,
                0.7012344002723694,
                0.29680123925209048,
                0.0,
                0.2947085499763489,
                0.1674863249063492,
                0.03639565780758858,
                1.0
            ],
            "name": "LThigh"
        },
        {
            "children": [
                13
            ],
            "matrix": [
                0.6815489530563355,
                0.0,
                -0.7317725419998169,
                0.0,
                0.0,
                1.0,
                0.0,
                0.0,
                0.7317725419998169,
                0.0,
                0.6815489530563355,
                0.0,
                0.6926605105400086,
                1.2699999274445873e-7,
                0.0,
                1.0
            ],
            "name": "LLeg"
        },
        {
            "children": [
                17,
                15,
                14
            ],
            "matrix": [
                -0.11554793268442154,
                0.03128814697265625,
                0.992808997631073,
                0.0,
                -0.002566815819591284,
                0.9994910359382628,
                -0.03179746866226196,
                0.0,
                -0.993298590183258,
                -0.006222489755600691,
                -0.11540881544351578,
                0.0,
                0.7618730068206787,
                0.0,
                7.620000275210259e-8,
                1.0
            ],
            "name": "LFoot"
        },
        {
            "matrix": [
                -0.996654748916626,
                0.08100020885467529,
                -0.010877370834350586,
                0.0,
                -0.0811973363161087,
                -0.9965149760246276,
                0.01910295896232128,
                0.0,
                -0.009292119182646277,
                0.019922269508242608,
                0.9997583627700806,
                0.0,
                -0.36851590871810915,
                0.022394822910428048,
                -0.1895505338907242,
                1.0
            ],
            "name": "LToeC"
        },
        {
            "children": [
                16
            ],
            "matrix": [
                0.991134226322174,
                -0.1323331892490387,
                0.011866755783557892,
                0.0,
                0.1325475126504898,
                0.9909831285476684,
                -0.01958529092371464,
                0.0,
                -0.009167971089482308,
                0.02098456211388111,
                0.9997377395629884,
                0.0,
                0.3651910424232483,
                -0.2595778405666352,
                -0.1902950257062912,
                1.0
            ],
            "name": "LToeB1"
        },
        {
            "matrix": [
                0.993049144744873,
                0.11770049482584,
                0.0,
                0.0,
                -0.11770049482584,
                0.993049144744873,
                0.0,
                0.0,
                0.0,
                0.0,
                1.0,
                0.0,
                0.2680233418941498,
                -5.0800000650497177e-8,
                0.0,
                1.0
            ],
            "name": "LToeB2"
        },
        {
            "children": [
                18
            ],
            "matrix": [
                0.9971623420715332,
                0.0748835951089859,
                0.007723726332187653,
                0.0,
                -0.07471400499343872,
                0.9969982504844666,
                -0.02030409686267376,
                0.0,
                -0.00922098569571972,
                0.01966941170394421,
                0.9997640252113342,
                0.0,
                0.38315391540527346,
                0.20527644455432893,
                -0.2062418907880783,
                1.0
            ],
            "name": "LToeA1"
        },
        {
            "matrix": [
                0.9959755539894104,
                -0.08962561935186386,
                0.0,
                0.0,
                0.08962561935186386,
                0.9959755539894104,
                0.0,
                0.0,
                0.0,
                0.0,
                1.0,
                0.0,
                0.22548899054527284,
                0.0,
                0.0,
                1.0
            ],
            "name": "LToeA2"
        },
        {
            "children": [
                20
            ],
            "matrix": [
                1.0,
                0.0,
                0.0,
                0.0,
                0.0,
                4.4896641959724089e-11,
                1.0,
                0.0,
                0.0,
                -1.0,
                4.4896641959724089e-11,
                0.0,
                0.0,
                0.0,
                0.0,
                1.0
            ],
            "name": "pm0065_00_foodin"
        },
        {
            "children": [
                21
            ],
            "name": "Origin"
        },
        {
            "children": [
                24,
                2,
                23,
                22
            ],
            "matrix": [
                -0.0000034620645692484688,
                1.0,
                0.0,
                0.0,
                -1.0,
                -0.0000034620645692484688,
                -0.0,
                0.0,
                0.0,
                0.0,
                1.0,
                0.0,
                0.0,
                1.862919807434082,
                -0.1600392907857895,
                1.0
            ],
            "name": "Waist"
        },
        {
            "matrix": [
                1.912413836180349e-7,
                -0.0000067447417677612979,
                1.0,
                0.0,
                0.05666273459792137,
                -0.9983933568000794,
                -0.0000067447417677612979,
                0.0,
                0.9983933568000794,
                0.05666273459792137,
                1.912413836180349e-7,
                0.0,
                -1.3318006992340088,
                1.721822738647461,
                0.0420682393014431,
                1.0
            ],
            "name": "RFeelerA"
        },
        {
            "matrix": [
                -1.3673385979018349e-8,
                -8.430550906268763e-7,
                1.0,
                0.0,
                -0.03242917358875275,
                -0.999474048614502,
                -8.430550906268763e-7,
                0.0,
                0.999474048614502,
                -0.03242917358875275,
                -1.3673385979018349e-8,
                0.0,
                -1.3318006992340088,
                -1.721822738647461,
                0.0420682393014431,
                1.0
            ],
            "name": "LFeelerA"
        },
        {
            "children": [
                47,
                36,
                25
            ],
            "matrix": [
                0.940985381603241,
                0.0,
                0.338447242975235,
                0.0,
                0.0,
                1.0,
                0.0,
                0.0,
                -0.338447242975235,
                0.0,
                0.940985381603241,
                0.0,
                0.0,
                0.0,
                0.0,
                1.0
            ],
            "name": "Spine"
        },
        {
            "children": [
                26
            ],
            "matrix": [
                -0.15582798421382905,
                -0.9842932224273682,
                0.08297288417816162,
                0.0,
                0.92650306224823,
                -0.17476989328861237,
                -0.33323800563812258,
                0.0,
                0.3425050675868988,
                0.024946823716163636,
                0.9391847252845764,
                0.0,
                0.7329118847846985,
                -0.351993203163147,
                -0.0836411789059639,
                1.0
            ],
            "name": "LShoulder"
        },
        {
            "children": [
                27
            ],
            "matrix": [
                0.6057379841804504,
                -0.7934461236000061,
                -0.05936956033110619,
                0.0,
                0.793960452079773,
                0.6076363325119019,
                -0.020122699439525605,
                0.0,
                0.05204137787222862,
                -0.03494799882173538,
                0.9980332255363464,
                0.0,
                0.438726544380188,
                0.0,
                0.0,
                1.0
            ],
            "name": "LArm"
        },
        {
            "children": [
                29,
                28
            ],
            "matrix": [
                0.9999955892562866,
                -4.4519968156464538e-8,
                -0.002967997919768095,
                0.0,
                4.4519968156464538e-8,
                1.0,
                -6.606772767758784e-11,
                0.0,
                0.002967997919768095,
                -6.606772767758784e-11,
                0.9999955892562866,
                0.0,
                0.7005675435066223,
                0.0,
                0.0,
                1.0
            ],
            "name": "LForeArm"
        },
        {
            "matrix": [
                -0.0030835166107863189,
                0.0001799251913325861,
                0.999995231628418,
                0.0,
                -0.004126053303480148,
                0.9999914765357972,
                -0.00019264733418822289,
                0.0,
                -0.9999867081642152,
                -0.004126627929508686,
                -0.003082748036831618,
                0.0,
                0.0004985003615729511,
                -0.000029057599022053187,
                -0.16026586294174198,
                1.0
            ],
            "name": "LFeelerD"
        },
        {
            "children": [
                34,
                32,
                30
            ],
            "matrix": [
                0.9907407760620116,
                -0.1184285506606102,
                -0.06638818979263306,
                0.0,
                0.11905839294195177,
                0.9928714632987976,
                0.00559851760044694,
                0.0,
                0.0652519091963768,
                -0.013450750149786473,
                0.9977781772613524,
                0.0,
                0.9238969683647156,
                3.8099997823337619e-7,
                0.0,
                1.0
            ],
            "name": "LHand"
        },
        {
            "children": [
                31
            ],
            "matrix": [
                0.9470017552375794,
                -0.30293142795562746,
                0.10686518251895905,
                0.0,
                0.11219865828752518,
                0.00020439198124222455,
                -0.993685781955719,
                0.0,
                0.3009968101978302,
                0.9530123472213744,
                0.03418206050992012,
                0.0,
                0.409729927778244,
                0.14316633343696598,
                0.16976621747016908,
                1.0
            ],
            "name": "LFingerC1"
        },
        {
            "matrix": [
                0.2537228763103485,
                0.11285055428743364,
                -0.960671365261078,
                0.0,
                -0.02816574089229107,
                0.993611752986908,
                0.10928122699260712,
                0.0,
                0.9668667912483216,
                -0.0006691244780085981,
                0.2552805244922638,
                0.0,
                0.30412688851356509,
                0.0,
                -3.8099997823337619e-7,
                1.0
            ],
            "name": "LFingerC2"
        },
        {
            "children": [
                33
            ],
            "matrix": [
                0.9782925844192504,
                -0.20279958844184876,
                -0.04261434823274613,
                0.0,
                -0.03701189160346985,
                0.03134002536535263,
                -0.9988232851028442,
                0.0,
                0.20389647781848908,
                0.978718638420105,
                0.02315371483564377,
                0.0,
                0.4234078228473664,
                0.13549959659576417,
                -0.13264261186122898,
                1.0
            ],
            "name": "LFingerB1"
        },
        {
            "matrix": [
                0.1728285402059555,
                0.125249981880188,
                -0.9769558310508728,
                0.0,
                0.12825794517993928,
                0.9805744886398317,
                0.14840340614318849,
                0.0,
                0.9765654802322388,
                -0.15095070004463197,
                0.15340694785118104,
                0.0,
                0.2863849997520447,
                0.0,
                -3.8099997823337619e-7,
                1.0
            ],
            "name": "LFingerB2"
        },
        {
            "children": [
                35
            ],
            "matrix": [
                0.5129997730255127,
                -0.5119948983192444,
                0.6889792680740356,
                0.0,
                0.6528211832046509,
                0.7538748383522034,
                0.0741429477930069,
                0.0,
                -0.5573650002479553,
                0.4117449820041657,
                0.7209787368774414,
                0.0,
                0.2818536162376404,
                -0.04712588712573052,
                0.27367737889289858,
                1.0
            ],
            "name": "LFingerA1"
        },
        {
            "matrix": [
                0.9967111349105836,
                0.04272224381566048,
                -0.06886035948991776,
                0.0,
                -0.04054998233914375,
                0.9986441731452942,
                0.0326414592564106,
                0.0,
                0.07016151398420334,
                -0.029741819947957994,
                0.9970921874046326,
                0.0,
                0.19897140562534333,
                -7.620000275210259e-8,
                0.0,
                1.0
            ],
            "name": "LFingerA2"
        },
        {
            "children": [
                37
            ],
            "matrix": [
                -0.15582798421382905,
                0.9842932224273682,
                0.08297288417816162,
                0.0,
                -0.92650306224823,
                -0.17476989328861237,
                0.33323800563812258,
                0.0,
                0.3425050675868988,
                -0.024946823716163636,
                0.9391847252845764,
                0.0,
                0.7329195141792297,
                0.351993203163147,
                -0.08364346623420716,
                1.0
            ],
            "name": "RShoulder"
        },
        {
            "children": [
                38
            ],
            "matrix": [
                0.6057365536689758,
                0.7934471964836121,
                -0.05936964973807335,
                0.0,
                -0.7939615249633789,
                0.6076349020004273,
                0.020122788846492769,
                0.0,
                0.052041441202163699,
                0.03494810685515404,
                0.9980332255363464,
                0.0,
                0.4387316405773163,
                0.000008331199751410168,
                -1.0160000130099435e-7,
                1.0
            ],
            "name": "RArm"
        },
        {
            "children": [
                40,
                39
            ],
            "matrix": [
                0.9999955892562866,
                2.9679977586738464e-8,
                -0.002967997919768095,
                0.0,
                -2.9679977586738464e-8,
                1.0,
                4.404515294154088e-11,
                0.0,
                0.002967997919768095,
                4.404515294154088e-11,
                0.9999955892562866,
                0.0,
                0.700564980506897,
                0.000001549399939904106,
                -1.2699999274445873e-7,
                1.0
            ],
            "name": "RForeArm"
        },
        {
            "matrix": [
                -0.0030835166107863189,
                -0.0001799251913325861,
                0.999995231628418,
                0.0,
                0.004126053303480148,
                0.9999914765357972,
                0.00019264733418822289,
                0.0,
                -0.9999867081642152,
                0.004126627929508686,
                -0.003082748036831618,
                0.0,
                0.0004987035645172,
                0.00002672079972398933,
                -0.16026586294174198,
                1.0
            ],
            "name": "RFeelerD"
        },
        {
            "children": [
                45,
                43,
                41
            ],
            "matrix": [
                0.9907408356666564,
                0.11842870712280274,
                -0.06638722121715546,
                0.0,
                -0.1190585270524025,
                0.9928714632987976,
                -0.005598413292318583,
                0.0,
                0.06525096297264099,
                0.01345054153352976,
                0.9977782368659972,
                0.0,
                0.9238969683647156,
                -0.000001346199951512972,
                2.5400000325248585e-8,
                1.0
            ],
            "name": "RHand"
        },
        {
            "children": [
                42
            ],
            "matrix": [
                0.9470017552375794,
                0.30293142795562746,
                0.10686518251895905,
                0.0,
                -0.11219865828752518,
                0.00020439198124222455,
                0.993685781955719,
                0.0,
                0.3009968101978302,
                -0.9530123472213744,
                0.03418206050992012,
                0.0,
                0.409729927778244,
                -0.14316557347774509,
                0.16976647078990937,
                1.0
            ],
            "name": "RFingerC1"
        },
        {
            "matrix": [
                0.25372278690338137,
                -0.11285077780485152,
                -0.960671365261078,
                0.0,
                0.028167452663183217,
                0.993611752986908,
                -0.1092810034751892,
                0.0,
                0.9668667912483216,
                0.0006674147443845868,
                0.25528064370155337,
                0.0,
                0.30412688851356509,
                0.0,
                1.7780000405309696e-7,
                1.0
            ],
            "name": "RFingerC2"
        },
        {
            "children": [
                44
            ],
            "matrix": [
                0.9782925844192504,
                0.20279958844184876,
                -0.04261434823274613,
                0.0,
                0.03701189160346985,
                0.03134002536535263,
                0.9988232851028442,
                0.0,
                0.20389647781848908,
                -0.978718638420105,
                0.02315371483564377,
                0.0,
                0.4234052896499634,
                -0.135498583316803,
                -0.13264261186122898,
                1.0
            ],
            "name": "RFingerB1"
        },
        {
            "matrix": [
                0.1728285402059555,
                -0.125249981880188,
                -0.9769558310508728,
                0.0,
                -0.12825794517993928,
                0.9805744886398317,
                -0.14840340614318849,
                0.0,
                0.9765654802322388,
                0.15095070004463197,
                0.15340694785118104,
                0.0,
                0.2863849997520447,
                4.5720000230176096e-7,
                0.000001142999963121838,
                1.0
            ],
            "name": "RFingerB2"
        },
        {
            "children": [
                46
            ],
            "matrix": [
                0.5129997730255127,
                0.5119948983192444,
                0.6889792680740356,
                0.0,
                -0.6528211832046509,
                0.7538748383522034,
                -0.0741429477930069,
                0.0,
                -0.5573650002479553,
                -0.4117449820041657,
                0.7209787368774414,
                0.0,
                0.2818561792373657,
                0.04712766781449318,
                0.2736799120903015,
                1.0
            ],
            "name": "RFingerA1"
        },
        {
            "matrix": [
                0.9967111349105836,
                -0.04272233694791794,
                -0.06886037439107895,
                0.0,
                0.04055008664727211,
                0.9986441731452942,
                -0.032641295343637469,
                0.0,
                0.07016152888536453,
                0.029741648584604265,
                0.9970921874046326,
                0.0,
                0.19897089898586274,
                -7.620000275210259e-8,
                2.794000124595186e-7,
                1.0
            ],
            "name": "RFingerA2"
        },
        {
            "children": [
                48
            ],
            "matrix": [
                0.8250957727432251,
                0.0,
                0.5649929046630859,
                0.0,
                0.0,
                1.0,
                0.0,
                0.0,
                -0.5649929046630859,
                0.0,
                0.8250957727432251,
                0.0,
                0.8466074466705322,
                -2.5400000325248585e-8,
                7.620000275210259e-8,
                1.0
            ],
            "name": "Neck"
        },
        {
            "children": [
                57,
                56,
                53,
                50,
                49
            ],
            "matrix": [
                0.957440972328186,
                0.0,
                -0.28862908482551577,
                0.0,
                0.0,
                1.0,
                0.0,
                0.0,
                0.28862908482551577,
                0.0,
                0.957440972328186,
                0.0,
                0.18512865900993348,
                0.0,
                -1.7780000405309696e-7,
                1.0
            ],
            "name": "Head"
        },
        {
            "matrix": [
                0.0981677696108818,
                0.6151621341705322,
                -0.7822650671005249,
                0.0,
                -0.5906333327293396,
                0.6686641573905945,
                0.4517084062099457,
                0.0,
                0.8009465336799622,
                0.4176886379718781,
                0.4289765357971192,
                0.0,
                0.4082440137863159,
                0.33304986357688906,
                -0.20829522609710697,
                1.0
            ],
            "name": "REar"
        },
        {
            "children": [
                51
            ],
            "matrix": [
                -0.3922373652458191,
                -0.8695771098136902,
                0.2999758720397949,
                0.0,
                0.6907287240028381,
                -0.4937971830368042,
                -0.5282595753669739,
                0.0,
                0.6074897050857544,
                -0.0000011908484793821117,
                0.7943275570869446,
                0.0,
                0.2012462317943573,
                -0.10375950485467912,
                0.9844862222671508,
                1.0
            ],
            "name": "LFeelerC1"
        },
        {
            "children": [
                52
            ],
            "matrix": [
                0.9864684343338012,
                -0.1639511436223984,
                0.0,
                0.0,
                0.1639511436223984,
                0.9864684343338012,
                0.0,
                0.0,
                0.0,
                0.0,
                1.0,
                0.0,
                0.217846155166626,
                1.7780000405309696e-7,
                0.0,
                1.0
            ],
            "name": "LFeelerC2"
        },
        {
            "matrix": [
                0.9914268851280212,
                -0.13066254556179048,
                0.0,
                0.0,
                0.13066254556179048,
                0.9914268851280212,
                0.0,
                0.0,
                0.0,
                0.0,
                1.0,
                0.0,
                0.24982474744319917,
                -1.7780000405309696e-7,
                1.7780000405309696e-7,
                1.0
            ],
            "name": "LFeelerC3"
        },
        {
            "children": [
                54
            ],
            "matrix": [
                -0.3922371566295624,
                0.8695772290229797,
                0.29997578263282778,
                0.0,
                -0.6907288432121277,
                -0.4937969744205475,
                0.5282595753669739,
                0.0,
                0.6074896454811096,
                0.0000011069528227380945,
                0.7943276166915894,
                0.0,
                0.2012457251548767,
                0.10375950485467912,
                0.9844862222671508,
                1.0
            ],
            "name": "RFeelerC1"
        },
        {
            "children": [
                55
            ],
            "matrix": [
                0.9864684343338012,
                0.1639513075351715,
                0.0,
                0.0,
                -0.1639513075351715,
                0.9864684343338012,
                0.0,
                0.0,
                0.0,
                0.0,
                1.0,
                0.0,
                0.2178474068641663,
                5.588000249190372e-7,
                -1.7780000405309696e-7,
                1.0
            ],
            "name": "RFeelerC2"
        },
        {
            "matrix": [
                0.991426944732666,
                0.13066236674785618,
                0.0,
                0.0,
                -0.13066236674785618,
                0.991426944732666,
                0.0,
                0.0,
                0.0,
                0.0,
                1.0,
                0.0,
                0.24982397258281709,
                0.000001549399939904106,
                -7.620000275210259e-8,
                1.0
            ],
            "name": "RFeelerC3"
        },
        {
            "matrix": [
                0.09816773980855942,
                -0.6151614189147949,
                -0.7822656631469727,
                0.0,
                0.5906340479850769,
                0.6686642169952393,
                -0.4517074227333069,
                0.0,
                0.8009459972381592,
                -0.4176896214485169,
                0.4289765357971192,
                0.0,
                0.40823641419410708,
                -0.33304986357688906,
                -0.2082916647195816,
                1.0
            ],
            "name": "LEar"
        },
        {
            "matrix": [
                -0.7037916779518127,
                -8.287749653224097e-11,
                0.7104063630104065,
                0.0,
                8.287749653224097e-11,
                -1.0,
                -3.455628144743983e-11,
                0.0,
                0.7104063630104065,
                3.455628144743983e-11,
                0.7037916779518127,
                0.0,
                0.3708196580410004,
                2.5400000325248585e-8,
                0.5880328416824341,
                1.0
            ],
            "name": "Jaw"
        }
    ],
    "meshes": [
        {
            "primitives": [
                {
                    "attributes": {
                        "JOINTS_0": 1,
                        "NORMAL": 2,
                        "POSITION": 3,
                        "TEXCOORD_0": 4,
                        "WEIGHTS_0": 5
                    },
                    "indices": 0,
                    "mode": 4,
                    "material": 0
                },
                {
                    "attributes": {
                        "JOINTS_0": 7,
                        "NORMAL": 8,
                        "POSITION": 9,
                        "TEXCOORD_0": 10,
                        "WEIGHTS_0": 11
                    },
                    "indices": 6,
                    "mode": 4,
                    "material": 1
                },
                {
                    "attributes": {
                        "JOINTS_0": 13,
                        "NORMAL": 14,
                        "POSITION": 15,
                        "TEXCOORD_0": 16,
                        "WEIGHTS_0": 17
                    },
                    "indices": 12,
                    "mode": 4,
                    "material": 2
                }
            ],
            "name": "AlakazamF"
        }
    ],
    "skins": [
        {
            "inverseBindMatrices": 18,
            "skeleton": 2,
            "joints": [
                2,
                11,
                12,
                13,
                17,
                18,
                15,
                16,
                14,
                3,
                4,
                5,
                9,
                10,
                7,
                8,
                6,
                23,
                22,
                24,
                25,
                26,
                27,
                28,
                29,
                34,
                35,
                32,
                33,
                30,
                31,
                47,
                48,
                57,
                56,
                50,
                51,
                52,
                49,
                53,
                54,
                55,
                36,
                37,
                38,
                39,
                40,
                45,
                46,
                43,
                44,
                41,
                42
            ],
            "name": "AlakazamF-mesh-skin"
        }
    ],
    "accessors": [
        {
            "bufferView": 0,
            "byteOffset": 0,
            "componentType": 5123,
            "count": 14706,
            "max": [
                3334
            ],
            "min": [
                0
            ],
            "type": "SCALAR"
        },
        {
            "bufferView": 1,
            "byteOffset": 0,
            "componentType": 5123,
            "count": 3335,
            "max": [
                52,
                52,
                52,
                0
            ],
            "min": [
                0,
                0,
                0,
                0
            ],
            "type": "VEC4"
        },
        {
            "bufferView": 2,
            "byteOffset": 0,
            "componentType": 5126,
            "count": 3335,
            "max": [
                0.9980459809303284,
                0.9996999502182008,
                1.0
            ],
            "min": [
                -0.9980459809303284,
                -0.9999899864196776,
                -1.0
            ],
            "type": "VEC3"
        },
        {
            "bufferView": 2,
            "byteOffset": 40020,
            "componentType": 5126,
            "count": 3335,
            "max": [
                1.91590416431427,
                0.5720029473304749,
                3.811092615127563
            ],
            "min": [
                -1.91590416431427,
                -1.3330682516098025,
                -2.5400000325248585e-8
            ],
            "type": "VEC3"
        },
        {
            "bufferView": 1,
            "byteOffset": 26680,
            "componentType": 5126,
            "count": 3335,
            "max": [
                1.0,
                0.9943230152130128
            ],
            "min": [
                0.0,
                0.005406022071838379
            ],
            "type": "VEC2"
        },
