{
    "asset": {
        "generator": "COLLADA2GLTF",
        "version": "2.0"
    },
    "scenes": [
        {
            "nodes": [
                0
            ]
        }
    ],
    "scene": 0,
    "nodes": [
        {
            "children": [
                11,
                1
            ],
            "matrix": [
                1.0,
                0.0,
                0.0,
                0.0,
                0.0,
                0.0,
                -1.0,
                0.0,
                0.0,
                1.0,
                0.0,
                0.0,
                0.0,
                0.0,
                0.0,
                1.0
            ],
            "name": "Z_UP"
        },
        {
            "mesh": 0,
            "skin": 0,
            "name": "VenusaurF"
        },
        {
            "children": [
                7,
                3
            ],
            "matrix": [
                -0.99406099319458,
                -0.000009648827472119592,
                -0.1088242009282112,
                0.0,
                0.000269035721430555,
                -0.9999971389770508,
                -0.0023688585497438909,
                0.0,
                -0.10882386565208437,
                -0.002384067513048649,
                0.9940581917762756,
                0.0,
                0.0,
                0.0,
                0.0,
                1.0
            ],
            "name": "Hips"
        },
        {
            "children": [
                4
            ],
            "matrix": [
                -0.7674109935760498,
                0.6337391138076782,
                -0.09723729640245438,
                0.0,
                0.6355664134025574,
                0.7719032168388367,
                0.014856401830911637,
                0.0,
                0.08447286486625672,
                -0.05039979889988899,
                -0.9951503276824952,
                0.0,
                1.1622124910354617,
                1.4767534732818604,
                0.3960469365119934,
                1.0
            ],
            "name": "LThigh"
        },
        {
            "children": [
                5
            ],
            "matrix": [
                -0.5598292946815491,
                0.0,
                -0.828607976436615,
                0.0,
                0.0,
                1.0,
                0.0,
                0.0,
                0.828607976436615,
                0.0,
                -0.5598292946815491,
                0.0,
                1.2308814525604249,
                0.0,
                0.0,
                1.0
            ],
            "name": "LLeg"
        },
        {
            "children": [
                6
            ],
            "matrix": [
                -0.475291907787323,
                0.002568586962297559,
                0.8798243999481201,
                0.0,
                -0.010231077671051026,
                0.9999119639396668,
                -0.00844612717628479,
                0.0,
                -0.8797686696052551,
                -0.013015927746891976,
                -0.4752237796783447,
                0.0,
                1.1666117906570437,
                -3.8099997823337619e-7,
                2.5400000325248585e-8,
                1.0
            ],
            "name": "LFoot"
        },
        {
            "matrix": [
                1.0,
                0.0,
                0.0,
                0.0,
                0.0,
                1.0,
                0.0,
                0.0,
                0.0,
                0.0,
                1.0,
                0.0,
                0.3682898283004761,
                0.0,
                -0.13340942561626438,
                1.0
            ],
            "name": "LToe"
        },
        {
            "children": [
                8
            ],
            "matrix": [
                -0.7674131393432617,
                -0.6332669854164124,
                -0.10024949163198473,
                0.0,
                -0.6355640292167664,
                0.7719671726226807,
                -0.01118334848433733,
                0.0,
                0.08447135984897614,
                0.05513272061944008,
                -0.9948994517326356,
                0.0,
                1.1622124910354617,
                -1.4767534732818604,
                0.3960469365119934,
                1.0
            ],
            "name": "RThigh"
        },
        {
            "children": [
                9
            ],
            "matrix": [
                -0.5598292946815491,
                0.0,
                -0.828607976436615,
                0.0,
                0.0,
                1.0,
                0.0,
                0.0,
                0.828607976436615,
                0.0,
                -0.5598292946815491,
                0.0,
                1.2308814525604249,
                -3.8099997823337619e-7,
                0.000001142999963121838,
                1.0
            ],
            "name": "RLeg"
        },
        {
            "children": [
                10
            ],
            "matrix": [
                -0.47527652978897097,
                -0.0025586714036762716,
                0.8798327445983887,
                0.0,
                0.010235834866762162,
                0.9999120235443116,
                0.008437169715762139,
                0.0,
                -0.8797769546508789,
                0.013015812262892725,
                -0.4752085208892822,
                0.0,
                1.1666117906570437,
                -0.0000025145998279185739,
                0.00000828039992484264,
                1.0
            ],
            "name": "RFoot"
        },
        {
            "matrix": [
                1.0,
                0.0,
                0.0,
                0.0,
                0.0,
                1.0,
                0.0,
                0.0,
                0.0,
                0.0,
                1.0,
                0.0,
                0.36829236149787905,
                -5.588000249190372e-7,
                -0.1334068924188614,
                1.0
            ],
            "name": "RToe"
        },
        {
            "children": [
                12
            ],
            "matrix": [
                1.0,
                0.0,
                0.0,
                0.0,
                0.0,
                4.4896641959724089e-11,
                1.0,
                0.0,
                0.0,
                -1.0,
                4.4896641959724089e-11,
                0.0,
                0.0,
                0.0,
                0.0,
                1.0
            ],
            "name": "pm0003_00_fushigibana"
        },
        {
            "children": [
                13
            ],
            "name": "Origin"
        },
        {
            "children": [
                14,
                2
            ],
            "matrix": [
                -0.000001487314079895441,
                0.10882893949747086,
                0.994060516357422,
                0.0,
                -1.0,
                -0.0000047402604650415018,
                -9.772409157449149e-7,
                0.0,
                0.0000046057534746069,
                -0.994060516357422,
                0.10882893949747086,
                0.0,
                0.0,
                1.545429825782776,
                -0.6084570288658142,
                1.0
            ],
            "name": "Waist"
        },
        {
            "children": [
                34,
                15
            ],
            "name": "Spine1"
        },
        {
            "children": [
                29,
                24,
                16
            ],
            "matrix": [
                1.0,
                0.0,
                0.0,
                0.0,
                0.0,
                1.0,
                0.0,
                0.0,
                0.0,
                0.0,
                1.0,
                0.0,
                0.7250531315803528,
                -1.0160000130099435e-7,
                1.7780000405309696e-7,
                1.0
            ],
            "name": "Spine2"
        },
        {
            "children": [
                17
            ],
            "matrix": [
                0.995107352733612,
                -4.797951547175217e-8,
                0.09879941493272782,
                0.0,
                -2.455783487675945e-7,
                1.0,
                0.000002959089670184767,
                0.0,
                -0.09879941493272782,
                -0.000002968874923681142,
                0.995107352733612,
                0.0,
                0.6760387420654297,
                -5.0800000650497177e-8,
                2.794000124595186e-7,
                1.0
            ],
            "name": "Neck1"
        },
        {
            "children": [
                18
            ],
            "matrix": [
                1.0,
                0.0,
                0.0,
                0.0,
                0.0,
                1.0,
                0.0,
                0.0,
                0.0,
                0.0,
                1.0,
                0.0,
                0.5048148036003113,
                -0.0,
                0.0,
                1.0
            ],
            "name": "Neck2"
        },
        {
            "children": [
                21,
                20,
                19
            ],
            "matrix": [
                0.9999491572380066,
                -0.000002852695843102993,
                0.010083972476422789,
                0.0,
                0.000002915336381192901,
                1.0,
                -0.000006197185484779766,
                0.0,
                -0.010083972476422789,
                0.000006226268396858359,
                0.9999491572380066,
                0.0,
                0.3476167619228363,
                5.0800000650497177e-8,
                3.8099997823337619e-7,
                1.0
            ],
            "name": "Head"
        },
        {
            "matrix": [
                -0.381455659866333,
                -0.6921758055686951,
                -0.6126860976219177,
                0.0,
                0.000003554940121830441,
                0.6628013849258423,
                -0.748795211315155,
                0.0,
                0.9243871569633484,
                -0.2856343686580658,
                -0.2528268992900849,
                0.0,
                0.27630627155303957,
                -0.8955786824226379,
                -0.617951512336731,
                1.0
            ],
            "name": "LEar"
        },
        {
            "matrix": [
                -0.3814564347267151,
                0.6921781301498413,
                -0.6126829385757446,
                0.0,
                -0.000009993054845836014,
                0.6627962589263916,
                0.7487998008728027,
                0.0,
                0.9243867993354796,
                0.2856406271457672,
                -0.2528209686279297,
                0.0,
                0.27630627155303957,
                0.8955786824226379,
                -0.617951512336731,
                1.0
            ],
            "name": "REar"
        },
        {
            "children": [
                23,
                22
            ],
            "matrix": [
                0.8156055808067322,
                -2.7264796323422936e-11,
                0.5786082744598389,
                0.0,
                2.7264796323422936e-11,
                -1.0,
                -8.555376546093285e-11,
                0.0,
                0.5786082744598389,
                8.555376546093285e-11,
                -0.8156055808067322,
                0.0,
                0.31042608618736269,
                2.5400000325248585e-8,
                0.0845169723033905,
                1.0
            ],
            "name": "Jaw"
        },
        {
            "matrix": [
                -0.11915457248687744,
                -0.020343124866485597,
                0.992667317390442,
                0.0,
                0.013392241671681404,
                -0.9997320771217346,
                -0.018880371004343034,
                0.0,
                0.992785394191742,
                0.011044356971979142,
                0.11939508467912674,
                0.0,
                1.1854941844940186,
                -0.834095299243927,
                0.024297945201396947,
                1.0
            ],
            "name": "RJaw"
        },
        {
            "matrix": [
                -0.11918554455041886,
                0.020340843126177789,
                0.9926636219024658,
                0.0,
                -0.013395387679338456,
                -0.9997320771217346,
                0.01887734979391098,
                0.0,
                0.9927816390991212,
                -0.011047206819057465,
                0.11942608654499054,
                0.0,
                1.1855016946792605,
                0.834095299243927,
                0.02430335432291031,
                1.0
            ],
            "name": "LJaw"
        },
        {
            "children": [
                25
            ],
            "matrix": [
                -0.007937595248222351,
                0.992947518825531,
                0.11828894168138504,
                0.0,
                -0.9941115975379944,
                0.004948580637574196,
                -0.10824795812368392,
                0.0,
                -0.10806990414857865,
                -0.11845163255929948,
                0.987061321735382,
                0.0,
                0.3168142139911652,
                0.8701379895210266,
                -0.38420039415359499,
                1.0
            ],
            "name": "RShoulder"
        },
        {
            "children": [
                26
            ],
            "matrix": [
                0.4294254183769226,
                -0.12010914832353592,
                0.8950796723365784,
                0.0,
                -0.4620674550533295,
                0.8223435282707214,
                0.3320313394069672,
                0.0,
                -0.7759429812431336,
                -0.556169867515564,
                0.2976366877555847,
                0.0,
                0.7026122212409973,
                8.38199980535137e-7,
                9.652000017013052e-7,
                1.0
            ],
            "name": "RArm"
        },
        {
            "children": [
                27
            ],
            "matrix": [
                0.8723304867744446,
                0.0,
                0.48891663551330569,
                0.0,
                0.0,
                1.0,
                0.0,
                0.0,
                -0.48891663551330569,
                0.0,
                0.8723304867744446,
                0.0,
                0.9968839287757874,
                -1.7780000405309696e-7,
                -7.619999564667523e-7,
                1.0
            ],
            "name": "RForeArm"
        },
        {
            "children": [
                28
            ],
            "matrix": [
                0.36972758173942568,
                -0.8504685163497925,
                0.3741722106933594,
                0.0,
                0.13678626716136933,
                0.44814202189445498,
                0.8834354877471924,
                0.0,
                -0.9190163612365724,
                -0.2754488289356232,
                0.2820228636264801,
                0.0,
                0.7912328243255615,
                -3.8099997823337619e-7,
                5.588000249190372e-7,
                1.0
            ],
            "name": "RHand"
        },
        {
            "matrix": [
                1.0,
                0.0,
                0.0,
                0.0,
                0.0,
                1.0,
                0.0,
                0.0,
                0.0,
                0.0,
                1.0,
                0.0,
                0.31934911012649538,
                3.8099997823337619e-7,
                -0.18227876722812653,
                1.0
            ],
            "name": "RFinger1"
        },
        {
            "children": [
                30
            ],
            "matrix": [
                -0.007937595248222351,
                -0.992947518825531,
                0.11828894168138504,
                0.0,
                0.9941115975379944,
                0.004948580637574196,
                0.10824795812368392,
                0.0,
                -0.10806990414857865,
                0.11845163255929948,
                0.987061321735382,
                0.0,
                0.3168116509914398,
                -0.8701379895210266,
                -0.38420039415359499,
                1.0
            ],
            "name": "LShoulder"
        },
        {
            "children": [
                31
            ],
            "matrix": [
                0.4294254183769226,
                0.12010914832353592,
                0.8950796723365784,
                0.0,
                0.4620674550533295,
                0.8223435282707214,
                -0.3320313394069672,
                0.0,
                -0.7759429812431336,
                0.556169867515564,
                0.2976366877555847,
                0.0,
                0.7026122212409973,
                -2.5400000325248585e-8,
                3.8099997823337619e-7,
                1.0
            ],
            "name": "LArm"
        },
        {
            "children": [
                32
            ],
            "matrix": [
                0.8723304867744446,
                9.778332241694446e-7,
                0.48891663551330569,
                0.0,
                -9.778332241694446e-7,
                1.0,
                -2.553389606418932e-7,
                0.0,
                -0.48891663551330569,
                -2.553389606418932e-7,
                0.8723304867744446,
                0.0,
                0.996881365776062,
                -1.7780000405309696e-7,
                0.0,
                1.0
            ],
            "name": "LForeArm"
        },
        {
            "children": [
                33
            ],
            "matrix": [
                0.36972716450691225,
                0.8504691123962402,
                0.37417125701904299,
                0.0,
                -0.136785164475441,
                0.448140561580658,
                -0.883436381816864,
                0.0,
                -0.919016659259796,
                0.27544936537742617,
                0.2820212841033936,
                0.0,
                0.7912328243255615,
                1.7780000405309696e-7,
                2.794000124595186e-7,
                1.0
            ],
            "name": "LHand"
        },
        {
            "matrix": [
                1.0,
                0.0,
                0.0,
                0.0,
                0.0,
                1.0,
                0.0,
                0.0,
                0.0,
                0.0,
                1.0,
                0.0,
                0.3193516433238983,
                3.8099997823337619e-7,
                -0.1822800487279892,
                1.0
            ],
            "name": "LFinger1"
        },
        {
            "children": [
                57,
                54,
                51,
                38,
                35
            ],
            "matrix": [
                0.10882875323295592,
                0.0,
                -0.994060516357422,
                0.0,
                0.0,
                1.0,
                0.0,
                0.0,
                0.994060516357422,
                0.0,
                0.10882875323295592,
                0.0,
                1.07322359085083,
                0.0,
                -0.8394623398780823,
                1.0
            ],
            "name": "FeelerA1"
        },
        {
            "children": [
                36
            ],
            "matrix": [
                0.256043553352356,
                5.476488013078651e-11,
                -0.966665267944336,
                0.0,
                -5.476488013078651e-11,
                -1.0,
                -7.115914801847367e-11,
                0.0,
                -0.966665267944336,
                7.115914801847367e-11,
                -0.256043553352356,
                0.0,
                0.3065373301506043,
                0.0,
                -0.2769235074520111,
                1.0
            ],
            "name": "FeelerB1"
        },
        {
            "children": [
                37
            ],
            "matrix": [
                0.9933135509490968,
                0.0,
                0.11544790118932724,
                0.0,
                0.0,
                1.0,
                0.0,
                0.0,
                -0.11544790118932724,
                0.0,
                0.9933135509490968,
                0.0,
                0.7901381254196167,
                0.0,
                0.0,
                1.0
            ],
            "name": "FeelerB2"
        },
        {
            "matrix": [
                0.986041247844696,
                -7.07974052716054e-8,
                0.16650113463401798,
                0.0,
                -4.0379967458648027e-7,
                1.0,
                0.0000028165607091068525,
                0.0,
                -0.16650113463401798,
                -0.0000028444781037251234,
                0.986041247844696,
                0.0,
                1.1898070573806766,
                2.5400000325248585e-8,
                0.0,
                1.0
            ],
            "name": "FeelerB3"
        },
        {
            "children": [
                49,
                47,
                45,
                43,
                41,
                39
            ],
            "matrix": [
                1.0,
                0.0,
                0.0,
                0.0,
                0.0,
                1.0,
                0.0,
                0.0,
                0.0,
                0.0,
                1.0,
                0.0,
                0.6958228349685669,
                0.0,
                1.2699999274445873e-7,
                1.0
            ],
            "name": "FeelerA2"
        },
        {
            "children": [
                40
            ],
            "matrix": [
                -0.18249602615833286,
                -0.4901286959648133,
                0.8523315191268921,
                0.0,
                -0.000004041713964397786,
                0.8668899536132813,
                0.4984995722770691,
                0.0,
                -0.983206570148468,
                0.09097074717283248,
                -0.15820594131946565,
                0.0,
                1.0037622451782229,
                -0.20719464123249058,
                0.3566312193870545,
                1.0
            ],
            "name": "LFeelerC1"
        },
        {
            "matrix": [
                0.9366216063499452,
                -0.003073095576837659,
                0.3503291606903076,
                0.0,
                0.0028785306494683029,
                0.9999952912330629,
                0.0010760936420410872,
                0.0,
                -0.3503308296203614,
                5.407134722190676e-7,
                0.9366260170936585,
                0.0,
                1.1431726217269898,
                -3.8099997823337619e-7,
                7.619999564667523e-7,
                1.0
            ],
            "name": "LFeelerC2"
        },
        {
            "children": [
                42
            ],
            "matrix": [
                -0.15616336464881898,
                0.9877312183380128,
                -0.000002210423645010451,
                0.0,
                0.000007074042059684871,
                -0.0000011194516673640465,
                -1.0,
                0.0,
                -0.9877312183380128,
                -0.15616336464881898,
                -0.000006812435003666906,
                0.0,
                0.98459792137146,
                0.3704792857170105,
                0.00128054094966501,
                1.0
            ],
            "name": "RFeelerB1"
        },
        {
            "matrix": [
                0.9274973273277284,
                0.0,
                0.37382972240448,
                0.0,
                0.0,
                1.0,
                0.0,
                0.0,
                -0.37382972240448,
                0.0,
                0.9274973273277284,
                0.0,
                1.1426570415496829,
                2.5400000325248585e-8,
                0.000017424399629817345,
                1.0
            ],
            "name": "RFeelerB2"
        },
        {
            "children": [
                44
            ],
            "matrix": [
                -0.16646122932434086,
                0.49654948711395266,
                -0.8518974184989929,
                0.0,
                -0.000005239474830887048,
                -0.8639517426490784,
                -0.5035746097564697,
                0.0,
                -0.9860479831695556,
                -0.08382118493318558,
                0.14381706714630128,
                0.0,
                1.004917860031128,
                0.20632952451705936,
                -0.35286441445350649,
                1.0
            ],
            "name": "RFeelerD1"
        },
        {
            "matrix": [
                0.9374402165412904,
                0.002997728530317545,
                0.3481334149837494,
                0.0,
                -0.0028100553900003439,
                0.999995529651642,
                -0.0010440138867124916,
                0.0,
                -0.34813496470451357,
                4.263565642759204e-7,
                0.9374444484710692,
                0.0,
                1.1364365816116334,
                -2.5400000325248585e-8,
                0.000007746999472146854,
                1.0
            ],
            "name": "RFeelerD2"
        },
        {
            "children": [
                46
            ],
            "matrix": [
                -0.1664612889289856,
                -0.4965493083000183,
                -0.8518975377082825,
                0.0,
                0.000005040420091972919,
                -0.8639518022537231,
                0.5035744905471802,
                0.0,
                -0.9860479831695556,
                0.0838213637471199,
                0.14381703734397889,
                0.0,
                1.0049153566360474,
                -0.20632952451705936,
                -0.35286441445350649,
                1.0
            ],
            "name": "LFeelerD1"
        },
        {
            "matrix": [
                0.9374402165412904,
                -0.002997888717800379,
                0.3481334149837494,
                0.0,
                0.002810591133311391,
                0.999995529651642,
                0.0010430319234728814,
                0.0,
                -0.34813496470451357,
                6.806040460105578e-7,
                0.9374444484710692,
                0.0,
                1.1364365816116334,
                3.048000110084104e-7,
                3.8099997823337619e-7,
                1.0
            ],
            "name": "LFeelerD2"
        },
        {
            "children": [
                48
            ],
            "matrix": [
                -0.18249602615833286,
                0.4901286959648133,
                0.8523315191268921,
                0.0,
                0.000004041713964397786,
                0.8668899536132813,
                -0.4984995722770691,
                0.0,
                -0.983206570148468,
                -0.09097074717283248,
                -0.15820594131946565,
                0.0,
                1.0037496089935306,
                0.20719464123249058,
                0.3566312193870545,
                1.0
            ],
            "name": "RFeelerC1"
        },
        {
            "matrix": [
                0.9366216063499452,
                0.00307274516671896,
                0.3503291606903076,
                0.0,
                -0.002878180239349604,
                0.9999952912330629,
                -0.0010760303121060134,
                0.0,
                -0.3503308296203614,
                -4.773266368829354e-7,
                0.9366260170936585,
                0.0,
                1.1431701183319092,
                -5.841999950462196e-7,
                -0.000013944599231763278,
                1.0
            ],
            "name": "RFeelerC2"
        },
        {
            "children": [
                50
            ],
            "matrix": [
                -0.15616457164287568,
                -0.9877310395240784,
                -0.0000015013745269243373,
                0.0,
                -0.00000636499180473038,
                -5.136907930136658e-7,
                1.0,
                0.0,
                -0.9877310395240784,
                0.15616457164287568,
                -0.0000062066796999715738,
                0.0,
                0.9845902919769288,
                -0.3704792857170105,
                0.001280033029615879,
                1.0
            ],
            "name": "LFeelerB1"
        },
        {
            "matrix": [
                0.9274973273277284,
                0.0,
                0.37382972240448,
                0.0,
                0.0,
                1.0,
                0.0,
                0.0,
                -0.37382972240448,
                0.0,
                0.9274973273277284,
                0.0,
                1.142654538154602,
                -7.620000275210259e-8,
                0.000001142999963121838,
                1.0
            ],
            "name": "LFeelerB2"
        },
        {
            "children": [
                52
            ],
            "matrix": [
                0.23835645616054536,
                0.9711777567863464,
                -0.000003287353138148319,
                0.0,
                0.000007035071121208603,
                -0.0000051115334827045448,
                -1.0,
                0.0,
                -0.9711777567863464,
                0.23835645616054536,
                -0.000008050671567616519,
                0.0,
                0.2169241160154343,
                0.41403013467788699,
                0.0009427209733985364,
                1.0
            ],
            "name": "RFeelerA1"
        },
        {
            "children": [
                53
            ],
            "matrix": [
                0.9934014081954956,
                -5.2788632132205758e-8,
                0.11468921601772309,
                0.0,
                -5.2788632132205758e-8,
                1.0,
                9.17513773401879e-7,
                0.0,
                -0.11468921601772309,
                -9.17513773401879e-7,
                0.9934014081954956,
                0.0,
                0.7923072576522827,
                0.0,
                0.000001142999963121838,
                1.0
            ],
            "name": "RFeelerA2"
        },
        {
            "matrix": [
                0.9860119819641112,
                0.0,
                0.16667461395263673,
                0.0,
                0.0,
                1.0,
                0.0,
                0.0,
                -0.16667461395263673,
                0.0,
                0.9860119819641112,
                0.0,
                1.1892457008361817,
                -5.0800000650497177e-8,
                -0.00001879599949461408,
                1.0
            ],
            "name": "RFeelerA3"
        },
        {
            "children": [
                55
            ],
            "matrix": [
                0.23835645616054536,
                -0.9711777567863464,
                -0.000003287353138148319,
                0.0,
                -0.000007035071121208603,
                -0.0000051115334827045448,
                1.0,
                0.0,
                -0.9711777567863464,
                -0.23835645616054536,
                -0.000008050671567616519,
                0.0,
                0.21693377196788789,
                -0.41403013467788699,
                0.0009435083484277128,
                1.0
            ],
            "name": "LFeelerA1"
        },
        {
            "children": [
                56
            ],
            "matrix": [
                0.9934014678001404,
                0.0,
                0.11468904465436936,
                0.0,
                0.0,
                1.0,
                0.0,
                0.0,
                -0.11468904465436936,
                0.0,
                0.9934014678001404,
                0.0,
                0.7923097610473633,
                -5.0800000650497177e-8,
                1.7780000405309696e-7,
                1.0
            ],
            "name": "LFeelerA2"
        },
        {
            "matrix": [
                0.9860119819641112,
                0.0,
                0.16667461395263673,
                0.0,
                0.0,
                1.0,
                0.0,
                0.0,
                -0.16667461395263673,
                0.0,
                0.9860119819641112,
                0.0,
                1.189243197441101,
                -7.620000275210259e-8,
                0.0,
                1.0
            ],
            "name": "LFeelerA3"
        },
        {
            "children": [
                58
            ],
            "matrix": [
                0.2622245848178864,
                0.0,
                0.9650068879127502,
                0.0,
                0.0,
                1.0,
                0.0,
                0.0,
                -0.9650068879127502,
                0.0,
                0.2622245848178864,
                0.0,
                0.29195520281791689,
                -2.5400000325248585e-8,
                0.31467804312705996,
                1.0
            ],
            "name": "FeelerC1"
        },
        {
            "children": [
                59
            ],
            "matrix": [
                0.9932808876037598,
                -5.375283862463221e-8,
                0.11572840064764024,
                0.0,
                -5.375283862463221e-8,
                1.0,
                9.25827180253691e-7,
                0.0,
                -0.11572840064764024,
                -9.25827180253691e-7,
                0.9932808876037598,
                0.0,
                0.7893786430358887,
                2.5400000325248585e-8,
                -3.8099997823337619e-7,
                1.0
            ],
            "name": "FeelerC2"
        },
        {
            "matrix": [
                0.9860494136810304,
                6.975285771204655e-8,
                0.16645276546478272,
                0.0,
                6.975285771204655e-8,
                1.0,
                -8.322638223035028e-7,
                0.0,
                -0.16645276546478272,
                8.322638223035028e-7,
                0.9860494136810304,
                0.0,
                1.190002679824829,
                0.0,
                -1.7780000405309696e-7,
                1.0
            ],
            "name": "FeelerC3"
        }
    ],
    "meshes": [
        {
            "primitives": [
                {
                    "attributes": {
                        "JOINTS_0": 1,
                        "NORMAL": 2,
                        "POSITION": 3,
                        "TEXCOORD_0": 4,
                        "WEIGHTS_0": 5
                    },
                    "indices": 0,
                    "mode": 4,
                    "material": 0
                },
                {
                    "attributes": {
                        "JOINTS_0": 7,
                        "NORMAL": 8,
                        "POSITION": 9,
                        "TEXCOORD_0": 10,
                        "WEIGHTS_0": 11
                    },
                    "indices": 6,
                    "mode": 4,
                    "material": 1
                },
                {
                    "attributes": {
                        "JOINTS_0": 13,
                        "NORMAL": 14,
                        "POSITION": 15,
                        "TEXCOORD_0": 16,
                        "WEIGHTS_0": 17
                    },
                    "indices": 12,
                    "mode": 4,
                    "material": 2
                },
                {
                    "attributes": {
                        "JOINTS_0": 19,
                        "NORMAL": 20,
                        "POSITION": 21,
                        "TEXCOORD_0": 22,
                        "WEIGHTS_0": 23
                    },
                    "indices": 18,
                    "mode": 4,
                    "material": 3
                }
            ],
            "name": "VenusaurF"
        }
    ],
    "skins": [
        {
            "inverseBindMatrices": 24,
            "skeleton": 2,
            "joints": [
                2,
                3,
                4,
                5,
                6,
                7,
                8,
                9,
                10,
                14,
                34,
                38,
                49,
                50,
                39,
                40,
                45,
                46,
                41,
                42,
                47,
                48,
                43,
                44,
                35,
                36,
                37,
                57,
                58,
                59,
                54,
                55,
                56,
                51,
                52,
                53,
                15,
                29,
                30,
                31,
                32,
                33,
                16,
                17,
                18,
                21,
                23,
                22,
                19,
                20,
                24,
                25,
                26,
                27,
                28
            ],
            "name": "VenusaurF-mesh-skin"
        }
    ],
    "accessors": [
        {
            "bufferView": 0,
            "byteOffset": 0,
            "componentType": 5123,
            "count": 5664,
            "max": [
                1271
            ],
            "min": [
                0
            ],
            "type": "SCALAR"
        },
        {
            "bufferView": 1,
            "byteOffset": 0,
            "componentType": 5123,
            "count": 1272,
            "max": [
                34,
                35,
                35,
                0
            ],
            "min": [
                9,
                0,
                0,
                0
            ],
            "type": "VEC4"
        },
        {
            "bufferView": 2,
            "byteOffset": 0,
            "componentType": 5126,
            "count": 1272,
            "max": [
                1.0,
                1.0,
                1.0
            ],
            "min": [
                -1.0,
                -1.0,
                -0.999882996082306
            ],
            "type": "VEC3"
        },
        {
            "bufferView": 2,
