{
    "asset": {
        "generator": "COLLADA2GLTF",
        "version": "2.0"
    },
    "scenes": [
        {
            "nodes": [
                0
            ]
        }
    ],
    "scene": 0,
    "nodes": [
        {
            "children": [
                55,
                54,
                53,
                52,
                51,
                50,
                49,
                1
            ],
            "matrix": [
                1.0,
                0.0,
                0.0,
                0.0,
                0.0,
                0.0,
                -1.0,
                0.0,
                0.0,
                1.0,
                0.0,
                0.0,
                0.0,
                0.0,
                0.0,
                1.0
            ],
            "name": "Z_UP"
        },
        {
            "mesh": 0,
            "skin": 0,
            "name": "Mesh_7__Body02_"
        },
        {
            "children": [
                6,
                5,
                4,
                3
            ],
            "matrix": [
                1.0,
                0.0,
                0.0,
                0.0,
                0.0,
                7.549790126404332e-8,
                -1.0,
                0.0,
                0.0,
                1.0,
                7.549790126404332e-8,
                0.0,
                0.0,
                0.0,
                0.0,
                1.0
            ],
            "name": "pm0042_00_golbat"
        },
        {
            "matrix": [
                1.0,
                0.0,
                0.0,
                0.0,
                0.0,
                1.0,
                0.0,
                0.0,
                0.0,
                0.0,
                1.0,
                0.0,
                0.0,
                0.0,
                8.47554014818397e-13,
                1.0
            ],
            "name": "pm0042_00_WingSkin"
        },
        {
            "matrix": [
                1.0,
                0.0,
                0.0,
                0.0,
                0.0,
                1.0,
                0.0,
                0.0,
                0.0,
                0.0,
                1.0,
                0.0,
                0.0,
                0.0,
                8.47554014818397e-13,
                1.0
            ],
            "name": "pm0042_00_BodySkin"
        },
        {
            "matrix": [
                1.0,
                0.0,
                0.0,
                0.0,
                0.0,
                1.0,
                0.0,
                0.0,
                0.0,
                0.0,
                1.0,
                0.0,
                0.0,
                0.0,
                8.47554014818397e-13,
                1.0
            ],
            "name": "pm0042_01_FangSkin"
        },
        {
            "children": [
                7
            ],
            "matrix": [
                1.0,
                -5.184609726672888e-14,
                -6.867230126772483e-7,
                0.0,
                5.184609726672888e-14,
                1.0,
                4.689580429713402e-13,
                0.0,
                6.867230126772483e-7,
                -4.689580429713402e-13,
                1.0,
                0.0,
                0.0,
                0.0,
                8.47554014818397e-13,
                1.0
            ],
            "name": "Origin"
        },
        {
            "children": [
                35,
                8
            ],
            "matrix": [
                -7.589649726469361e-7,
                1.0,
                -0.000003099439936704585,
                0.0,
                -1.0,
                -7.589670190100151e-7,
                -6.867230126772483e-7,
                0.0,
                -6.867250021969085e-7,
                0.000003099439936704585,
                0.9999999403953552,
                0.0,
                0.0,
                36.07539749145508,
                6.194049721915118e-14,
                1.0
            ],
            "name": "Waist"
        },
        {
            "children": [
                29,
                19,
                9
            ],
            "matrix": [
                1.0,
                0.0,
                2.273740007038838e-13,
                0.0,
                0.0,
                1.0,
                0.0,
                0.0,
                -4.547470256258124e-13,
                0.0,
                1.0,
                0.0,
                0.0,
                -3.63798010813432e-12,
                7.27596021626864e-12,
                1.0
            ],
            "name": "Spine"
        },
        {
            "children": [
                10
            ],
            "matrix": [
                -0.09921792149543762,
                -0.06694889068603516,
                -0.99281108379364,
                0.0,
                0.18819250166416169,
                0.9784653186798096,
                -0.08478879183530808,
                0.0,
                0.97710782289505,
                -0.19525210559368137,
                -0.08448202908039093,
                0.0,
                37.361480712890628,
                1.4665099382400513,
                6.257585048675537,
                1.0
            ],
            "name": "RShoulder"
        },
        {
            "children": [
                11
            ],
            "matrix": [
                0.9928122162818908,
                0.08478047698736191,
                0.08447598665952683,
                0.0,
                -0.09785199165344238,
                0.9814178347587586,
                0.1650639921426773,
                0.0,
                -0.06891173124313355,
                -0.17214110493659974,
                0.9826583862304688,
                0.0,
                -0.0000028610199933609698,
                31.37455940246582,
                0.00009155269799521192,
                1.0
            ],
            "name": "RArm"
        },
        {
            "children": [
                12
            ],
            "matrix": [
                1.0,
                0.0000012829899560529157,
                0.000013368499821808657,
                0.0,
                -0.000011473300219222438,
                0.6003124117851257,
                0.7997655868530273,
                0.0,
                -0.000006991149803070584,
                -0.7997658252716065,
                0.6003124117851257,
                0.0,
                -2.38419005427204e-7,
                24.600608825683599,
                0.000003814699994109105,
                1.0
            ],
            "name": "RForeArm"
        },
        {
            "children": [
                18,
                15,
                13
            ],
            "matrix": [
                -0.3489048182964325,
                -0.9005991220474243,
                -0.2592044174671173,
                0.0,
                0.000010492800356587397,
                -0.2765895128250122,
                0.9609884023666382,
                0.0,
                -0.9371582865715028,
                0.3352906107902527,
                0.09651277959346773,
                0.0,
                -7.152560215217818e-7,
                52.97482681274414,
                -0.0000019073499970545528,
                1.0
            ],
            "name": "RHand"
        },
        {
            "children": [
                14
            ],
            "matrix": [
                -0.34890440106391909,
                -6.872959943393653e-7,
                -0.937158226966858,
                0.0,
                0.3967811167240143,
                -0.90594881772995,
                -0.14772120118141178,
                0.0,
                -0.8490175008773804,
                -0.4233873188495636,
                0.3160896897315979,
                0.0,
                -0.0002288819960085675,
                0.0003204349777661264,
                0.00016021699411794543,
                1.0
            ],
            "name": "RFingerB"
        },
        {
            "matrix": [
                0.42338600754737856,
                0.820743978023529,
                0.3835667073726654,
                0.0,
                -0.0000013403299590208917,
                0.4233873188495636,
                -0.9059489369392396,
                0.0,
                -0.9059494137763976,
                0.3835655152797699,
                0.17925730347633365,
                0.0,
                2.38419005427204e-7,
                100.4198989868164,
                -0.00001525879997643642,
                1.0
            ],
            "name": "EndRFingerB"
        },
        {
            "children": [
                16
            ],
            "matrix": [
                -0.3488897979259491,
                -0.00001011970016406849,
                -0.9371635913848876,
                0.0,
                -0.4523462057113648,
                -0.8757972121238709,
                0.16841000318527225,
                0.0,
                -0.8207675218582153,
                0.48267921805381777,
                0.30555209517478945,
                0.0,
                0.000045776399929309267,
                0.0007324219914153218,
                -0.00005340580173651688,
                1.0
            ],
            "name": "RFingerA1"
        },
        {
            "children": [
                17
            ],
            "matrix": [
                0.9999999403953552,
                -0.0000022707899915985765,
                0.000016049600162659773,
                0.0,
                0.000006158109954412794,
                0.9691107869148254,
                -0.24662630259990693,
                0.0,
                -0.000014993100194260478,
                0.24662640690803529,
                0.9691104888916016,
                0.0,
                0.0,
                56.157466888427737,
                -0.000007629389983776491,
                1.0
            ],
            "name": "RFingerA2"
        },
        {
            "matrix": [
                -0.2517729103565216,
                0.9366099238395692,
                -0.2436639964580536,
                0.0,
                0.0000012361699646135094,
                -0.251774400472641,
                -0.9677861332893372,
                0.0,
                -0.9677863121032716,
                -0.24366259574890138,
                0.06338883936405182,
                0.0,
                0.0,
                115.7340087890625,
                0.0,
                1.0
            ],
            "name": "EndRFingerA2"
        },
        {
            "matrix": [
                0.6165044903755188,
                -0.7044315338134766,
                -0.3517079949378968,
                0.0,
                0.6963105797767639,
                0.6963105797767639,
                -0.17407770454883576,
                0.0,
                0.3675239086151123,
                -0.13757839798927308,
                0.9197818040847778,
                0.0,
                85.03435516357422,
                -33.781028747558597,
                -31.65812873840332,
                1.0
            ],
            "name": "EndRHand"
        },
        {
            "children": [
                20
            ],
            "matrix": [
                0.0673060417175293,
                0.09897959232330322,
                -0.9928107261657716,
                0.0,
                0.1882006973028183,
                -0.9784638285636902,
                -0.08479049056768418,
                0.0,
                -0.9798216223716736,
                -0.1811407953500748,
                -0.08448448777198792,
                0.0,
                37.36151885986328,
                -1.4662330150604249,
                6.257621765136719,
                1.0
            ],
            "name": "LShoulder"
        },
        {
            "children": [
                21
            ],
            "matrix": [
                0.9928123354911804,
                0.08478017896413803,
                0.08447472006082535,
                0.0,
                -0.06855790317058563,
                0.981417715549469,
                -0.17922210693359376,
                0.0,
                -0.09809892624616625,
                0.17214089632034305,
                0.980174720287323,
                0.0,
                0.0000050067901611328129,
                31.374528884887697,
                -0.00005340580173651688,
                1.0
            ],
            "name": "LArm"
        },
        {
            "children": [
                22
            ],
            "matrix": [
                1.0,
                0.00001490439990448067,
                0.000015029299902380444,
                0.0,
                0.00000307118989439914,
                0.6002970933914185,
                -0.7997769117355347,
                0.0,
                -0.000020951099941157737,
                0.7997769713401794,
                0.6002970933914185,
                0.0,
                -7.152560215217818e-7,
                24.600719451904298,
                -0.000007629389983776491,
                1.0
            ],
            "name": "LForeArm"
        },
        {
            "children": [
                28,
                25,
                23
            ],
            "matrix": [
                0.3489134907722473,
                -0.9006022810935974,
                0.2591812014579773,
                0.0,
                0.000007102629751898348,
                0.2765640914440155,
                0.960995316505432,
                0.0,
                -0.9371548891067504,
                -0.3353025019168854,
                0.0965033769607544,
                0.0,
                0.0,
                52.975486755371097,
                0.0,
                1.0
            ],
            "name": "LHand"
        },
        {
            "children": [
                24
            ],
            "matrix": [
                0.34891119599342348,
                -5.987070039736864e-7,
                -0.9371557235717772,
                0.0,
                0.39677149057388308,
                0.9059532284736632,
                0.14772090315818788,
                0.0,
                0.8490191102027893,
                -0.4233779013156891,
                0.3160974085330963,
                0.0,
                0.0009002689621411264,
                -0.000022888199964654633,
                0.0004234309890307486,
                1.0
            ],
            "name": "LFingerB"
        },
        {
            "matrix": [
                -0.4233799874782562,
                0.8207504153251648,
                -0.3835597038269043,
                0.0,
                -9.536649940855568e-7,
                -0.42337799072265627,
                -0.9059529304504396,
                0.0,
                -0.9059522151947022,
                -0.3835621178150177,
                0.17925050854682926,
                0.0,
                -7.152560215217818e-7,
                100.42100524902344,
                0.0,
                1.0
            ],
            "name": "EndLFingerB"
        },
        {
            "children": [
                26
            ],
            "matrix": [
                0.3489029109477997,
                -0.000003706529923874769,
                -0.9371588230133056,
                0.0,
                -0.45233041048049929,
                0.8758065104484558,
                -0.16840539872646333,
                0.0,
                0.8207703828811646,
                0.4826626181602478,
                0.30556970834732058,
                0.0,
                0.0002746579993981868,
                0.0004272459773346782,
                0.0002403259859420359,
                1.0
            ],
            "name": "LFingerA1"
        },
        {
            "children": [
                27
            ],
            "matrix": [
                1.0,
                -2.2698300483625648e-7,
                0.000008147570042638108,
                0.0,
                -0.0000017890199615067104,
                0.9691166877746582,
                0.2466031014919281,
                0.0,
                -0.00000795085998106515,
                -0.2466033101081848,
                0.969116508960724,
                0.0,
                0.0,
                56.15713882446289,
                -0.00001525879997643642,
                1.0
            ],
            "name": "LFingerA2"
        },
        {
            "matrix": [
                0.2517803907394409,
                0.9366068840026856,
                0.2436686009168625,
                0.0,
                4.921939762425609e-7,
                0.2517797946929932,
                -0.967784583568573,
                0.0,
                -0.9677845239639282,
                0.2436693012714386,
                0.0633927509188652,
                0.0,
                -2.38419005427204e-7,
                115.73410034179688,
                0.0,
                1.0
            ],
            "name": "EndLFingerA2"
        },
        {
            "matrix": [
                0.9095101356506348,
                2.7720400197495114e-8,
                0.4156816899776459,
                0.0,
                1.5078100545906637e-7,
                0.9999999403953552,
                5.298939953490845e-8,
                0.0,
                -0.4156818091869354,
                -2.1749599454778946e-8,
                0.9095101356506348,
                0.0,
                85.03463745117188,
                33.781978607177737,
                31.659059524536138,
                1.0
            ],
            "name": "EndLHand"
        },
        {
            "children": [
                34,
                32,
                30
            ],
            "matrix": [
                1.0,
                0.0,
                -2.273740007038838e-13,
                0.0,
                0.0,
                1.0,
                0.0,
                0.0,
                -2.273740007038838e-13,
                0.0,
                1.0,
                0.0,
                41.01689910888672,
                0.00012614700244739652,
                0.00012403300206642598,
                1.0
            ],
            "name": "Head"
        },
        {
            "children": [
                31
            ],
            "matrix": [
                0.2771210968494416,
                -0.20375600457191468,
                -0.9389821290969848,
                0.0,
                0.9555090069770812,
                0.16119539737701417,
                0.24701979756355289,
                0.0,
                0.10102780163288117,
                -0.9656600952148438,
                0.23936130106449128,
                0.0,
                34.59165954589844,
                14.244139671325684,
                6.970551013946533,
                1.0
            ],
            "name": "REar"
        },
        {
            "matrix": [
                0.1988243013620377,
                0.9726108312606812,
                0.12040330469608308,
                0.0,
                -0.20375549793243409,
                0.16119599342346192,
                -0.9656603336334229,
                0.0,
                -0.9586201310157776,
                0.16746380925178529,
                0.23022450506687165,
                0.0,
                -0.0000019073499970545528,
                9.851875305175782,
                -4.768369876728684e-7,
                1.0
            ],
            "name": "EndREar"
        },
        {
            "children": [
                33
            ],
            "matrix": [
                0.19494040310382844,
                -0.2833920121192932,
                -0.9389821290969848,
                0.0,
                0.9555097222328186,
                -0.16118989884853364,
                0.24702009558677674,
                0.0,
                -0.22135800123214725,
                -0.9453608393669128,
                0.23936140537261964,
                0.0,
                34.59162902832031,
                -14.243709564208985,
                6.9706010818481449,
                1.0
            ],
            "name": "LEar"
        },
        {
            "matrix": [
                -0.2018121033906937,
                0.9737226366996764,
                -0.1055283024907112,
                0.0,
                -0.28339171409606936,
                -0.16118940711021424,
                -0.9453608393669128,
                0.0,
                -0.93752920627594,
                -0.1608797013759613,
                0.3084751069545746,
                0.0,
                0.0,
                9.852149963378908,
                -0.0000019073499970545528,
                1.0
            ],
            "name": "EndLEar"
        },
        {
            "matrix": [
                0.9999999403953552,
                0.0,
                0.0,
                0.0,
                5.684339853201729e-14,
                1.0,
                0.0,
                0.0,
                -2.273740007038838e-13,
                0.0,
                1.0,
                0.0,
                38.63969039916992,
                0.00011883599654538556,
                0.00011684399942168966,
                1.0
            ],
            "name": "EndHead"
        },
        {
            "children": [
                48,
                42,
                36
            ],
            "matrix": [
                -1.0,
                0.0,
                -0.000009059909643838182,
                0.0,
                0.0,
                -1.0,
                -6.840040144527604e-13,
                0.0,
                -0.000009059909643838182,
                -6.840040144527604e-13,
                1.0,
                0.0,
                0.0,
                0.000011226200513192453,
                7.27596021626864e-12,
                1.0
            ],
            "name": "Hips"
        },
        {
            "children": [
                37
            ],
            "matrix": [
                0.000014814399946772028,
                0.000003157070068482426,
                -1.0,
                0.0,
                0.3198712170124054,
                -0.9474608898162842,
                0.0000017285300373259816,
                0.0,
                -0.9474610090255736,
                -0.3198712170124054,
                -0.000015047599845274818,
                0.0,
                12.472859382629397,
                -24.399898529052736,
                6.000089645385742,
                1.0
            ],
            "name": "RThigh"
        },
        {
            "children": [
                38
            ],
            "matrix": [
                1.0,
                0.000006106100045144558,
                0.000012673900528170634,
                0.0,
                0.0000030876699383952657,
                0.7838144898414612,
                -0.6209949254989624,
                0.0,
                -0.000013725999451708049,
                0.6209948062896729,
                0.7838144898414612,
                0.0,
                0.0,
                14.582429885864258,
                0.0,
                1.0
            ],
            "name": "RLeg"
        },
        {
            "children": [
                41,
                39
            ],
            "matrix": [
                0.000006759939878975274,
                0.5439981818199158,
                0.8390864133834839,
                0.0,
                -1.0,
                0.0000027331100227456779,
                0.000006270100129768252,
                0.0,
                0.000001118169961955573,
                -0.8390864133834839,
                0.5439981818199158,
                0.0,
                0.0,
                12.391960144042969,
                -0.000003814699994109105,
                1.0
            ],
            "name": "RFoot"
        },
        {
            "children": [
                40
            ],
            "matrix": [
                -0.000001116589942284918,
                -1.0,
                -7.22107955652973e-8,
                0.0,
                1.0,
                -0.000001111410028897808,
                -9.603900252841413e-8,
                0.0,
                8.113689631272791e-8,
                -7.221090214670768e-8,
                1.0,
                0.0,
                7.06280517578125,
                0.000004291529876354616,
                -3.723871946334839,
                1.0
            ],
            "name": "RToe"
        },
        {
            "matrix": [
                -9.886559837468668e-7,
                1.0,
                1.3957600231151449e-7,
                0.0,
                -1.0,
                -9.973859960155096e-7,
                9.114679500044076e-8,
                0.0,
                9.114700105783413e-8,
                -1.38757997092398e-7,
                1.0,
                0.0,
                4.768369876728684e-7,
                11.753910064697266,
                -4.768369876728684e-7,
                1.0
            ],
            "name": "EndRToe"
        },
        {
            "matrix": [
                1.0,
                5.180210038702171e-9,
                4.271850073678252e-8,
                0.0,
                -7.591749630201164e-15,
                1.0,
                -1.421089876091526e-14,
                0.0,
                -5.7620599847041379e-8,
                2.8421699266008645e-14,
                1.0,
                0.0,
                11.754009246826172,
                -0.000011444099982327316,
                -0.000012397799764585216,
                1.0
            ],
            "name": "EndRFoot"
        },
        {
            "children": [
                43
            ],
            "matrix": [
                0.5742775797843933,
                -0.1938830018043518,
                0.7953709363937378,
                0.0,
                0.3198705017566681,
                0.9474613070487976,
                0.000002732819893935812,
                0.0,
                -0.7535836100578308,
                0.2544141113758087,
                0.6061232089996338,
                0.0,
                12.472389221191408,
                24.400049209594728,
                6.000089645385742,
                1.0
            ],
            "name": "LThigh"
        },
        {
            "children": [
                44
            ],
            "matrix": [
                0.109142504632473,
                -0.5669152140617371,
                -0.8165140151977539,
                0.0,
                0.3763942122459412,
                0.7838258147239685,
                -0.49390730261802676,
                0.0,
                0.920008420944214,
                -0.2534247934818268,
                0.2989323139190674,
                0.0,
                0.0,
                14.58253002166748,
                -0.0000019073499970545528,
                1.0
            ],
            "name": "LLeg"
        },
        {
            "children": [
                47,
                45
            ],
            "matrix": [
                -0.7660269737243652,
                0.5440059304237366,
                -0.3424327075481415,
                0.0,
                0.40810370445251467,
                -0.0000010603599776004558,
                -0.9129359126091005,
                0.0,
                -0.4966427981853485,
                -0.8390815258026123,
                -0.22201000154018406,
                0.0,
                -0.000003814699994109105,
                12.392019271850586,
                -0.0000019073499970545528,
                1.0
            ],
            "name": "LFoot"
        },
        {
            "children": [
                46
            ],
            "matrix": [
                0.0000010291699936715304,
                -1.0,
                0.0000139047006086912,
                0.0,
                0.9999999403953552,
                0.0000010291699936715304,
                -6.085340231720694e-8,
                0.0,
                6.083929804390209e-8,
                0.0000139047006086912,
                1.0,
                0.0,
                7.062697887420654,
                -0.000003814699994109105,
                -3.7238609790802,
                1.0
            ],
            "name": "LToe"
        },
        {
            "matrix": [
                9.16521003091475e-7,
                1.0,
                9.433279934967232e-9,
                0.0,
                -1.0,
                9.099629778575036e-7,
                0.000014083499991102144,
                0.0,
                0.000014083499991102144,
                -1.0684299667218513e-8,
                1.0,
                0.0,
                4.768369876728684e-7,
                11.753899574279786,
                -4.768369876728684e-7,
                1.0
            ],
            "name": "EndLToe"
        },
        {
            "matrix": [
                0.9999999403953552,
                -1.213150023146592e-12,
                -5.016950055392044e-8,
                0.0,
                -3.9301800204040458e-14,
                1.0,
                -1.421089876091526e-14,
                0.0,
                5.017000148654916e-8,
                0.0,
                1.0,
                0.0,
                11.753899574279786,
                0.000011920899851247669,
                -0.0000019073499970545528,
                1.0
            ],
            "name": "EndLFoot"
        },
        {
            "matrix": [
                1.0,
                0.0,
                9.0949502703358e-13,
                0.0,
                0.0,
                1.0,
                0.0,
                0.0,
                -9.0949502703358e-13,
                0.0,
                1.0,
                0.0,
                29.684398651123048,
                0.00017586498870514333,
                0.00017917399236466736,
                1.0
            ],
            "name": "EndHips"
        },
        {
            "mesh": 1,
            "skin": 1,
            "name": "Mesh_5__Body03_"
        },
        {
            "mesh": 2,
            "skin": 2,
            "name": "Mesh_6__Body01_"
        },
        {
            "mesh": 3,
            "skin": 3,
            "name": "Mesh_4__Body01_"
        },
        {
            "mesh": 4,
            "skin": 4,
            "name": "Mesh_2__Eye_"
        },
        {
            "mesh": 5,
            "skin": 5,
            "name": "Mesh_3__Body00_"
        },
        {
            "mesh": 6,
            "skin": 6,
            "name": "Mesh_1__Body00_"
        },
        {
            "children": [
                2
            ],
            "matrix": [
                1.0,
                2.2204500197172535e-16,
                -2.2204500197172535e-16,
                0.0,
                0.0,
                -1.0,
                -3.258410004036705e-7,
                0.0,
                -2.2204500197172535e-16,
                3.258410004036705e-7,
                -1.0,
                0.0,
                0.0,
                0.0,
                0.0,
                1.0
            ],
            "name": "Armature"
        }
    ],
    "meshes": [
        {
            "primitives": [
                {
                    "attributes": {
                        "JOINTS_0": 1,
                        "NORMAL": 2,
                        "POSITION": 3,
                        "TEXCOORD_0": 4,
                        "WEIGHTS_0": 5
                    },
                    "indices": 0,
                    "mode": 4,
                    "material": 0
                }
            ],
            "name": "Mesh_7__Body02_"
        },
        {
            "primitives": [
                {
                    "attributes": {
                        "JOINTS_0": 7,
                        "NORMAL": 8,
                        "POSITION": 9,
                        "TEXCOORD_0": 10,
                        "WEIGHTS_0": 11
                    },
                    "indices": 6,
                    "mode": 4,
                    "material": 1
                }
            ],
            "name": "Mesh_5__Body03_"
        },
        {
            "primitives": [
                {
                    "attributes": {
                        "JOINTS_0": 13,
                        "NORMAL": 14,
                        "POSITION": 15,
                        "TEXCOORD_0": 16,
                        "WEIGHTS_0": 17
                    },
                    "indices": 12,
                    "mode": 4,
                    "material": 2
                }
            ],
            "name": "Mesh_6__Body01_"
        },
        {
            "primitives": [
                {
                    "attributes": {
                        "JOINTS_0": 19,
                        "NORMAL": 20,
                        "POSITION": 21,
                        "TEXCOORD_0": 22,
                        "WEIGHTS_0": 23
                    },
                    "indices": 18,
                    "mode": 4,
                    "material": 3
                }
            ],
            "name": "Mesh_4__Body01_"
        },
        {
            "primitives": [
                {
                    "attributes": {
                        "JOINTS_0": 25,
                        "NORMAL": 26,
                        "POSITION": 27,
                        "TEXCOORD_0": 28,
                        "WEIGHTS_0": 29
                    },
                    "indices": 24,
                    "mode": 4,
                    "material": 4
                }
            ],
            "name": "Mesh_2__Eye_"
        },
        {
            "primitives": [
                {
                    "attributes": {
                        "JOINTS_0": 31,
                        "NORMAL": 32,
                        "POSITION": 33,
                        "TEXCOORD_0": 34,
                        "WEIGHTS_0": 35
                    },
                    "indices": 30,
                    "mode": 4,
                    "material": 5
                }
            ],
            "name": "Mesh_3__Body00_"
        },
        {
            "primitives": [
                {
                    "attributes": {
                        "JOINTS_0": 37,
                        "NORMAL": 38,
                        "POSITION": 39,
                        "TEXCOORD_0": 40,
                        "WEIGHTS_0": 41
                    },
                    "indices": 36,
                    "mode": 4,
                    "material": 6
                }
            ],
            "name": "Mesh_1__Body00_"
        }
    ],
    "skins": [
        {
            "inverseBindMatrices": 42,
            "skeleton": 2,
            "joints": [
                2,
                6,
                7,
                35,
                48,
                42,
                43,
                44,
                47,
                45,
                46,
                36,
                37,
                38,
                41,
                39,
                40,
                8,
                29,
                34,
                32,
                33,
                30,
                31,
                19,
                20,
                21,
                22,
                28,
                25,
                26,
                27,
                23,
                24,
                9,
                10,
                11,
                12,
                18,
                15,
                16,
                17,
                13,
                14,
                5,
                4,
                3
            ],
            "name": "Armature"
        },
        {
            "inverseBindMatrices": 43,
            "skeleton": 2,
            "joints": [
                2,
                6,
                7,
                35,
                48,
                42,
                43,
                44,
                47,
                45,
                46,
                36,
                37,
                38,
                41,
                39,
                40,
                8,
                29,
                34,
                32,
                33,
                30,
                31,
                19,
                20,
                21,
                22,
                28,
                25,
                26,
                27,
                23,
                24,
                9,
                10,
                11,
                12,
                18,
                15,
                16,
                17,
                13,
                14,
                5,
                4,
                3
            ],
            "name": "Armature"
        },
        {
            "inverseBindMatrices": 44,
            "skeleton": 2,
            "joints": [
                2,
                6,
                7,
                35,
                48,
                42,
                43,
                44,
                47,
                45,
                46,
                36,
                37,
                38,
                41,
                39,
                40,
                8,
                29,
                34,
                32,
                33,
                30,
                31,
                19,
                20,
                21,
                22,
                28,
                25,
                26,
                27,
                23,
                24,
                9,
                10,
                11,
                12,
                18,
                15,
                16,
                17,
                13,
                14,
                5,
                4,
                3
            ],
            "name": "Armature"
        },
        {
            "inverseBindMatrices": 45,
            "skeleton": 2,
            "joints": [
                2,
                6,
                7,
                35,
                48,
                42,
                43,
                44,
                47,
                45,
                46,
                36,
                37,
                38,
                41,
                39,
                40,
                8,
                29,
                34,
                32,
                33,
                30,
                31,
                19,
                20,
                21,
                22,
                28,
                25,
                26,
                27,
                23,
                24,
                9,
                10,
                11,
                12,
                18,
                15,
                16,
                17,
                13,
                14,
                5,
                4,
                3
            ],
            "name": "Armature"
        },
        {
            "inverseBindMatrices": 46,
            "skeleton": 2,
            "joints": [
                2,
                6,
                7,
                35,
                48,
                42,
                43,
                44,
                47,
                45,
                46,
                36,
                37,
                38,
                41,
