{
    "asset": {
        "generator": "COLLADA2GLTF",
        "version": "2.0"
    },
    "scenes": [
        {
            "nodes": [
                0
            ]
        }
    ],
    "scene": 0,
    "nodes": [
        {
            "children": [
                25,
                1
            ],
            "matrix": [
                1.0,
                0.0,
                0.0,
                0.0,
                0.0,
                0.0,
                -1.0,
                0.0,
                0.0,
                1.0,
                0.0,
                0.0,
                0.0,
                0.0,
                0.0,
                1.0
            ],
            "name": "Z_UP"
        },
        {
            "mesh": 0,
            "skin": 0,
            "name": "Pidgeot"
        },
        {
            "children": [
                15,
                5,
                3
            ],
            "matrix": [
                -0.9721326231956482,
                -0.000008986664397525601,
                0.23443149030208589,
                0.0,
                0.00000846749207994435,
                -1.0,
                -0.000003221151246179943,
                0.0,
                0.23443149030208589,
                -0.000001146339400293073,
                0.9721326231956482,
                0.0,
                0.0,
                0.0,
                0.0,
                1.0
            ],
            "name": "_05_Hips"
        },
        {
            "children": [
                4
            ],
            "matrix": [
                0.9999418258666992,
                2.1828134322277044e-7,
                0.010785861872136593,
                0.0,
                -2.131509546643429e-7,
                1.0,
                -4.768090491324984e-7,
                0.0,
                -0.010785861872136593,
                4.744823058899783e-7,
                0.9999418258666992,
                0.0,
                0.9326523542404176,
                -1.4784756535365928e-12,
                -9.689338043017418e-8,
                1.0
            ],
            "name": "_36_Tail1"
        },
        {
            "matrix": [
                0.9809300303459168,
                -7.250013848818239e-14,
                0.19436120986938477,
                0.0,
                -7.85861402619048e-8,
                1.0,
                3.966201802541036e-7,
                0.0,
                -0.19436120986938477,
                -4.043307342271874e-7,
                0.9809300303459168,
                0.0,
                0.5274612307548523,
                1.4784756535365928e-12,
                0.0,
                1.0
            ],
            "name": "_37_Tail2"
        },
        {
            "children": [
                6
            ],
            "matrix": [
                0.353739857673645,
                -1.686758395180732e-7,
                0.935343861579895,
                0.0,
                3.049953534173256e-7,
                1.0,
                6.4988746828476e-8,
                0.0,
                -0.935343861579895,
                2.6228642013848e-7,
                0.353739857673645,
                0.0,
                0.1646333783864975,
                -0.3164306581020355,
                0.03654361516237259,
                1.0
            ],
            "name": "_21_RThigh"
        },
        {
            "children": [
                7
            ],
            "matrix": [
                0.9831716418266296,
                2.1720312304296386e-7,
                0.1826840788125992,
                0.0,
                -2.2092081053415314e-7,
                1.0,
                -2.586938367514502e-13,
                0.0,
                -0.1826840788125992,
                -4.0358461461664777e-8,
                0.9831716418266296,
                0.0,
                0.6254140138626099,
                4.844669021508708e-8,
                -3.027908519470657e-7,
                1.0
            ],
            "name": "_22_RLeg"
        },
        {
            "children": [
                13,
                11,
                9,
                8
            ],
            "matrix": [
                0.05875564366579056,
                0.000010474577720742673,
                0.99827241897583,
                0.0,
                0.004094412084668875,
                0.9999915957450868,
                -0.000251478748396039,
                0.0,
                -0.9982640147209168,
                0.004102114122360945,
                0.05875510722398758,
                0.0,
                0.43387264013290408,
                -4.844669021508708e-8,
                -1.3020039091315997e-7,
                1.0
            ],
            "name": "_23_RFoot"
        },
        {
            "matrix": [
                -0.9833934903144836,
                0.0007579994271509349,
                -0.18148458003997804,
                0.0,
                -0.000013754535757470876,
                -0.9999915957450868,
                -0.004102094564586878,
                0.0,
                -0.18148615956306456,
                -0.004031476564705372,
                0.98338520526886,
                0.0,
                -0.1248546838760376,
                0.0,
                -0.12205997854471208,
                1.0
            ],
            "name": "_34_RToeD"
        },
        {
            "children": [
                10
            ],
            "matrix": [
                0.8592486381530762,
                -0.5115538239479065,
                -0.00209546834230423,
                0.0,
                0.5115581154823303,
                0.8592414259910584,
                0.003526466665789485,
                0.0,
                -0.000003464261681074277,
                -0.004102065693587065,
                0.9999915957450868,
                0.0,
                0.1934217065572739,
                -0.12929628789424897,
                -0.1220896989107132,
                1.0
            ],
            "name": "_31_RToeC1"
        },
        {
            "matrix": [
                0.999937117099762,
                -0.011214982718229294,
                2.2880110891847218e-13,
                0.0,
                0.011214982718229294,
                0.999937117099762,
                -4.768368171426119e-7,
                0.0,
                5.347487341822443e-9,
                4.7680683223916289e-7,
                1.0,
                0.0,
                0.2341800332069397,
                4.844669092562981e-7,
                0.0,
                1.0
            ],
            "name": "_32_RToeC2"
        },
        {
            "children": [
                12
            ],
            "matrix": [
                1.0,
                0.0,
                0.0,
                0.0,
                0.0,
                1.0,
                0.0,
                0.0,
                0.0,
                0.0,
                1.0,
                0.0,
                0.2562224864959717,
                -7.266990564858135e-8,
                -0.1220896616578102,
                1.0
            ],
            "name": "_28_RToeB1"
        },
        {
            "matrix": [
                1.0,
                0.0,
                0.0,
                0.0,
                0.0,
                1.0,
                0.0,
                0.0,
                0.0,
                0.0,
                1.0,
                0.0,
                0.22307130694389344,
                9.689338043017418e-8,
                6.055842494134822e-9,
                1.0
            ],
            "name": "_29_RToeB2"
        },
        {
            "children": [
                14
            ],
            "matrix": [
                0.8659826517105103,
                0.5000698566436768,
                0.002054212847724557,
                0.0,
                -0.500074028968811,
                0.8659753799438477,
                0.0035505439154803759,
                0.0,
                -0.000003377839220775059,
                -0.00410196790471673,
                0.9999915957450868,
                0.0,
                0.1935439109802246,
                0.1335873156785965,
                -0.12208963930606842,
                1.0
            ],
            "name": "_25_RToeA1"
        },
        {
            "matrix": [
                0.999612033367157,
                0.02785324677824974,
                -4.269508534150875e-14,
                0.0,
                -0.02785324677824974,
                0.999612033367157,
                -4.768370729379967e-7,
                0.0,
                -1.3281418631549969e-8,
                4.766520760313142e-7,
                1.0,
                0.0,
                0.23301605880260468,
                -4.117974867767771e-7,
                0.0,
                1.0
            ],
            "name": "_26_RToeA2"
        },
        {
            "children": [
                16
            ],
            "matrix": [
                0.353739857673645,
                -1.686758395180732e-7,
                0.935343861579895,
                0.0,
                3.049953534173256e-7,
                1.0,
                6.4988746828476e-8,
                0.0,
                -0.935343861579895,
                2.6228642013848e-7,
                0.353739857673645,
                0.0,
                0.1646333485841751,
                0.3164306581020355,
                0.03654351085424423,
                1.0
            ],
            "name": "_06_LThigh"
        },
        {
            "children": [
                17
            ],
            "matrix": [
                0.9831716418266296,
                2.1720312304296386e-7,
                0.1826840788125992,
                0.0,
                -2.2092081053415314e-7,
                1.0,
                -2.586938367514502e-13,
                0.0,
                -0.1826840788125992,
                -4.0358461461664777e-8,
                0.9831716418266296,
                0.0,
                0.6254143118858337,
                4.844669021508708e-8,
                -1.6956327897332813e-7,
                1.0
            ],
            "name": "_07_LLeg"
        },
        {
            "children": [
                23,
                21,
                19,
                18
            ],
            "matrix": [
                0.05875564366579056,
                0.000010474577720742673,
                0.99827241897583,
                0.0,
                0.004094412084668875,
                0.9999915957450868,
                -0.000251478748396039,
                0.0,
                -0.9982640147209168,
                0.004102114122360945,
                0.05875510722398758,
                0.0,
                0.4338700771331787,
                -4.844669021508708e-8,
                -3.0279085905249305e-9,
                1.0
            ],
            "name": "_08_LFoot"
        },
        {
            "matrix": [
                -0.9833934903144836,
                0.0007526541594415903,
                -0.18148453533649445,
                0.0,
                -0.000008491493645124138,
                -0.9999915957450868,
                -0.004101161379367113,
                0.0,
                -0.1814860999584198,
                -0.004031514283269644,
                0.9833852648735046,
                0.0,
                -0.1248549148440361,
                -4.844669021508708e-8,
                -0.12205992639064788,
                1.0
            ],
            "name": "_19_LToeD"
        },
        {
            "children": [
                20
            ],
            "matrix": [
                0.8592595458030701,
                0.5115355849266052,
                0.0021014204248785979,
                0.0,
                -0.511539876461029,
                0.8592523336410523,
                0.00352306617423892,
                0.0,
                -0.000003476826805126621,
                -0.004102188628166914,
                0.9999915957450868,
                0.0,
                0.1934217065572739,
                0.12929590046405793,
                -0.12208987027406693,
                1.0
            ],
            "name": "_16_LToeC1"
        },
        {
            "matrix": [
                0.999937117099762,
                0.011215057224035265,
                1.7052047165781737e-13,
                0.0,
                -0.011215057224035265,
                0.999937117099762,
                1.1304504424561325e-13,
                0.0,
                -1.69241939798441e-13,
                -1.1495033982837633e-13,
                1.0,
                0.0,
                0.234178826212883,
                4.844669021508708e-8,
                0.0,
                1.0
            ],
            "name": "_17_LToeC2"
        },
        {
            "children": [
                22
            ],
            "matrix": [
                1.0,
                0.0,
                0.0,
                0.0,
                0.0,
                1.0,
                0.0,
                0.0,
                0.0,
                0.0,
                1.0,
                0.0,
                0.2562224864959717,
                -9.689338043017418e-8,
                -0.12208987027406693,
                1.0
            ],
            "name": "_13_LToeB1"
        },
        {
            "matrix": [
                1.0,
                0.0,
                0.0,
                0.0,
                0.0,
                1.0,
                0.0,
                0.0,
                0.0,
                0.0,
                1.0,
                0.0,
                0.22307175397872928,
                1.4534006709254758e-7,
                6.055842494134822e-9,
                1.0
            ],
            "name": "_14_LToeB2"
        },
        {
            "children": [
                24
            ],
            "matrix": [
                0.8659719228744507,
                -0.5000884532928467,
                -0.0020482116378843786,
                0.0,
                0.500092625617981,
                0.8659646511077881,
                0.003553976071998477,
                0.0,
                -0.000003623493967097602,
                -0.004101939033716917,
                0.9999915957450868,
                0.0,
                0.19354388117790226,
                -0.1335880160331726,
                -0.12208984792232514,
                1.0
            ],
            "name": "_10_LToeA1"
        },
        {
            "matrix": [
                0.999612033367157,
                -0.0278532300144434,
                -6.986416423160337e-8,
                0.0,
                0.0278532300144434,
                0.999612033367157,
                -3.5712684437298756e-14,
                0.0,
                6.98370570262341e-8,
                -1.9459069910965356e-9,
                1.0,
                0.0,
                0.23301474750041965,
                0.0,
                -1.2111659231095473e-8,
                1.0
            ],
            "name": "_11_LToeA2"
        },
        {
            "children": [
                26
            ],
            "matrix": [
                1.0,
                -0.0,
                0.0,
                0.0,
                0.0,
                4.4896641959724089e-11,
                1.0,
                0.0,
                -0.0,
                -1.0,
                4.4896641959724089e-11,
                0.0,
                0.0,
                0.0,
                0.0,
                1.0
            ],
            "name": "_01_pm0018_00"
        },
        {
            "children": [
                27
            ],
            "name": "_02_Origin"
        },
        {
            "children": [
                2,
                28
            ],
            "matrix": [
                0.000003004907512149657,
                0.000003004906830028631,
                1.0,
                0.0,
                -1.0,
                2.1748112999375738e-7,
                0.000003004906830028631,
                0.0,
                -2.174721061010132e-7,
                -1.0,
                0.000003004907512149657,
                0.0,
                0.0,
                1.3327760696411133,
                0.15332430601119996,
                1.0
            ],
            "name": "_03_Waist"
        },
        {
            "children": [
                29
            ],
            "matrix": [
                0.7761355042457581,
                0.000006923081855347846,
                -0.6305661797523499,
                0.0,
                -0.000006208080776559655,
                1.0,
                0.0000033379049000359379,
                0.0,
                0.6305661797523499,
                0.0000013239395002528909,
                0.7761355042457581,
                0.0,
                0.0,
                0.0,
                0.0,
                1.0
            ],
            "name": "_39_Spine1"
        },
        {
            "children": [
                73,
                69,
                36,
                34,
                30
            ],
            "matrix": [
                0.866246223449707,
                2.069175479846308e-7,
                -0.4996173977851868,
                0.0,
                -1.3755763461631435e-7,
                1.0,
                1.7565194809776589e-7,
                0.0,
                0.4996173977851868,
                -8.34316367104293e-8,
                0.866246223449707,
                0.0,
                0.5216702818870544,
                7.392365257256894e-13,
                9.689338043017418e-8,
                1.0
            ],
            "name": "_40_Spine2"
        },
        {
            "children": [
                31
            ],
            "matrix": [
                -0.12282787263393402,
                0.967538595199585,
                -0.2211253046989441,
                0.0,
                0.7588502168655396,
                0.23517589271068577,
                0.6075002551078796,
                0.0,
                0.6397404074668884,
                -0.09317678958177568,
                -0.7630518674850464,
                0.0,
                0.6234176158905029,
                0.12837696075439454,
                -0.07700276374816895,
                1.0
            ],
            "name": "_92_RShoulder"
        },
        {
            "children": [
                32
            ],
            "matrix": [
                0.9907612800598145,
                0.11118780076503754,
                -0.07928111404180527,
                0.0,
                -0.11137627810239792,
                0.99387389421463,
                0.0020099577959626919,
                0.0,
                0.07900712639093399,
                0.0068375784903764729,
                0.9969269037246704,
                0.0,
                0.3836466670036316,
                5.813602683701902e-7,
                0.0000010658271776264885,
                1.0
            ],
            "name": "_93_RArm"
        },
        {
            "children": [
                33
            ],
            "matrix": [
                0.7298799157142639,
                0.6836837530136108,
                0.011650502681732178,
                0.0,
                -0.6836473941802979,
                0.7299554944038391,
                -0.006718994118273258,
                0.0,
                -0.01309625804424286,
                -0.003060369286686182,
                1.0000444650650025,
                0.0,
                0.6517258882522583,
                5.813602683701902e-7,
                -0.0000011627205367403804,
                1.0
            ],
            "name": "_94_RForeArm"
        },
        {
            "matrix": [
                0.8375406861305237,
                -0.5321799516677856,
                -0.12373369932174684,
                0.0,
                0.5119067430496216,
                0.8434793949127197,
                -0.1627698540687561,
                0.0,
                0.190989688038826,
                0.07298626005649567,
                0.9788748621940612,
                0.0,
                1.2611479759216309,
                0.0000021316518541425468,
                0.000007363891654676991,
                1.0
            ],
            "name": "_95_RHand"
        },
        {
            "children": [
                35
            ],
            "matrix": [
                -0.9631571173667908,
                0.15112048387527469,
                -0.22297731041908265,
                0.0,
                -0.17690856754779817,
                0.2693787515163422,
                0.946730375289917,
                0.0,
                0.203119233250618,
                0.9512197375297546,
                -0.2327006757259369,
                0.0,
                0.6288425326347351,
                0.5140832662582398,
                -0.1515033543109894,
                1.0
            ],
            "name": "_89_RFeeler1"
        },
        {
            "matrix": [
                0.880632221698761,
                -0.443568617105484,
                -0.1665344536304474,
                0.0,
                0.4332728683948517,
                0.8961573243141174,
                -0.0957951471209526,
                0.0,
                0.191732794046402,
                0.012205432169139386,
                0.981371283531189,
                0.0,
                1.0584512948989869,
                9.689337048257585e-7,
                7.751470434413932e-7,
                1.0
            ],
            "name": "_90_RFeeler2"
        },
        {
            "children": [
                37
            ],
            "matrix": [
                0.9928006529808044,
                3.6741868770541487e-13,
                0.11977837234735488,
                0.0,
                -2.6865443203405449e-8,
                1.0,
                2.226751121270354e-7,
                0.0,
                -0.11977837234735488,
                -2.242898915483238e-7,
                0.9928006529808044,
                0.0,
                0.7401381731033325,
                1.1088547614834798e-12,
                9.689338043017418e-8,
                1.0
            ],
            "name": "_49_Neck"
        },
        {
            "children": [
                63,
                62,
                56,
                50,
                44,
                38
            ],
            "matrix": [
                0.978622019290924,
                1.240318852069322e-7,
                -0.20566703379154209,
                0.0,
                -2.2481107464500386e-7,
                1.0,
                -4.666434563205258e-7,
                0.0,
                0.20566703379154209,
                5.029037879467069e-7,
                0.978622019290924,
                0.0,
                0.2432239055633545,
                3.696182628628447e-13,
                1.9378650506496346e-7,
                1.0
            ],
            "name": "_50_Head"
        },
        {
            "children": [
                39
            ],
            "matrix": [
                0.06864198297262192,
                0.21936769783496858,
                -0.973302721977234,
                0.0,
                -0.6180240511894226,
                0.7753053307533264,
                0.1311561018228531,
                0.0,
                0.7833759784698486,
                0.5925197601318359,
                0.1887923628091812,
                0.0,
                0.6434658169746399,
                0.268160492181778,
                0.14883363246917725,
                1.0
            ],
            "name": "_82_RHairB1"
        },
        {
            "children": [
                40
            ],
            "matrix": [
                0.9520350694656372,
                0.012683345936238766,
                -0.3061869442462921,
                0.0,
                -0.013322415761649609,
                0.9999862313270568,
                -5.976930310680473e-7,
                0.0,
                0.3061367869377136,
                0.00407889299094677,
                0.9520481824874878,
                0.0,
                0.3073806166648865,
                -0.0000015502940868827864,
                0.000002519225290598115,
                1.0
            ],
            "name": "_83_RHairB2"
        },
        {
            "children": [
                41
            ],
            "matrix": [
                0.9941089749336244,
                -0.01917539164423943,
                -0.1078225001692772,
                0.0,
                0.01928622275590897,
                0.9998650550842284,
                -0.0000019085389340034459,
                0.0,
                0.10779698193073272,
                -0.0020773119758814579,
                0.9942432045936585,
                0.0,
                0.5754242539405823,
                0.000007557667686342029,
                -0.000008332825018442236,
                1.0
            ],
            "name": "_84_RHairB3"
        },
        {
            "children": [
                42
            ],
            "matrix": [
                0.999588131904602,
                -0.005053868051618338,
                -0.028248967602849008,
                0.0,
                0.005055932328104973,
                0.999987244606018,
                0.0000016454526985398844,
                0.0,
                0.02824859693646431,
                -0.00014446963905356824,
                0.9996009469032288,
                0.0,
                0.534049928188324,
                -0.000011045824976463337,
                0.000010076915714307689,
                1.0
            ],
            "name": "_85_RHairB4"
        },
        {
            "children": [
                43
            ],
            "matrix": [
                0.9967719316482544,
                -0.014438659884035588,
                -0.08066654950380326,
                0.0,
                0.014485000632703305,
                0.9999680519104004,
                7.748993766654166e-7,
                0.0,
                0.08065221458673477,
                -0.0011691750260069969,
                0.9968038201332092,
                0.0,
                0.5888990163803101,
                0.0000015502940868827864,
                -5.813602683701902e-7,
                1.0
            ],
            "name": "_86_RHairB5"
        },
        {
            "matrix": [
                1.0,
                0.0,
                0.0,
                0.0,
                0.0,
                1.0,
                0.0,
                0.0,
                0.0,
                0.0,
                1.0,
                0.0,
                0.5533161163330078,
                0.000014727783309353982,
                -0.000018215938325738536,
                1.0
            ],
            "name": "_87_RHairB6"
        },
        {
            "children": [
                45
            ],
            "matrix": [
                -0.08918201923370362,
                0.2549690008163452,
                -0.9628682732582092,
                0.0,
                -0.8879011273384094,
                0.41802915930747988,
                0.19293321669101716,
                0.0,
                0.45166561007499697,
                0.8720734715461731,
                0.1890925168991089,
                0.0,
                0.5473336577415466,
                0.3607485592365265,
                0.16047827899456025,
                1.0
            ],
            "name": "_75_RHairA1"
        },
        {
            "children": [
                46
            ],
            "matrix": [
                0.9741976857185364,
                0.011775966733694077,
                -0.22599589824676517,
                0.0,
                -0.012087800540030005,
                1.0000019073486329,
                3.283128080511233e-7,
                0.0,
                0.2259625345468521,
                0.002730966778472066,
                0.9741957783699036,
                0.0,
                0.3139236569404602,
                0.000003875734819303034,
                -7.751470434413932e-7,
                1.0
            ],
            "name": "_76_RHairA2"
        },
        {
            "children": [
                47
            ],
            "matrix": [
                0.995061993598938,
                0.005301564931869507,
                -0.09911374747753144,
                0.0,
                -0.00532798795029521,
                0.9999858140945436,
                -0.0000019035862806049409,
                0.0,
                0.09911233186721802,
                0.0005299710319377482,
                0.9950761198997498,
                0.0,
                0.5406696796417236,
                -3.875735217206966e-7,
                0.000001937865135914763,
                1.0
            ],
            "name": "_77_RHairA3"
        },
        {
            "children": [
                48
            ],
            "matrix": [
                0.9991943836212158,
                -0.008156104013323784,
                -0.04240339249372482,
                0.0,
                0.00816305447369814,
                1.0000337362289429,
                0.000002115388269885443,
                0.0,
                0.04239914193749428,
                -0.0003482704341877252,
                0.9991607069969176,
                0.0,
                0.547235369682312,
                -0.000008139048077282496,
                0.0000034881566080002819,
                1.0
            ],
            "name": "_78_RHairA4"
        },
        {
            "children": [
                49
            ],
            "matrix": [
                0.9979445934295654,
                -0.00456445012241602,
                -0.06564997136592865,
                0.0,
                0.004573950543999672,
                1.0000344514846802,
                -9.543174428472412e-7,
                0.0,
                0.06564630568027497,
                -0.0002993352827616036,
                0.9979090690612792,
                0.0,
                0.5838568210601807,
                0.000010270692655467429,
                -0.000004457090199139202,
                1.0
            ],
            "name": "_79_RHairA5"
        },
        {
            "matrix": [
                0.9994717836380004,
                -0.018952714279294019,
                -0.03014839813113213,
                0.0,
                0.01896033436059952,
                0.9998722076416016,
                1.5089261751199957e-7,
                0.0,
                0.030141355469822885,
                -0.0005718152970075607,
                0.9995985627174376,
                0.0,
                0.5520257949829102,
                -0.000004263313712726813,
                7.751470434413932e-7,
                1.0
            ],
            "name": "_80_RHairA6"
        },
        {
            "children": [
                51
            ],
            "matrix": [
                0.06864151358604431,
                -0.21936748921871186,
                -0.9733037948608398,
                0.0,
                0.6180238723754883,
                0.775305449962616,
                -0.1311560869216919,
                0.0,
                0.7833760380744934,
                -0.5925198197364807,
                0.1887917518615723,
                0.0,
                0.6434606909751892,
                -0.268160492181778,
                0.14883384108543397,
                1.0
            ],
            "name": "_68_LHairB1"
        },
        {
            "children": [
                52
            ],
            "matrix": [
                0.9520341157913208,
                -0.012683635577559473,
                -0.3061863481998444,
                0.0,
                0.013322512619197369,
                0.9999852776527404,
                1.766878483522305e-7,
                0.0,
                0.3061360716819763,
                -0.004079013131558895,
                0.9520472884178162,
                0.0,
                0.3073780834674835,
                0.0,
                1.9378650506496346e-7,
                1.0
            ],
            "name": "_69_LHairB2"
        },
        {
            "children": [
                53
            ],
            "matrix": [
                0.994109869003296,
                0.019175855442881585,
                -0.10782300680875778,
                0.0,
                -0.01928689144551754,
                0.9998649954795836,
                -4.1759000168895e-7,
                0.0,
                0.10779744386672974,
                0.0020797259639948608,
                0.99424409866333,
                0.0,
                0.5754242539405823,
                1.9378650506496346e-7,
                -3.875735217206966e-7,
                1.0
            ],
            "name": "_70_LHairB3"
        },
        {
            "children": [
                54
            ],
            "matrix": [
                0.999588131904602,
                0.005053936503827572,
                -0.028248978778719907,
                0.0,
                -0.005055940710008144,
                0.999987244606018,
                4.857942599301168e-7,
                0.0,
                0.02824862115085125,
                0.00014233955880627036,
                0.9996009469032288,
                0.0,
                0.5340501666069031,
                1.9378650506496346e-7,
                1.9378650506496346e-7,
                1.0
            ],
            "name": "_71_LHairB4"
        },
        {
            "children": [
                55
            ],
            "matrix": [
                0.9967719912528992,
                0.0144388135522604,
                -0.080666184425354,
                0.0,
                -0.01448506396263838,
                0.9999680519104004,
                2.3175256158580735e-10,
                0.0,
                0.08065177500247956,
                0.001168251154012978,
                0.9968038201332092,
                0.0,
                0.5889015197753906,
                -1.9378650506496346e-7,
                3.875735217206966e-7,
                1.0
            ],
            "name": "_72_LHairB5"
        },
        {
            "matrix": [
                1.0,
                0.0,
                0.0,
                0.0,
                0.0,
                1.0,
                0.0,
                0.0,
                0.0,
                0.0,
                1.0,
                0.0,
                0.5533136129379273,
                1.9378650506496346e-7,
                1.9378650506496346e-7,
                1.0
            ],
            "name": "_73_LHairB6"
        },
        {
            "children": [
                57
            ],
            "matrix": [
                -0.08918187022209168,
                -0.2549683749675751,
                -0.9628684520721436,
                0.0,
                0.8879010677337647,
                0.4180295169353485,
                -0.19293281435966493,
                0.0,
                0.4516657590866089,
                -0.8720734715461731,
                0.18909204006195069,
                0.0,
                0.5473346710205078,
                -0.3607485592365265,
                0.16047945618629456,
                1.0
            ],
            "name": "_61_LHairA1"
        },
        {
            "children": [
                58
            ],
            "matrix": [
                0.974197804927826,
                -0.011775554157793522,
                -0.22599555552005769,
                0.0,
                0.012087477371096613,
                1.0000019073486329,
                5.7391229546510668e-8,
                0.0,
                0.22596223652362824,
                -0.002731298096477986,
                0.9741958975791932,
                0.0,
                0.31392621994018557,
                1.9378650506496346e-7,
                -5.813602683701902e-7,
                1.0
            ],
            "name": "_62_LHairA2"
        },
        {
            "children": [
                59
            ],
            "matrix": [
                0.995061993598938,
                -0.005301445256918669,
                -0.0991138443350792,
                0.0,
                0.005327578168362379,
                0.9999858140945436,
                -0.0000010036139883595752,
                0.0,
                0.09911244362592696,
                -0.0005270381225273013,
                0.9950761198997498,
                0.0,
                0.5406671762466431,
                -1.9378650506496346e-7,
                -3.875735217206966e-7,
                1.0
            ],
            "name": "_63_LHairA3"
        },
        {
            "children": [
                60
            ],
            "matrix": [
                0.9991933703422546,
                0.008156207390129567,
                -0.04240347445011139,
                0.0,
                -0.00816301628947258,
                1.0000337362289429,
                0.000001194980427499104,
                0.0,
                0.04239924997091293,
                0.0003449645882938057,
                0.9991597533226012,
                0.0,
                0.5472379326820374,
                0.0,
                -3.875735217206966e-7,
                1.0
            ],
            "name": "_64_LHairA4"
        },
        {
            "children": [
                61
            ],
            "matrix": [
                0.9979445934295654,
                0.004564652219414711,
                -0.06564997136592865,
                0.0,
                -0.0045742373913526539,
                1.0000344514846802,
                -5.681477546204405e-7,
                0.0,
                0.0656462237238884,
                0.00030061410507187247,
                0.997909128665924,
                0.0,
                0.5838568210601807,
                3.875735217206966e-7,
                0.0,
                1.0
            ],
            "name": "_65_LHairA5"
        },
        {
            "matrix": [
                0.9994717836380004,
                0.018952807411551477,
                -0.030148282647132878,
                0.0,
                -0.01896040700376034,
                0.9998732805252076,
                -2.1586373577520136e-8,
                0.0,
                0.03014128841459751,
                0.0005715274019166827,
                0.9995995163917542,
                0.0,
                0.5520257949829102,
                -1.9378650506496346e-7,
                0.0,
                1.0
            ],
            "name": "_66_LHairA6"
        },
        {
            "matrix": [
                0.14700154960155488,
                -7.009585800688002e-8,
                0.989136278629303,
                0.0,
                9.484949146099098e-7,
                1.0,
                -7.009585800688002e-8,
                0.0,
                -0.989136278629303,
                9.484949146099098e-7,
                0.14700154960155488,
                0.0,
                0.08286181092262268,
                -1.4784756535365928e-12,
                0.4145076870918274,
                1.0
            ],
            "name": "_59_Jaw"
        },
        {
            "children": [
                64
            ],
