{
    "asset": {
        "generator": "COLLADA2GLTF",
        "version": "2.0"
    },
    "scenes": [
        {
            "nodes": [
                0
            ]
        }
    ],
    "scene": 0,
    "nodes": [
        {
            "children": [
                38,
                1
            ],
            "matrix": [
                1.0,
                0.0,
                0.0,
                0.0,
                0.0,
                0.0,
                -1.0,
                0.0,
                0.0,
                1.0,
                0.0,
                0.0,
                0.0,
                0.0,
                0.0,
                1.0
            ],
            "name": "Z_UP"
        },
        {
            "mesh": 0,
            "skin": 0,
            "name": "Mankey"
        },
        {
            "children": [
                32,
                31,
                23,
                22,
                16,
                15,
                7,
                3
            ],
            "matrix": [
                -0.000003728380534084863,
                1.0,
                0.0,
                0.0,
                -1.0,
                -0.000003728380534084863,
                0.0,
                0.0,
                0.0,
                0.0,
                1.0,
                0.0,
                0.0,
                0.7512710690498352,
                0.0,
                1.0
            ],
            "name": "_03_Waist"
        },
        {
            "children": [
                4
            ],
            "matrix": [
                0.0000035373252558201786,
                1.557365969517832e-8,
                -1.0,
                0.0,
                -0.008805160410702229,
                0.999961256980896,
                -1.557365969517832e-8,
                0.0,
                0.999961256980896,
                0.008805160410702229,
                0.0000035373252558201786,
                0.0,
                -0.1111658364534378,
                -1.8480938892943836e-13,
                -0.3645433485507965,
                1.0
            ],
            "name": "_55_Tail1"
        },
        {
            "children": [
                5
            ],
            "matrix": [
                1.0,
                0.0,
                0.0,
                0.0,
                0.0,
                1.0,
                0.0,
                0.0,
                0.0,
                0.0,
                1.0,
                0.0,
                0.35479989647865298,
                0.0,
                0.0,
                1.0
            ],
            "name": "_56_Tail2"
        },
        {
            "children": [
                6
            ],
            "matrix": [
                1.0,
                0.0,
                0.0,
                0.0,
                0.0,
                1.0,
                0.0,
                0.0,
                0.0,
                0.0,
                1.0,
                0.0,
                0.4226483702659607,
                -3.784904889503337e-10,
                -1.9378650506496346e-7,
                1.0
            ],
            "name": "_57_Tail3"
        },
        {
            "matrix": [
                1.0,
                0.0,
                0.0,
                0.0,
                0.0,
                1.0,
                0.0,
                0.0,
                0.0,
                0.0,
                1.0,
                0.0,
                0.4219321012496948,
                0.0,
                0.0,
                1.0
            ],
            "name": "_58_Tail4"
        },
        {
            "children": [
                8
            ],
            "matrix": [
                -0.8374263644218445,
                0.5198259949684143,
                0.1688135266304016,
                0.0,
                -0.5144044756889343,
                -0.8539995551109314,
                0.07792796939611435,
                0.0,
                0.1846756637096405,
                -0.021579498425126077,
                0.9825626015663148,
                0.0,
                -0.19150865077972413,
                0.2625318765640259,
                0.05075707286596298,
                1.0
            ],
            "name": "_43_RThigh"
        },
        {
            "children": [
                9
            ],
            "matrix": [
                0.7582256197929382,
                8.754960845180905e-8,
                -0.6519922614097595,
                0.0,
                -1.1527865950711205e-7,
                1.0,
                2.1836436825406478e-10,
                0.0,
                0.6519922614097595,
                7.499522070020248e-8,
                0.7582256197929382,
                0.0,
                0.23318755626678468,
                4.844669092562981e-7,
                1.332283403598922e-7,
                1.0
            ],
            "name": "_44_RLeg"
        },
        {
            "children": [
                13,
                11,
                10
            ],
            "matrix": [
                -0.1736532896757126,
                3.893756002071314e-7,
                0.9848068356513976,
                0.0,
                0.000005723010872316081,
                1.0,
                6.137691457297478e-7,
                0.0,
                -0.9848068356513976,
                0.000005742643224948552,
                -0.1736532896757126,
                0.0,
                0.28462478518486025,
                3.875735217206966e-7,
                2.604007818263199e-7,
                1.0
            ],
            "name": "_45_RFoot"
        },
        {
            "matrix": [
                -0.8257901668548584,
                0.003453301265835762,
                -0.5639669299125671,
                0.0,
                0.010309791192412377,
                -0.9997217059135436,
                -0.021217670291662217,
                0.0,
                -0.5638833045959473,
                -0.02333572320640087,
                0.8255247473716736,
                0.0,
                -0.04828590899705887,
                -0.007538104895502329,
                -0.05323636904358864,
                1.0
            ],
            "name": "_53_RToeC"
        },
        {
            "children": [
                12
            ],
            "matrix": [
                0.8222007155418396,
                -0.3993046581745148,
                -0.4056375026702881,
                0.0,
                0.3302832543849945,
                0.9150920510292052,
                -0.23134291172027589,
                0.0,
                0.4635719358921051,
                0.05623503774404526,
                0.8842729926109314,
                0.0,
                0.08585606515407562,
                -0.04899367690086365,
                -0.06318608671426773,
                1.0
            ],
            "name": "_50_RToeB1"
        },
        {
            "matrix": [
                0.8477550148963928,
                0.1828780323266983,
                0.4978625476360321,
                0.0,
                -0.2124703824520111,
                0.977163314819336,
                0.002854463178664446,
                0.0,
                -0.48597100377082827,
                -0.10820093005895616,
                0.8672512769699097,
                0.0,
                0.09915591031312944,
                -9.689338185125962e-7,
                -7.024776209618722e-7,
                1.0
            ],
            "name": "_51_RToeB2"
        },
        {
            "children": [
                14
            ],
            "matrix": [
                0.8005204200744629,
                0.4595853686332703,
                -0.3846405744552613,
                0.0,
                -0.4418281614780426,
                0.886211633682251,
                0.1393442004919052,
                0.0,
                0.4049134850502014,
                0.05839715898036957,
                0.9124882817268372,
                0.0,
                0.0854136198759079,
                0.04091518372297287,
                -0.0618787445127964,
                1.0
            ],
            "name": "_47_RToeA1"
        },
        {
            "matrix": [
                0.8558564782142639,
                -0.245995432138443,
                0.45496806502342226,
                0.0,
                0.24967822432518009,
                0.9668720364570618,
                0.053096842020750049,
                0.0,
                -0.4529574811458588,
                0.06815234571695328,
                0.8889234066009522,
                0.0,
                0.09991241991519928,
                -3.391255631868262e-7,
                -2.058982317976188e-7,
                1.0
            ],
            "name": "_48_RToeA2"
        },
        {
            "matrix": [
                0.7605646848678589,
                0.6492621898651123,
                -3.5633128447898346e-8,
                0.0,
                -0.5622774362564087,
                0.6586681604385376,
                -0.5000002980232239,
                0.0,
                -0.3246312737464905,
                0.38028261065483096,
                0.8660252094268799,
                0.0,
                0.36677318811416628,
                0.2610180377960205,
                0.044341541826725009,
                1.0
            ],
            "name": "_41_REar"
        },
        {
            "children": [
                17
            ],
            "matrix": [
                0.005106067284941673,
                0.9999858736991882,
                0.0014777175383642316,
                0.0,
                -0.9999869465827942,
                0.005106072872877121,
                3.624790190226435e-10,
                0.0,
                -0.000007544970685557928,
                -0.0014776983298361302,
                0.999998927116394,
                0.0,
                0.20656272768974305,
                0.33665668964385989,
                0.04220844805240631,
                1.0
            ],
            "name": "_31_RArm"
        },
        {
            "children": [
                18
            ],
            "matrix": [
                1.0,
                0.0,
                0.0,
                0.0,
                0.0,
                1.0,
                0.0,
                0.0,
                0.0,
                0.0,
                1.0,
                0.0,
                0.33377861976623537,
                -1.9378650506496346e-7,
                -1.7561916365593789e-7,
                1.0
            ],
            "name": "_32_RForeArm"
        },
        {
            "children": [
                21,
                20,
                19
            ],
            "matrix": [
                1.0,
                0.0,
                0.0,
                0.0,
                0.0,
                1.0,
                0.0,
                0.0,
                0.0,
                0.0,
                1.0,
                0.0,
                0.31316930055618288,
                -0.0000013565073686550025,
                3.9362888060168198e-8,
                1.0
            ],
            "name": "_33_RHand"
        },
        {
            "matrix": [
                0.9546135067939758,
                0.2946490943431854,
                -0.04353112727403641,
                0.0,
                -0.2943539321422577,
                0.9556055068969728,
                0.013187533244490624,
                0.0,
                0.0454842783510685,
                0.00022456074657384303,
                0.99896502494812,
                0.0,
                0.1637854427099228,
                0.0009130255784839392,
                -0.08175777643918991,
                1.0
            ],
            "name": "_39_RFingerC"
        },
        {
            "matrix": [
                0.967544674873352,
                0.25060203671455386,
                0.03249502554535866,
                0.0,
                -0.2504670023918152,
                0.9680901765823364,
                -0.008227203041315079,
                0.0,
                -0.03351987153291702,
                -0.00017874538025353104,
                0.9994380474090576,
                0.0,
                0.16638635098934174,
                0.003460158128291369,
                0.08837679028511048,
                1.0
            ],
            "name": "_37_RFingerB"
        },
        {
            "matrix": [
                0.9921541810035706,
                0.1250118762254715,
                -0.0014661250170320273,
                0.0,
                -0.12501174211502076,
                0.9921552538871764,
                0.0001847962848842144,
                0.0,
                0.001477725454606116,
                -6.355496395826776e-8,
                0.999998927116394,
                0.0,
                0.1782570481300354,
                0.0009102158364839852,
                -0.00026339240139350295,
                1.0
            ],
            "name": "_35_RFingerA"
        },
        {
            "matrix": [
                1.2254999148808569e-7,
                -0.00000414292890127399,
                1.0,
                0.0,
                -0.022224336862564088,
                -0.9997529983520508,
                -0.000004139181783102686,
                0.0,
                0.9997529983520508,
                -0.022224336862564088,
                -2.145935695807566e-7,
                0.0,
                0.06728818267583847,
                -3.696182357577904e-13,
                0.3542487323284149,
                1.0
            ],
            "name": "_29_Nose"
        },
        {
            "children": [
                24
            ],
            "matrix": [
                -0.8374263048171997,
                -0.5198259949684143,
                0.1688140630722046,
                0.0,
                0.5144044756889343,
                -0.8539995551109314,
                -0.07792802155017853,
                0.0,
                0.1846761405467987,
                0.02157973311841488,
                0.9825624823570252,
                0.0,
                -0.1915096789598465,
                -0.2625318765640259,
                0.05075707286596298,
                1.0
            ],
            "name": "_17_LThigh"
        },
        {
            "children": [
                25
            ],
            "matrix": [
                0.7582250237464905,
                2.136085299753177e-7,
                -0.6519929766654968,
                0.0,
                -2.633595386214438e-7,
                1.0,
                2.1354127355266429e-8,
                0.0,
                0.6519929766654968,
                1.5551732701624133e-7,
                0.7582250237464905,
                0.0,
                0.23318752646446229,
                -4.844669021508708e-8,
                3.6334952824290677e-8,
                1.0
            ],
            "name": "_18_LLeg"
        },
        {
            "children": [
                29,
                27,
                26
            ],
            "matrix": [
                -0.1736515909433365,
                2.665227043507912e-7,
                0.9848071336746216,
                0.0,
                4.184485646874237e-8,
                1.0,
                -2.632558846471511e-7,
                0.0,
                -0.9848071336746216,
                -4.5056895991990598e-9,
                -0.1736515909433365,
                0.0,
                0.2846222221851349,
                -9.689338043017418e-8,
                -3.6334952824290677e-8,
                1.0
            ],
            "name": "_19_LFoot"
        },
        {
            "matrix": [
                -0.8257898688316345,
                -0.003454292425885797,
                -0.5639674067497253,
                0.0,
                -0.010307728312909605,
                -0.9997217655181884,
                0.021216385066509248,
                0.0,
                -0.5638837814331055,
                0.02333349734544754,
                0.8255244493484497,
                0.0,
                -0.04828646406531334,
                0.007535780780017376,
                -0.05323514714837074,
                1.0
            ],
            "name": "_27_LToeC"
        },
        {
            "children": [
                28
            ],
            "matrix": [
                0.8222010135650635,
                0.3993049263954163,
                -0.4056366384029389,
                0.0,
                -0.3302837610244751,
                0.9150919318199158,
                0.2313426733016968,
                0.0,
                0.46357107162475588,
                -0.05623497813940048,
                0.8842734098434448,
                0.0,
                0.08585606515407562,
                0.04899367690086365,
                -0.06318608671426773,
                1.0
            ],
            "name": "_24_LToeB1"
        },
        {
            "matrix": [
                0.847754716873169,
                -0.18287809193134309,
                0.4978629946708679,
                0.0,
                0.2124704271554947,
                0.977163314819336,
                -0.0028542771469801666,
                0.0,
                -0.4859714806079865,
                0.10820089280605316,
                0.8672509789466858,
                0.0,
                0.0991545394062996,
                -4.844669021508708e-8,
                1.2111659231095473e-8,
                1.0
            ],
            "name": "_25_LToeB2"
        },
        {
            "children": [
                30
            ],
            "matrix": [
                0.800520658493042,
                -0.4595852196216583,
                -0.3846401572227478,
                0.0,
                0.44182828068733218,
                0.8862116932868958,
                -0.13934355974197389,
                0.0,
                0.4049128592014313,
                -0.05839750170707703,
                0.9124885201454164,
                0.0,
                0.08541359752416611,
                -0.04091561585664749,
                -0.0618785135447979,
                1.0
            ],
            "name": "_21_LToeA1"
        },
        {
            "matrix": [
                0.8558565378189087,
                0.24599604308605198,
                0.4549675583839417,
                0.0,
                -0.24967899918556217,
                0.9668718576431274,
                -0.05309663340449333,
                0.0,
                -0.452956885099411,
                -0.06815274059772492,
                0.8889236450195313,
                0.0,
                0.09991239756345748,
                9.689338043017418e-8,
                0.0,
                1.0
            ],
            "name": "_22_LToeA2"
        },
        {
            "matrix": [
                0.7605643272399902,
                -0.6492626070976257,
                -7.797436296641537e-8,
                0.0,
                0.5622779726982117,
                0.6586679816246033,
                0.4999999403953552,
                0.0,
                -0.3246312141418457,
                -0.3802821636199951,
                0.866025447845459,
                0.0,
                0.36677318811416628,
                -0.2610180377960205,
                0.044341541826725009,
                1.0
            ],
            "name": "_15_LEar"
        },
        {
            "children": [
                33
            ],
            "matrix": [
                0.005106067284941673,
                -0.9999858736991882,
                0.0014777175383642316,
                0.0,
                0.9999869465827942,
                0.005106072872877121,
                -3.624790190226435e-10,
                0.0,
                -0.000007544970685557928,
                0.0014776983298361302,
                0.999998927116394,
                0.0,
                0.206563800573349,
                -0.33665668964385989,
                0.04220844805240631,
                1.0
            ],
            "name": "_05_LArm"
        },
        {
            "children": [
                34
            ],
            "matrix": [
                1.0,
                0.0,
                0.0,
                0.0,
                0.0,
                1.0,
                0.0,
                0.0,
                0.0,
                0.0,
                1.0,
                0.0,
                0.33377885818481448,
                1.9378650506496346e-7,
                3.0279085905249305e-9,
                1.0
            ],
            "name": "_06_LForeArm"
        },
        {
            "children": [
                37,
                36,
                35
            ],
            "matrix": [
                1.0,
                0.0,
                0.0,
                0.0,
                0.0,
                1.0,
                0.0,
                0.0,
                0.0,
                0.0,
                1.0,
                0.0,
                0.31316930055618288,
                0.0,
                3.0279085905249305e-9,
                1.0
            ],
            "name": "_07_LHand"
        },
        {
            "matrix": [
                0.9546135067939758,
                -0.2946490943431854,
                -0.0435311496257782,
                0.0,
                0.2943539321422577,
                0.9556055068969728,
                -0.013187387026846409,
                0.0,
                0.04548425599932671,
                -0.0002247067604912445,
                0.99896502494812,
                0.0,
                0.1637849658727646,
                -0.0009114754502661526,
                -0.0817577987909317,
                1.0
            ],
            "name": "_13_LFingerC"
        },
        {
            "matrix": [
                0.967544674873352,
                -0.25060203671455386,
                0.03249499574303627,
                0.0,
                0.2504670023918152,
                0.9680901765823364,
                0.008227228187024594,
                0.0,
                -0.03351984918117523,
                0.00017871429736260325,
                0.9994380474090576,
                0.0,
                0.166385680437088,
                -0.003459769301116467,
                0.08837676048278809,
                1.0
            ],
            "name": "_11_LFingerB"
        },
        {
            "matrix": [
                0.9921541810035706,
                -0.12501192092895509,
                -0.0014661244349554182,
                0.0,
                0.12501178681850434,
                0.9921552538871764,
                -0.00018453574739396572,
                0.0,
                0.0014776922762393952,
                -1.949332073536425e-7,
                0.999998927116394,
                0.0,
                0.17825762927532197,
                -0.0009100220631808044,
                -0.0002633954572957009,
                1.0
            ],
            "name": "_09_LFingerA"
        },
        {
            "children": [
                39
            ],
            "matrix": [
                1.0,
                -0.0,
                0.0,
                0.0,
                0.0,
                4.4896641959724089e-11,
                1.0,
                0.0,
                -0.0,
                -1.0,
                4.4896641959724089e-11,
                0.0,
                0.0,
                0.0,
                0.0,
                1.0
            ],
            "name": "_01_pm0056_00"
        },
        {
            "children": [
                2
            ],
            "name": "_02_Origin"
        }
    ],
    "meshes": [
        {
            "primitives": [
                {
                    "attributes": {
                        "COLOR_0": 1,
                        "JOINTS_0": 2,
                        "NORMAL": 3,
                        "POSITION": 4,
                        "TEXCOORD_0": 5,
                        "WEIGHTS_0": 6
                    },
                    "indices": 0,
                    "mode": 4,
                    "material": 0
                },
                {
                    "attributes": {
                        "COLOR_0": 8,
                        "JOINTS_0": 9,
                        "NORMAL": 10,
                        "POSITION": 11,
                        "TEXCOORD_0": 12,
                        "WEIGHTS_0": 13
                    },
                    "indices": 7,
                    "mode": 4,
                    "material": 1
                }
            ],
            "name": "Mankey"
        }
    ],
    "skins": [
        {
            "inverseBindMatrices": 14,
            "skeleton": 2,
            "joints": [
                2,
                17,
                18,
                21,
                20,
                19,
                16,
                15,
                33,
                34,
                35,
                37,
                36,
                31,
                32,
                3,
                4,
                5,
                6,
                7,
                8,
                9,
                10,
                22,
                13,
                11,
                14,
                12,
                25,
                29,
                27,
                28,
                24,
                30,
                26,
                23
            ],
            "name": "geom-Mankey-skin1"
        }
    ],
    "accessors": [
        {
            "bufferView": 0,
            "byteOffset": 0,
            "componentType": 5123,
            "count": 13218,
            "max": [
                2915
            ],
            "min": [
                0
            ],
            "type": "SCALAR"
        },
        {
            "bufferView": 1,
            "byteOffset": 0,
            "componentType": 5126,
            "count": 2916,
            "max": [
                1.0,
                1.0,
                1.0
            ],
            "min": [
                1.0,
                1.0,
                1.0
            ],
            "type": "VEC3"
        },
        {
            "bufferView": 2,
            "byteOffset": 0,
            "componentType": 5123,
            "count": 2916,
            "max": [
                34,
                35,
                33,
                18
            ],
            "min": [
                0,
                0,
                0,
                0
            ],
            "type": "VEC4"
        },
        {
            "bufferView": 1,
            "byteOffset": 34992,
            "componentType": 5126,
            "count": 2916,
            "max": [
                0.9999328851699828,
                1.0,
                0.999999225139618
            ],
            "min": [
                -0.9999328851699828,
                -1.0,
                -0.9997512102127076
            ],
            "type": "VEC3"
        },
        {
            "bufferView": 1,
            "byteOffset": 69984,
            "componentType": 5126,
            "count": 2916,
            "max": [
                1.3150087594985965,
                1.3603886365890504,
                0.421693354845047
            ],
            "min": [
                -1.3150087594985965,
                -0.1021956503391266,
                -1.9385734796524048
            ],
            "type": "VEC3"
        },
        {
            "bufferView": 2,
            "byteOffset": 23328,
            "componentType": 5126,
            "count": 2916,
            "max": [
                0.9970915913581848,
                0.9913120269775392
            ],
            "min": [
                -0.00001972629979718477,
                0.007812023162841797
            ],
            "type": "VEC2"
        },
        {
            "bufferView": 3,
            "byteOffset": 0,
            "componentType": 5126,
            "count": 2916,
            "max": [
                1.0,
                0.9900000095367432,
                0.959999978542328,
                0.029999999329447748
            ],
            "min": [
                0.009999999776482582,
                0.0,
                0.0,
                0.0
            ],
            "type": "VEC4"
        },
        {
            "bufferView": 0,
            "byteOffset": 26436,
            "componentType": 5123,
            "count": 144,
            "max": [
                35
            ],
            "min": [
                0
            ],
            "type": "SCALAR"
        },
        {
            "bufferView": 1,
            "byteOffset": 104976,
            "componentType": 5126,
            "count": 36,
            "max": [
                1.0,
                1.0,
                1.0
            ],
            "min": [
                1.0,
                1.0,
                1.0
            ],
            "type": "VEC3"
        },
        {
            "bufferView": 2,
            "byteOffset": 46656,
            "componentType": 5123,
            "count": 36,
            "max": [
                0,
                0,
                0,
                0
            ],
            "min": [
                0,
                0,
                0,
                0
            ],
            "type": "VEC4"
        },
        {
            "bufferView": 1,
            "byteOffset": 105408,
            "componentType": 5126,
            "count": 36,
            "max": [
                0.498709112405777,
                0.3785741925239563,
                0.999102771282196
            ],
            "min": [
                -0.498709112405777,
                -0.09523560851812364,
                0.816551685333252
            ],
            "type": "VEC3"
        },
        {
            "bufferView": 1,
            "byteOffset": 105840,
            "componentType": 5126,
            "count": 36,
            "max": [
                0.23728527128696445,
                1.003246545791626,
                0.3834028244018555
            ],
            "min": [
                -0.23728527128696445,
                0.7904047966003418,
                0.2932150363922119
            ],
            "type": "VEC3"
        },
        {
            "bufferView": 2,
            "byteOffset": 46944,
            "componentType": 5126,
            "count": 36,
            "max": [
                0.5015429258346558,
                0.22376209497451786
            ],
            "min": [
                0.004836952779442072,
                0.006242096424102783
            ],
            "type": "VEC2"
        },
        {
            "bufferView": 3,
            "byteOffset": 46656,
            "componentType": 5126,
            "count": 36,
            "max": [
                1.0,
                0.0,
                0.0,
                0.0
            ],
            "min": [
                1.0,
                0.0,
                0.0,
                0.0
            ],
            "type": "VEC4"
        },
        {
            "bufferView": 4,
            "byteOffset": 0,
            "componentType": 5126,
            "count": 36,
            "max": [
                0.9999858140945436,
                1.0,
                0.584031879901886,
                0.0,
                1.0,
                0.9999868273735046,
                1.0,
                0.0,
                1.0,
                0.5000001192092896,
                1.0,
                0.0,
                12.744939804077149,
                49.31135177612305,
                12.615519523620606,
                1.0
            ],
            "min": [
                -0.9999858140945436,
                -1.0,
                -0.5840330719947815,
                0.0,
                -0.8374279737472534,
                -0.9999868869781494,
                -0.4059704840183258,
                0.0,
                -1.0,
                -0.5000001192092896,
                -0.232670933008194,
                0.0,
                -61.5718002319336,
                -49.31145858764649,
                -32.22674179077149,
                1.0
            ],
            "type": "MAT4"
        }
    ],
    "materials": [
        {
            "pbrMetallicRoughness": {
                "baseColorFactor": [
                    1.0,
                    1.0,
                    1.0,
                    1.0
                ],
                "baseColorTexture": {
                    "index": 0
                },
                "metallicFactor": 0.0
            },
            "emissiveFactor": [
                0.0,
                0.0,
                0.0
            ],
            "occlusionTexture": {
                "index": 0
            },
            "name": "BodyDodo_Hair"
        },
        {
            "pbrMetallicRoughness": {
                "baseColorFactor": [
                    1.0,
                    1.0,
                    1.0,
                    1.0
                ],
                "baseColorTexture": {
                    "index": 1
                },
                "metallicFactor": 0.0
            },
            "emissiveFactor": [
                0.0,
                0.0,
                0.0
            ],
            "occlusionTexture": {
                "index": 1
            },
            "name": "Eye"
        }
    ],
    "textures": [
        {
            "sampler": 0,
            "source": 0
        },
        {
            "sampler": 0,
            "source": 1
        }
    ],
    "images": [
        {
            "uri": "pm0056_00_Body1.png"
        },
        {
            "uri": "pm0056_00_Eye1.png"
        }
    ],
    "samplers": [
        {
            "magFilter": 9729,
            "minFilter": 9986,
            "wrapS": 10497,
            "wrapT": 10497
        }
    ],
    "bufferViews": [
        {
            "buffer": 0,
            "byteOffset": 203040,
            "byteLength": 26724,
            "target": 34963
        },
        {
            "buffer": 0,
            "byteOffset": 49536,
            "byteLength": 106272,
            "byteStride": 12,
            "target": 34962
        },
        {
            "buffer": 0,
            "byteOffset": 155808,
            "byteLength": 47232,
            "byteStride": 8,
            "target": 34962
        },
        {
            "buffer": 0,
            "byteOffset": 2304,
            "byteLength": 47232,
            "byteStride": 16,
            "target": 34962
        },
        {
            "buffer": 0,
            "byteOffset": 0,
            "byteLength": 2304
        }
    ],
    "buffers": [
        {
            "byteLength": 229764,
