{
    "asset": {
        "generator": "COLLADA2GLTF",
        "version": "2.0"
    },
    "scenes": [
        {
            "nodes": [
                0
            ]
        }
    ],
    "scene": 0,
    "nodes": [
        {
            "children": [
                30,
                1
            ],
            "matrix": [
                1.0,
                0.0,
                0.0,
                0.0,
                0.0,
                0.0,
                -1.0,
                0.0,
                0.0,
                1.0,
                0.0,
                0.0,
                0.0,
                0.0,
                0.0,
                1.0
            ],
            "name": "Z_UP"
        },
        {
            "mesh": 0,
            "skin": 0,
            "name": "Primeape"
        },
        {
            "children": [
                22,
                21,
                17,
                16,
                8,
                7,
                3
            ],
            "matrix": [
                -0.000003728380534084863,
                1.0,
                0.0,
                0.0,
                -1.0,
                -0.000003728380534084863,
                0.0,
                0.0,
                0.0,
                0.0,
                1.0,
                0.0,
                0.0,
                1.7792901992797852,
                0.0,
                1.0
            ],
            "name": "_03_Waist"
        },
        {
            "children": [
                4
            ],
            "matrix": [
                -0.997402012348175,
                0.000003456167405602173,
                -0.07203644514083862,
                0.0,
                -0.00000346337333212432,
                -1.0,
                -2.4876612769730856e-8,
                0.0,
                -0.07203644514083862,
                2.2467710891760368e-7,
                0.997402012348175,
                0.0,
                -0.43587392568588259,
                0.4391634464263916,
                5.775299756792052e-15,
                1.0
            ],
            "name": "_41_RThigh"
        },
        {
            "children": [
                5
            ],
            "matrix": [
                0.9978729486465454,
                2.9319320409004759e-14,
                -0.06518901884555817,
                0.0,
                4.820616683609558e-10,
                1.0,
                7.379550304165151e-9,
                0.0,
                0.06518901884555817,
                -7.3952786117104109e-9,
                0.9978729486465454,
                0.0,
                0.5488866567611694,
                0.0,
                -1.8167503057497929e-8,
                1.0
            ],
            "name": "_42_RLeg"
        },
        {
            "children": [
                6
            ],
            "matrix": [
                -0.13690173625946046,
                0.0000015686132428527345,
                0.9905846118927002,
                0.0,
                -0.029648026451468469,
                0.9995520114898682,
                -0.004099028185009956,
                0.0,
                -0.9901408553123474,
                -0.02993004396557808,
                -0.136840358376503,
                0.0,
                0.4673904478549957,
                0.0,
                0.0,
                1.0
            ],
            "name": "_43_RFoot"
        },
        {
            "matrix": [
                1.0,
                0.0,
                0.0,
                0.0,
                0.0,
                1.0,
                0.0,
                0.0,
                0.0,
                0.0,
                1.0,
                0.0,
                0.5202425718307495,
                9.689338043017418e-8,
                -0.21253882348537449,
                1.0
            ],
            "name": "_45_RToe"
        },
        {
            "matrix": [
                0.8715232610702515,
                0.42399027943611147,
                0.24633198976516725,
                0.0,
                -0.3872682750225067,
                0.9032954573631288,
                -0.1846093088388443,
                0.0,
                -0.3007831275463104,
                0.06549474596977234,
                0.9514409899711608,
                0.0,
                0.9336841702461244,
                0.5012943744659424,
                0.18469861149787904,
                1.0
            ],
            "name": "_39_REar"
        },
        {
            "children": [
                9
            ],
            "matrix": [
                -0.000003728380534084863,
                1.0,
                -2.0305096533197542e-20,
                0.0,
                -1.0,
                -0.000003728380534084863,
                -1.7763563100046585e-15,
                0.0,
                -1.7763563100046585e-15,
                1.3682163483279484e-20,
                1.0,
                0.0,
                0.33561527729034426,
                0.8543338179588318,
                0.09654971957206726,
                1.0
            ],
            "name": "_27_RArm"
        },
        {
            "children": [
                15,
                10
            ],
            "matrix": [
                1.0,
                0.0,
                0.0,
                0.0,
                0.0,
                1.0,
                0.0,
                0.0,
                0.0,
                0.0,
                1.0,
                0.0,
                0.3422980308532715,
                0.0,
                0.0,
                1.0
            ],
            "name": "_28_RForeArm"
        },
        {
            "children": [
                13,
                11
            ],
            "matrix": [
                1.0,
                0.0,
                0.0,
                0.0,
                0.0,
                1.0,
                0.0,
                0.0,
                0.0,
                0.0,
                1.0,
                0.0,
                0.5034661293029785,
                -3.875735217206966e-7,
                2.54345451367044e-7,
                1.0
            ],
            "name": "_31_RHand"
        },
        {
            "children": [
                12
            ],
            "matrix": [
                0.8704252243041992,
                0.4923006296157837,
                1.6536099156638782e-9,
                0.0,
                0.000001815778887248598,
                -0.000003213795025658328,
                1.0,
                0.0,
                0.4923006296157837,
                -0.8704252243041992,
                -0.0000036912772429786857,
                0.0,
                0.48805105686187746,
                -0.09741362184286118,
                0.0,
                1.0
            ],
            "name": "_36_RFingerB1"
        },
        {
            "matrix": [
                -0.2679900825023651,
                -5.111506311550329e-7,
                -0.963421642780304,
                0.0,
                3.896274449743942e-7,
                1.0,
                -6.389382178895175e-7,
                0.0,
                0.963421642780304,
                -5.466046673063829e-7,
                -0.2679900825023651,
                0.0,
                0.30744415521621706,
                -1.2111659231095473e-8,
                0.000003100577941950178,
                1.0
            ],
            "name": "_37_RFingerB2"
        },
        {
            "children": [
                14
            ],
            "matrix": [
                0.3269904851913452,
                0.9168099164962769,
                -0.2292090803384781,
                0.0,
                -0.9418855309486388,
                0.3359339833259583,
                4.8568391974868067e-8,
                0.0,
                0.07699916511774063,
                0.21588870882987977,
                0.9733772277832032,
                0.0,
                0.35222965478897097,
                0.010063919238746168,
                0.269275575876236,
                1.0
            ],
            "name": "_33_RFingerA1"
        },
        {
            "matrix": [
                0.5464145541191101,
                0.12195877730846404,
                -0.8285874724388123,
                0.0,
                -0.3269885182380676,
                0.9418862462043762,
                -0.07699849456548691,
                0.0,
                0.7710445523262024,
                0.3130117058753968,
                0.5545394420623779,
                0.0,
                0.22395309805870057,
                0.000002325438572370331,
                0.0000010658271776264885,
                1.0
            ],
            "name": "_34_RFingerA2"
        },
        {
            "matrix": [
                1.0,
                0.0,
                0.0,
                0.0,
                0.0,
                1.0,
                0.0,
                0.0,
                0.0,
                0.0,
                1.0,
                0.0,
                0.5029199719429016,
                -3.875735217206966e-7,
                2.54345451367044e-7,
                1.0
            ],
            "name": "_29_RFeeler"
        },
        {
            "matrix": [
                0.000002928028607129818,
                -0.000002928028152382467,
                1.0,
                0.0,
                1.0,
                1.406019976002426e-7,
                -0.000002928028152382467,
                0.0,
                -1.4059341424399466e-7,
                1.0,
                0.000002928028607129818,
                0.0,
                0.0,
                0.0,
                0.8197062611579895,
                1.0
            ],
            "name": "_25_Nose"
        },
        {
            "children": [
                18
            ],
            "matrix": [
                -0.997402012348175,
                0.000003456167405602173,
                -0.07203644514083862,
                0.0,
                -0.00000346337333212432,
                -1.0,
                -2.4876612769730856e-8,
                0.0,
                -0.07203644514083862,
                2.2467710891760368e-7,
                0.997402012348175,
                0.0,
                -0.43587416410446169,
                -0.4391634464263916,
                -5.775299756792052e-15,
                1.0
            ],
            "name": "_19_LThigh"
        },
        {
            "children": [
                19
            ],
            "matrix": [
                0.9978729486465454,
                2.9319320409004759e-14,
                -0.06518901884555817,
                0.0,
                4.820616683609558e-10,
                1.0,
                7.379550304165151e-9,
                0.0,
                0.06518901884555817,
                -7.3952786117104109e-9,
                0.9978729486465454,
                0.0,
                0.5488866567611694,
                0.0,
                -1.8167503057497929e-8,
                1.0
            ],
            "name": "_20_LLeg"
        },
        {
            "children": [
                20
            ],
            "matrix": [
                -0.13690173625946046,
                0.0000015686132428527345,
                0.9905846118927002,
                0.0,
                -0.029648026451468469,
                0.9995520114898682,
                -0.004099028185009956,
                0.0,
                -0.9901408553123474,
                -0.02993004396557808,
                -0.136840358376503,
                0.0,
                0.4673904478549957,
                0.0,
                0.0,
                1.0
            ],
            "name": "_21_LFoot"
        },
        {
            "matrix": [
                1.0,
                0.0,
                0.0,
                0.0,
                0.0,
                1.0,
                0.0,
                0.0,
                0.0,
                0.0,
                1.0,
                0.0,
                0.5202400088310242,
                9.689338043017418e-8,
                -0.21253906190395356,
                1.0
            ],
            "name": "_23_LToe"
        },
        {
            "matrix": [
                0.8715232014656067,
                -0.4239901900291443,
                0.24633242189884189,
                0.0,
                0.3872681558132172,
                0.9032955169677734,
                0.18460938334465028,
                0.0,
                -0.30078354477882388,
                -0.06549464911222458,
                0.9514408707618712,
                0.0,
                0.9336907863616945,
                -0.5012943744659424,
                0.18469861149787904,
                1.0
            ],
            "name": "_17_LEar"
        },
        {
            "children": [
                23
            ],
            "matrix": [
                -0.000003994696726294933,
                -1.0,
                -7.095993926386723e-21,
                0.0,
                1.0,
                -0.000003994696726294933,
                3.55270711429516e-15,
                0.0,
                -3.55270711429516e-15,
                7.095993926386723e-21,
                1.0,
                0.0,
                0.33561527729034426,
                -0.8543363213539124,
                0.09654996544122696,
                1.0
            ],
            "name": "_05_LArm"
        },
        {
            "children": [
                29,
                24
            ],
            "matrix": [
                1.0,
                0.0,
                0.0,
                0.0,
                0.0,
                1.0,
                0.0,
                0.0,
                0.0,
                0.0,
                1.0,
                0.0,
                0.34229546785354617,
                0.0,
                0.0,
                1.0
            ],
            "name": "_06_LForeArm"
        },
        {
            "children": [
                27,
                25
            ],
            "matrix": [
                1.0,
                0.0,
                0.0,
                0.0,
                0.0,
                1.0,
                0.0,
                0.0,
                0.0,
                0.0,
                1.0,
                0.0,
                0.5034661293029785,
                0.0,
                0.0,
                1.0
            ],
            "name": "_09_LHand"
        },
        {
            "children": [
                26
            ],
            "matrix": [
                0.8704252243041992,
                -0.4923005998134613,
                -3.041062157649321e-8,
                0.0,
                -0.000001991893213926233,
                -0.000003460047537373612,
                -1.0,
                0.0,
                0.4923005998134613,
                0.8704252243041992,
                -0.0000039923229451233059,
                0.0,
                0.4880508184432984,
                0.09741538017988204,
                0.0,
                1.0
            ],
            "name": "_14_LFingerB1"
        },
        {
            "matrix": [
                -0.2679900825023651,
                0.000001022301148623228,
                -0.963421642780304,
                0.0,
                1.395352740019007e-7,
                1.0,
                0.000001022301148623228,
                0.0,
                0.963421642780304,
                1.395352740019007e-7,
                -0.2679900825023651,
                0.0,
                0.30744415521621706,
                1.2111659231095473e-8,
                0.0,
                1.0
            ],
            "name": "_15_LFingerB2"
        },
        {
            "children": [
                28
            ],
            "matrix": [
                0.3269900977611542,
                -0.9168100953102112,
                -0.22920896112918857,
                0.0,
                0.9418856501579284,
                0.3359335660934448,
                4.175081613766452e-8,
                0.0,
                0.07699894905090332,
                -0.215888649225235,
                0.9733772277832032,
                0.0,
                0.3522268831729889,
                -0.0100635327398777,
                0.269275575876236,
                1.0
            ],
            "name": "_11_LFingerA1"
        },
        {
            "matrix": [
                0.5464144349098206,
                -0.12195901572704317,
                -0.8285874724388123,
                0.0,
                0.3269889652729035,
                0.9418861269950868,
                0.07699849456548691,
                0.0,
                0.7710443735122681,
                -0.313012033700943,
                0.5545394420623779,
                0.0,
                0.22395367920398713,
                0.0,
                9.689338043017418e-8,
                1.0
            ],
            "name": "_12_LFingerA2"
        },
        {
            "matrix": [
                1.0,
                0.0,
                0.0,
                0.0,
                0.0,
                1.0,
                0.0,
                0.0,
                0.0,
                0.0,
                1.0,
                0.0,
                0.5029199719429016,
                0.0,
                0.0,
                1.0
            ],
            "name": "_07_LFeeler"
        },
        {
            "children": [
                31
            ],
            "matrix": [
                1.0,
                -0.0,
                0.0,
                0.0,
                0.0,
                4.4896641959724089e-11,
                1.0,
                0.0,
                -0.0,
                -1.0,
                4.4896641959724089e-11,
                0.0,
                0.0,
                0.0,
                0.0,
                1.0
            ],
            "name": "_01_pm0057_00"
        },
        {
            "children": [
                2
            ],
            "name": "_02_Origin"
        }
    ],
    "meshes": [
        {
            "primitives": [
                {
                    "attributes": {
                        "COLOR_0": 1,
                        "JOINTS_0": 2,
                        "NORMAL": 3,
                        "POSITION": 4,
                        "TEXCOORD_0": 5,
                        "WEIGHTS_0": 6
                    },
                    "indices": 0,
                    "mode": 4,
                    "material": 0
                },
                {
                    "attributes": {
                        "COLOR_0": 8,
                        "JOINTS_0": 9,
                        "NORMAL": 10,
                        "POSITION": 11,
                        "TEXCOORD_0": 12,
                        "WEIGHTS_0": 13
                    },
                    "indices": 7,
                    "mode": 4,
                    "material": 1
                },
                {
                    "attributes": {
                        "COLOR_0": 15,
                        "JOINTS_0": 16,
                        "NORMAL": 17,
                        "POSITION": 18,
                        "TEXCOORD_0": 19,
                        "WEIGHTS_0": 20
                    },
                    "indices": 14,
                    "mode": 4,
                    "material": 2
                },
                {
                    "attributes": {
                        "COLOR_0": 22,
                        "JOINTS_0": 23,
                        "NORMAL": 24,
                        "POSITION": 25,
                        "TEXCOORD_0": 26,
                        "WEIGHTS_0": 27
                    },
                    "indices": 21,
                    "mode": 4,
                    "material": 3
                },
                {
                    "attributes": {
                        "COLOR_0": 29,
                        "JOINTS_0": 30,
                        "NORMAL": 31,
                        "POSITION": 32,
                        "TEXCOORD_0": 33,
                        "WEIGHTS_0": 34
                    },
                    "indices": 28,
                    "mode": 4,
                    "material": 4
                }
            ],
            "name": "Primeape"
        }
    ],
    "skins": [
        {
            "inverseBindMatrices": 35,
            "skeleton": 2,
            "joints": [
                2,
                22,
                17,
                7,
                8,
                16,
                21,
                3,
                5,
                6,
                4,
                19,
                20,
                18,
                23,
                24,
                27,
                25,
                26,
                28,
                10,
                13,
                14,
                11,
                12,
                9,
                29,
                15
            ],
            "name": "geom-Primeape-skin1"
        }
    ],
    "accessors": [
        {
            "bufferView": 0,
            "byteOffset": 0,
            "componentType": 5123,
            "count": 4080,
            "max": [
                930
            ],
            "min": [
                0
            ],
            "type": "SCALAR"
        },
        {
            "bufferView": 1,
            "byteOffset": 0,
            "componentType": 5126,
            "count": 931,
            "max": [
                1.0,
                1.0,
                1.0
            ],
            "min": [
                1.0,
                1.0,
                1.0
            ],
            "type": "VEC3"
        },
        {
            "bufferView": 2,
            "byteOffset": 0,
            "componentType": 5123,
            "count": 931,
            "max": [
                0,
                7,
                0,
                0
            ],
            "min": [
                0,
                0,
                0,
                0
            ],
            "type": "VEC4"
        },
        {
            "bufferView": 1,
            "byteOffset": 11172,
            "componentType": 5126,
            "count": 931,
            "max": [
                0.9975231885910034,
                0.9928014874458312,
                0.9970210194587708
            ],
            "min": [
                -0.9975231885910034,
                -0.9949135780334472,
                -0.9997562766075134
            ],
            "type": "VEC3"
        },
        {
            "bufferView": 1,
            "byteOffset": 22344,
            "componentType": 5126,
            "count": 931,
            "max": [
                1.1060073375701905,
                3.248380661010742,
                0.9700767993927002
            ],
            "min": [
                -1.1060073375701905,
                0.8427466154098511,
                -1.3235762119293213
            ],
            "type": "VEC3"
        },
        {
            "bufferView": 2,
            "byteOffset": 7448,
            "componentType": 5126,
            "count": 931,
            "max": [
                0.9942163825035096,
                0.9921875
            ],
            "min": [
                -2.3618800071290026e-7,
                0.008527994155883789
            ],
            "type": "VEC2"
        },
        {
            "bufferView": 3,
            "byteOffset": 0,
            "componentType": 5126,
            "count": 931,
            "max": [
                1.0,
                0.7900000214576721,
                0.0,
                0.0
            ],
            "min": [
                0.20999999344348908,
                0.0,
                0.0,
                0.0
            ],
            "type": "VEC4"
        },
        {
            "bufferView": 0,
            "byteOffset": 8160,
            "componentType": 5123,
            "count": 276,
            "max": [
                61
            ],
            "min": [
                0
            ],
            "type": "SCALAR"
        },
        {
            "bufferView": 1,
            "byteOffset": 33516,
            "componentType": 5126,
            "count": 62,
            "max": [
                1.0,
                1.0,
                1.0
            ],
            "min": [
                1.0,
                1.0,
                1.0
            ],
            "type": "VEC3"
        },
        {
            "bufferView": 2,
            "byteOffset": 14896,
            "componentType": 5123,
            "count": 62,
            "max": [
                0,
                0,
                0,
                0
            ],
            "min": [
                0,
                0,
                0,
                0
            ],
            "type": "VEC4"
        },
        {
            "bufferView": 1,
            "byteOffset": 34260,
            "componentType": 5126,
            "count": 62,
            "max": [
                0.6327368021011353,
                0.4553889930248261,
                0.9999259114265442
            ],
            "min": [
                -0.6327368021011353,
                -0.1035401001572609,
                0.7155572772026062
            ],
            "type": "VEC3"
        },
        {
            "bufferView": 1,
            "byteOffset": 35004,
            "componentType": 5126,
            "count": 62,
            "max": [
                0.6402705311775208,
                2.340523481369019,
                0.8875496983528137
            ],
            "min": [
                -0.6402705311775208,
                1.8293181657791136,
                0.6470319628715515
            ],
            "type": "VEC3"
        },
        {
            "bufferView": 2,
            "byteOffset": 15392,
            "componentType": 5126,
            "count": 62,
            "max": [
                0.4867970049381256,
                -0.7751799821853638
            ],
            "min": [
                0.013202800415456297,
                -0.9606399536132813
            ],
            "type": "VEC2"
        },
        {
            "bufferView": 3,
            "byteOffset": 14896,
            "componentType": 5126,
            "count": 62,
            "max": [
                1.0,
                0.0,
                0.0,
                0.0
            ],
            "min": [
                1.0,
                0.0,
                0.0,
                0.0
            ],
            "type": "VEC4"
        },
        {
            "bufferView": 0,
            "byteOffset": 8712,
            "componentType": 5123,
            "count": 3540,
            "max": [
                719
            ],
            "min": [
                0
            ],
            "type": "SCALAR"
        },
        {
            "bufferView": 1,
            "byteOffset": 35748,
            "componentType": 5126,
            "count": 720,
            "max": [
                1.0,
                1.0,
                1.0
            ],
            "min": [
                1.0,
                1.0,
                1.0
            ],
            "type": "VEC3"
        },
        {
            "bufferView": 2,
            "byteOffset": 15888,
            "componentType": 5123,
            "count": 720,
            "max": [
                13,
                13,
                13,
                0
            ],
            "min": [
                0,
                0,
                0,
                0
            ],
            "type": "VEC4"
        },
        {
            "bufferView": 1,
            "byteOffset": 44388,
            "componentType": 5126,
            "count": 720,
            "max": [
                0.9982041716575624,
                0.9978541731834412,
                0.9996073842048644
            ],
            "min": [
                -0.9982041716575624,
                -0.9989330768585204,
                -0.999849796295166
            ],
            "type": "VEC3"
        },
        {
            "bufferView": 1,
            "byteOffset": 53028,
            "componentType": 5126,
            "count": 720,
            "max": [
                0.7446975111961365,
                1.3670333623886109,
                0.7428382039070129
            ],
            "min": [
                -0.7446975111961365,
                1.2066676902122709e-7,
                -0.3223513960838318
            ],
            "type": "VEC3"
        },
        {
            "bufferView": 2,
            "byteOffset": 21648,
            "componentType": 5126,
            "count": 720,
            "max": [
                0.7076398730278015,
                0.9916877746582032
            ],
            "min": [
                0.12056650221347808,
                0.007812023162841797
            ],
            "type": "VEC2"
        },
        {
            "bufferView": 3,
            "byteOffset": 15888,
            "componentType": 5126,
            "count": 720,
            "max": [
                1.0,
                0.9900000095367432,
                0.1899999976158142,
                0.0
            ],
            "min": [
                0.009999999776482582,
                0.0,
                0.0,
                0.0
            ],
            "type": "VEC4"
        },
        {
            "bufferView": 0,
            "byteOffset": 15792,
            "componentType": 5123,
            "count": 3132,
            "max": [
                653
            ],
            "min": [
                0
            ],
            "type": "SCALAR"
        },
        {
            "bufferView": 1,
            "byteOffset": 61668,
            "componentType": 5126,
            "count": 654,
            "max": [
                1.0,
                1.0,
                1.0
            ],
            "min": [
                1.0,
                1.0,
                1.0
            ],
            "type": "VEC3"
        },
        {
            "bufferView": 2,
            "byteOffset": 27408,
            "componentType": 5123,
            "count": 654,
            "max": [
                25,
                25,
                25,
                24
            ],
            "min": [
                0,
                0,
                0,
                0
            ],
            "type": "VEC4"
        },
        {
            "bufferView": 1,
            "byteOffset": 69516,
            "componentType": 5126,
            "count": 654,
            "max": [
                0.9917600750923156,
                0.9981852173805236,
                0.9999542832374572
            ],
            "min": [
                -0.9917603135108948,
                -0.999474823474884,
                -0.9996898174285888
            ],
            "type": "VEC3"
        },
        {
            "bufferView": 1,
            "byteOffset": 77364,
            "componentType": 5126,
            "count": 654,
            "max": [
                2.625166177749634,
                2.3902134895324709,
                0.4935346841812134
            ],
            "min": [
                -2.625166177749634,
                1.7872885465621949,
                -0.2913585603237152
            ],
            "type": "VEC3"
        },
        {
            "bufferView": 2,
            "byteOffset": 32640,
            "componentType": 5126,
            "count": 654,
            "max": [
                0.8795161247253418,
                0.7329850196838379
            ],
            "min": [
                0.3164727985858917,
                0.007812023162841797
            ],
            "type": "VEC2"
        },
        {
            "bufferView": 3,
            "byteOffset": 27408,
            "componentType": 5126,
            "count": 654,
            "max": [
                1.0,
                0.949999988079071,
                0.8399999737739563,
                0.3338843286037445
            ],
            "min": [
                0.009999999776482582,
                0.0,
                0.0,
                0.0
            ],
            "type": "VEC4"
        },
        {
            "bufferView": 0,
            "byteOffset": 22056,
            "componentType": 5123,
            "count": 720,
            "max": [
                263
            ],
            "min": [
                0
            ],
            "type": "SCALAR"
        },
        {
            "bufferView": 1,
            "byteOffset": 85212,
            "componentType": 5126,
            "count": 264,
            "max": [
                1.0,
                1.0,
                1.0
            ],
            "min": [
                1.0,
                1.0,
                1.0
            ],
            "type": "VEC3"
        },
        {
            "bufferView": 2,
            "byteOffset": 37872,
            "componentType": 5123,
            "count": 264,
            "max": [
                27,
                0,
                0,
                0
            ],
            "min": [
                10,
                0,
                0,
                0
            ],
            "type": "VEC4"
        },
        {
            "bufferView": 1,
            "byteOffset": 88380,
            "componentType": 5126,
            "count": 264,
            "max": [
                0.7318878173828125,
                0.7348726987838745,
                0.7348679900169373
            ],
            "min": [
                -0.7318875789642334,
                -0.7348676919937134,
                -0.7348663806915283
            ],
            "type": "VEC3"
        },
        {
            "bufferView": 1,
            "byteOffset": 91548,
            "componentType": 5126,
            "count": 264,
            "max": [
                1.7780990600585938,
                2.3161470890045168,
                0.2941548526287079
            ],
            "min": [
                -1.7780990600585938,
                0.35773107409477236,
                -0.2930601239204407
            ],
            "type": "VEC3"
        },
        {
            "bufferView": 2,
            "byteOffset": 39984,
            "componentType": 5126,
            "count": 264,
            "max": [
                0.3180859088897705,
                0.457198977470398
            ],
            "min": [
                0.01640434004366398,
                0.007812023162841797
            ],
            "type": "VEC2"
        },
        {
            "bufferView": 3,
            "byteOffset": 37872,
            "componentType": 5126,
            "count": 264,
            "max": [
                1.0,
                0.0,
                0.0,
                0.0
            ],
            "min": [
                1.0,
                0.0,
                0.0,
                0.0
            ],
            "type": "VEC4"
        },
        {
            "bufferView": 4,
            "byteOffset": 0,
            "componentType": 5126,
            "count": 28,
            "max": [
                1.0,
                1.0,
                0.7066546082496643,
                0.0,
                1.0,
                1.0,
                0.9995520710945128,
                0.0,
                1.0,
                1.0,
                1.0,
                0.0,
                125.74739837646485,
                103.94219970703124,
                65.18669891357422,
                1.0
            ],
            "min": [
                -1.0,
                -1.0,
                -1.0,
                0.0,
                -0.9974020719528198,
                -1.0,
                -0.9317715167999268,
                0.0,
                -0.9317715167999268,
                -1.0,
                -0.000004009747499367222,
                0.0,
                -103.24690246582033,
                -103.94259643554688,
                -118.2239990234375,
                1.0
            ],
            "type": "MAT4"
        }
    ],
    "materials": [
        {
            "pbrMetallicRoughness": {
                "baseColorFactor": [
                    1.0,
                    1.0,
                    1.0,
                    1.0
                ],
                "baseColorTexture": {
                    "index": 0
                },
                "metallicFactor": 0.0
            },
            "emissiveFactor": [
                0.0,
                0.0,
                0.0
            ],
            "occlusionTexture": {
                "index": 0
            },
            "name": "BodyDodo_Hair"
        },
        {
            "pbrMetallicRoughness": {
                "baseColorFactor": [
                    1.0,
                    1.0,
                    1.0,
                    1.0
                ],
                "baseColorTexture": {
                    "index": 1
                },
                "metallicFactor": 0.0
            },
            "emissiveFactor": [
                0.0,
                0.0,
                0.0
            ],
            "occlusionTexture": {
                "index": 1
            },
            "name": "Eye"
        },
        {
            "pbrMetallicRoughness": {
                "baseColorFactor": [
                    1.0,
                    1.0,
                    1.0,
                    1.0
                ],
                "baseColorTexture": {
                    "index": 2
                },
                "metallicFactor": 0.0
            },
            "emissiveFactor": [
                0.0,
                0.0,
                0.0
            ],
            "occlusionTexture": {
                "index": 2
            },
            "name": "Body"
        },
        {
            "pbrMetallicRoughness": {
                "baseColorFactor": [
                    1.0,
                    1.0,
                    1.0,
                    1.0
                ],
                "baseColorTexture": {
                    "index": 3
                },
                "metallicFactor": 0.0
            },
            "emissiveFactor": [
                0.0,
                0.0,
                0.0
            ],
            "occlusionTexture": {
                "index": 3
            },
            "name": "Body_1"
        },
        {
            "pbrMetallicRoughness": {
                "baseColorFactor": [
                    1.0,
                    1.0,
                    1.0,
                    1.0
                ],
                "baseColorTexture": {
                    "index": 4
                },
                "metallicFactor": 0.0
            },
            "emissiveFactor": [
                0.0,
                0.0,
                0.0
            ],
            "occlusionTexture": {
                "index": 4
            },
            "name": "BodyNutrey_Env"
        }
    ],
    "textures": [
        {
            "sampler": 0,
            "source": 0
        },
        {
            "sampler": 0,
            "source": 1
        },
        {
            "sampler": 0,
            "source": 0
        },
        {
            "sampler": 0,
            "source": 0
        },
        {
            "sampler": 0,
            "source": 0
        }
    ],
    "images": [
        {
            "uri": "pm0057_00_Body1.png"
        },
        {
            "uri": "pm0057_00_Eye1.png"
        }
    ],
    "samplers": [
        {
            "magFilter": 9729,
            "minFilter": 9986,
            "wrapS": 10497,
            "wrapT": 10497
        }
    ],
    "bufferViews": [
        {
