{
    "asset": {
        "generator": "COLLADA2GLTF",
        "version": "2.0"
    },
    "scenes": [
        {
            "nodes": [
                0
            ]
        }
    ],
    "scene": 0,
    "nodes": [
        {
            "children": [
                13,
                1
            ],
            "matrix": [
                1.0,
                0.0,
                0.0,
                0.0,
                0.0,
                0.0,
                -1.0,
                0.0,
                0.0,
                1.0,
                0.0,
                0.0,
                0.0,
                0.0,
                0.0,
                1.0
            ],
            "name": "Z_UP"
        },
        {
            "mesh": 0,
            "skin": 0,
            "name": "Cubone"
        },
        {
            "children": [
                9,
                5,
                3
            ],
            "matrix": [
                -1.0,
                -8.979318677493353e-11,
                0.0,
                0.0,
                8.979318677493353e-11,
                -1.0,
                0.0,
                0.0,
                0.0,
                0.0,
                1.0,
                0.0,
                0.0,
                0.0,
                0.0,
                1.0
            ],
            "name": "Hips"
        },
        {
            "children": [
                4
            ],
            "matrix": [
                0.25281238555908205,
                0.0,
                -0.9675153493881226,
                0.0,
                0.0,
                1.0,
                0.0,
                0.0,
                0.9675153493881226,
                0.0,
                0.25281238555908205,
                0.0,
                0.18545301258563996,
                0.0,
                -0.14484629034996034,
                1.0
            ],
            "name": "Tail1"
        },
        {
            "matrix": [
                0.9847164154052734,
                0.0,
                -0.1741655170917511,
                0.0,
                0.0,
                1.0,
                0.0,
                0.0,
                0.1741655170917511,
                0.0,
                0.9847164154052734,
                0.0,
                0.12812826037406922,
                0.0,
                2.5400000325248585e-8,
                1.0
            ],
            "name": "Tail2"
        },
        {
            "children": [
                6
            ],
            "matrix": [
                0.9908192753791808,
                0.0,
                0.13519300520420078,
                0.0,
                0.0,
                1.0,
                0.0,
                0.0,
                -0.13519300520420078,
                0.0,
                0.9908192753791808,
                0.0,
                0.09687203913927078,
                -0.16955414414405824,
                -0.0012761467369273306,
                1.0
            ],
            "name": "RThigh"
        },
        {
            "children": [
                7
            ],
            "matrix": [
                0.7675848007202148,
                0.0,
                -0.6409474015235901,
                0.0,
                0.0,
                1.0,
                0.0,
                0.0,
                0.6409474015235901,
                0.0,
                0.7675848007202148,
                0.0,
                0.13280542194843293,
                0.0,
                0.0,
                1.0
            ],
            "name": "RLeg"
        },
        {
            "children": [
                8
            ],
            "matrix": [
                -0.5312898755073547,
                0.000002158035158572602,
                0.8471901416778565,
                0.0,
                -0.06261441111564636,
                0.9972649216651917,
                -0.03926928713917732,
                0.0,
                -0.8448730707168579,
                -0.0739096850156784,
                -0.5298365950584412,
                0.0,
                0.09416033327579498,
                0.0,
                1.0160000130099435e-7,
                1.0
            ],
            "name": "RFoot"
        },
        {
            "matrix": [
                1.0,
                0.0,
                0.0,
                0.0,
                0.0,
                1.0,
                0.0,
                0.0,
                0.0,
                0.0,
                1.0,
                0.0,
                0.09989134222269058,
                0.0,
                -0.01609351485967636,
                1.0
            ],
            "name": "RToe"
        },
        {
            "children": [
                10
            ],
            "matrix": [
                0.9908192753791808,
                0.0,
                0.13519300520420078,
                0.0,
                0.0,
                1.0,
                0.0,
                0.0,
                -0.13519300520420078,
                0.0,
                0.9908192753791808,
                0.0,
                0.09687203913927078,
                0.16955414414405824,
                -0.0012761467369273306,
                1.0
            ],
            "name": "LThigh"
        },
        {
            "children": [
                11
            ],
            "matrix": [
                0.7675848007202148,
                0.0,
                -0.6409474015235901,
                0.0,
                0.0,
                1.0,
                0.0,
                0.0,
                0.6409474015235901,
                0.0,
                0.7675848007202148,
                0.0,
                0.13280567526817325,
                0.0,
                0.0,
                1.0
            ],
            "name": "LLeg"
        },
        {
            "children": [
                12
            ],
            "matrix": [
                -0.5312898755073547,
                0.000002158035158572602,
                0.8471901416778565,
                0.0,
                -0.06261441111564636,
                0.9972649216651917,
                -0.03926928713917732,
                0.0,
                -0.8448730707168579,
                -0.0739096850156784,
                -0.5298365950584412,
                0.0,
                0.09416033327579498,
                0.0,
                0.0,
                1.0
            ],
            "name": "LFoot"
        },
        {
            "matrix": [
                1.0,
                0.0,
                0.0,
                0.0,
                0.0,
                1.0,
                0.0,
                0.0,
                0.0,
                0.0,
                1.0,
                0.0,
                0.09989134222269058,
                0.0,
                -0.01609351485967636,
                1.0
            ],
            "name": "LToe"
        },
        {
            "children": [
                14
            ],
            "matrix": [
                1.0,
                0.0,
                0.0,
                0.0,
                0.0,
                4.4896641959724089e-11,
                1.0,
                0.0,
                0.0,
                -1.0,
                4.4896641959724089e-11,
                0.0,
                0.0,
                0.0,
                0.0,
                1.0
            ],
            "name": "pm0104_00"
        },
        {
            "children": [
                15
            ],
            "name": "Origin"
        },
        {
            "children": [
                2,
                16
            ],
            "matrix": [
                -0.0000034620645692484688,
                1.0,
                0.0,
                0.0,
                -1.0,
                -0.0000034620645692484688,
                0.0,
                0.0,
                0.0,
                0.0,
                1.0,
                0.0,
                0.0,
                0.3397681713104248,
                0.0,
                1.0
            ],
            "name": "Waist"
        },
        {
            "children": [
                17
            ],
            "name": "Spine1"
        },
        {
            "children": [
                28,
                25,
                18
            ],
            "matrix": [
                0.9991570115089417,
                0.0,
                0.04105221852660179,
                0.0,
                0.0,
                1.0,
                0.0,
                0.0,
                -0.04105221852660179,
                0.0,
                0.9991570115089417,
                0.0,
                0.059985656291246417,
                0.0,
                0.0,
                1.0
            ],
            "name": "Spine2"
        },
        {
            "children": [
                19
            ],
            "matrix": [
                -0.13312460482120518,
                -0.9910842180252076,
                0.005469738505780697,
                0.0,
                0.9902487397193908,
                -0.13323692977428437,
                -0.04068583995103836,
                0.0,
                0.04105186462402344,
                1.1519372833390663e-7,
                0.9991570115089417,
                0.0,
                0.07447788119316101,
                -0.11052428185939788,
                0.0165665652602911,
                1.0
            ],
            "name": "LShoulder"
        },
        {
            "children": [
                20
            ],
            "matrix": [
                0.9918755292892456,
                0.1272122710943222,
                0.0,
                0.0,
                -0.1272122710943222,
                0.9918755292892456,
                0.0,
                0.0,
                0.0,
                0.0,
                1.0,
                0.0,
                0.0641111209988594,
                -7.620000275210259e-8,
                0.0,
                1.0
            ],
            "name": "LArm"
        },
        {
            "children": [
                21
            ],
            "matrix": [
                1.0,
                0.0,
                0.0,
                0.0,
                0.0,
                1.0,
                0.0,
                0.0,
                0.0,
                0.0,
                1.0,
                0.0,
                0.09970718622207642,
                7.620000275210259e-8,
                0.0,
                1.0
            ],
            "name": "LForeArm"
        },
        {
            "children": [
                24,
                22
            ],
            "matrix": [
                1.0,
                0.0,
                0.0,
                0.0,
                0.0,
                1.0,
                0.0,
                0.0,
                0.0,
                0.0,
                1.0,
                0.0,
                0.07646644115447998,
                -7.620000275210259e-8,
                0.0,
                1.0
            ],
            "name": "LHand"
        },
        {
            "children": [
                23
            ],
            "matrix": [
                1.0,
                0.0,
                0.0,
                0.0,
                0.0,
                1.0,
                0.0,
                0.0,
                0.0,
                0.0,
                1.0,
                0.0,
                0.06159297004342079,
                0.01850720122456551,
                0.0,
                1.0
            ],
            "name": "LFingerA1"
        },
        {
            "matrix": [
                0.9869807362556458,
                -0.1608383357524872,
                0.0,
                0.0,
                0.1608383357524872,
                0.9869807362556458,
                0.0,
                0.0,
                0.0,
                0.0,
                1.0,
                0.0,
                0.03733545914292336,
                2.5400000325248585e-8,
                0.0,
                1.0
            ],
            "name": "LFingerA2"
        },
        {
            "matrix": [
                0.679847002029419,
                -0.4627085030078888,
                0.5689542293548584,
                0.0,
                -0.4703525006771088,
                0.3201209604740143,
                0.8223691582679749,
                0.0,
                -0.5626513957977295,
                -0.8266942501068115,
                -0.000002835730356309796,
                0.0,
                0.029817314818501474,
                -0.02757982723414898,
                0.04732070490717888,
                1.0
            ],
            "name": "LFingerB"
        },
        {
            "children": [
                26
            ],
            "matrix": [
                0.9991570115089417,
                0.0,
                -0.04105239361524582,
                0.0,
                0.0,
                1.0,
                0.0,
                0.0,
                0.04105239361524582,
                0.0,
                0.9991570115089417,
                0.0,
                0.13937437534332276,
                0.0,
                0.0,
                1.0
            ],
            "name": "Neck"
        },
        {
            "children": [
                27
            ],
            "matrix": [
                1.0,
                0.0,
                0.0,
                0.0,
                0.0,
                1.0,
                0.0,
                0.0,
                0.0,
                0.0,
                1.0,
                0.0,
                0.08454085141420365,
                0.0,
                0.0,
                1.0
            ],
            "name": "Head"
        },
        {
            "name": "Feeler"
        },
        {
            "children": [
                29
            ],
            "matrix": [
                -0.13312460482120518,
                0.9910842180252076,
                0.005469738505780697,
                0.0,
                -0.9902487397193908,
                -0.13323692977428437,
                0.04068583995103836,
                0.0,
                0.04105186462402344,
                -1.1519372833390663e-7,
                0.9991570115089417,
                0.0,
                0.07447711378335953,
                0.11052428185939788,
                0.01656659133732319,
                1.0
            ],
            "name": "RShoulder"
        },
        {
            "children": [
                30
            ],
            "matrix": [
                0.9918755292892456,
                -0.12721210718154908,
                0.0,
                0.0,
                0.12721210718154908,
                0.9918755292892456,
                0.0,
                0.0,
                0.0,
                0.0,
                1.0,
                0.0,
                0.06411086767911911,
                7.620000275210259e-8,
                0.0,
                1.0
            ],
            "name": "RArm"
        },
        {
            "children": [
                31
            ],
            "matrix": [
                1.0,
                0.0,
                0.0,
                0.0,
                0.0,
                1.0,
                0.0,
                0.0,
                0.0,
                0.0,
                1.0,
                0.0,
                0.09970694035291672,
                -0.000001244599957317405,
                0.0,
                1.0
            ],
            "name": "RForeArm"
        },
        {
            "children": [
                35,
                34,
                32
            ],
            "matrix": [
                1.0,
                0.0,
                0.0,
                0.0,
                0.0,
                1.0,
                0.0,
                0.0,
                0.0,
                0.0,
                1.0,
                0.0,
                0.0764656811952591,
                1.7780000405309696e-7,
                0.0,
                1.0
            ],
            "name": "RHand"
        },
        {
            "children": [
                33
            ],
            "matrix": [
                1.0,
                0.0,
                0.0,
                0.0,
                0.0,
                1.0,
                0.0,
                0.0,
                0.0,
                0.0,
                1.0,
                0.0,
                0.06159297004342079,
                -0.018507633358240129,
                0.0,
                1.0
            ],
            "name": "RFingerA1"
        },
        {
            "matrix": [
                0.9869807362556458,
                0.1608383357524872,
                0.0,
                0.0,
                -0.1608383357524872,
                0.9869807362556458,
                0.0,
                0.0,
                0.0,
                0.0,
                1.0,
                0.0,
                0.03733622282743454,
                0.0000017780000689526788,
                0.0,
                1.0
            ],
            "name": "RFingerA2"
        },
        {
            "matrix": [
                -0.0000046059781197982378,
                -0.000004616385922417976,
                1.0,
                0.0,
                -0.9999974370002748,
                -0.002257087966427207,
                -0.000004616385922417976,
                0.0,
                0.002257087966427207,
                -0.9999974370002748,
                -0.0000046059781197982378,
                0.0,
                0.08034731447696686,
                0.012239218689501286,
                0.0,
                1.0
            ],
            "name": "FeelerA"
        },
        {
            "matrix": [
                0.679847002029419,
                0.4627085030078888,
                0.5689542293548584,
                0.0,
                0.4703525006771088,
                0.3201209604740143,
                -0.8223691582679749,
                0.0,
                -0.5626513957977295,
                0.8266942501068115,
                -0.000002835730356309796,
                0.0,
                0.029817568138241769,
                0.027581607922911645,
                0.04732096195220947,
                1.0
            ],
            "name": "RFingerB"
        }
    ],
    "meshes": [
        {
            "primitives": [
                {
                    "attributes": {
                        "JOINTS_0": 1,
                        "NORMAL": 2,
                        "POSITION": 3,
                        "TEXCOORD_0": 4,
                        "WEIGHTS_0": 5
                    },
                    "indices": 0,
                    "mode": 4,
                    "material": 0
                },
                {
                    "attributes": {
                        "JOINTS_0": 7,
                        "NORMAL": 8,
                        "POSITION": 9,
                        "TEXCOORD_0": 10,
                        "WEIGHTS_0": 11
                    },
                    "indices": 6,
                    "mode": 4,
                    "material": 1
                }
            ],
            "name": "Cubone"
        }
    ],
    "skins": [
        {
            "inverseBindMatrices": 12,
            "skeleton": 2,
            "joints": [
                2,
                9,
                10,
                11,
                12,
                5,
                6,
                7,
                8,
                3,
                4,
                16,
                17,
                18,
                19,
                20,
                21,
                22,
                23,
                24,
                25,
                26,
                27,
                28,
                29,
                30,
                31,
                34,
                32,
                33,
                35
            ],
            "name": "Cubone-mesh-skin"
        }
    ],
    "accessors": [
        {
            "bufferView": 0,
            "byteOffset": 0,
            "componentType": 5123,
            "count": 240,
            "max": [
                59
            ],
            "min": [
                0
            ],
            "type": "SCALAR"
        },
        {
            "bufferView": 1,
            "byteOffset": 0,
            "componentType": 5123,
            "count": 60,
            "max": [
                21,
                0,
                0,
                0
            ],
            "min": [
                21,
                0,
                0,
                0
            ],
            "type": "VEC4"
        },
        {
            "bufferView": 2,
            "byteOffset": 0,
            "componentType": 5126,
            "count": 60,
            "max": [
                0.9519349932670592,
                -0.2741790115833283,
                0.316195011138916
            ],
            "min": [
                -0.9519349932670592,
                -0.6364200115203857,
                0.02581300027668476
            ],
            "type": "VEC3"
        },
        {
            "bufferView": 2,
            "byteOffset": 720,
            "componentType": 5126,
            "count": 60,
            "max": [
                0.2153391540050507,
                0.017805933952331544,
                0.8628050088882446
            ],
            "min": [
                -0.2153391540050507,
                -0.2427460104227066,
                0.6254216432571411
            ],
            "type": "VEC3"
        },
        {
            "bufferView": 1,
            "byteOffset": 480,
            "componentType": 5126,
            "count": 60,
            "max": [
                0.4952499866485596,
                -0.7626099586486816
            ],
            "min": [
                0.004747999832034111,
                -0.9762300252914428
            ],
            "type": "VEC2"
        },
        {
            "bufferView": 3,
            "byteOffset": 0,
            "componentType": 5126,
            "count": 60,
            "max": [
                1.0,
                0.0,
                0.0,
                0.0
            ],
            "min": [
                1.0,
                0.0,
                0.0,
                0.0
            ],
            "type": "VEC4"
        },
        {
            "bufferView": 0,
            "byteOffset": 480,
            "componentType": 5123,
            "count": 14754,
            "max": [
                3089
            ],
            "min": [
                0
            ],
            "type": "SCALAR"
        },
        {
            "bufferView": 1,
            "byteOffset": 960,
            "componentType": 5123,
            "count": 3090,
            "max": [
                30,
                30,
                30,
                30
            ],
            "min": [
                0,
                0,
                0,
                0
            ],
            "type": "VEC4"
        },
        {
            "bufferView": 2,
            "byteOffset": 1440,
            "componentType": 5126,
            "count": 3090,
            "max": [
                0.9993190169334412,
                1.0,
                0.999853014945984
            ],
            "min": [
                -0.9993190169334412,
                -1.0,
                -1.0
            ],
            "type": "VEC3"
        },
        {
            "bufferView": 2,
            "byteOffset": 38520,
            "componentType": 5126,
            "count": 3090,
            "max": [
                0.4883454740047455,
                0.4429759979248047,
                1.0162235498428345
            ],
            "min": [
                -0.4892751276493073,
                -0.4715001881122589,
                0.0
            ],
            "type": "VEC3"
        },
        {
            "bufferView": 1,
            "byteOffset": 25680,
            "componentType": 5126,
            "count": 3090,
            "max": [
                0.9954800009727478,
                0.9934849739074708
            ],
            "min": [
                0.004519999958574772,
                0.005290985107421875
            ],
            "type": "VEC2"
        },
        {
            "bufferView": 3,
            "byteOffset": 960,
            "componentType": 5126,
            "count": 3090,
            "max": [
                1.0,
                0.9900000095367432,
                0.9700000286102296,
                0.5099999904632568
            ],
            "min": [
                0.009999999776482582,
                0.0,
                0.0,
                0.0
            ],
            "type": "VEC4"
        },
        {
            "bufferView": 4,
            "byteOffset": 0,
            "componentType": 5126,
            "count": 31,
            "max": [
                0.9999819993972778,
                1.0,
                0.5676680207252502,
                0.0,
                0.996758997440338,
                0.8223689794540405,
                0.0000019999999949504856,
                0.0,
                1.0,
                0.9999819993972778,
                0.9999650120735169,
                0.0,
                13.376700401306153,
                21.652799606323247,
                22.62529945373535,
                1.0
            ],
            "min": [
                -0.9999819993972778,
                -1.0,
                -0.5676609873771668,
                0.0,
                -1.0,
                -0.8223689794540405,
                -1.0,
                0.0,
                -1.0,
                -0.9999819993972778,
                -0.996758997440338,
                0.0,
                -24.549299240112306,
                -21.65290069580078,
                -17.90229988098145,
                1.0
            ],
            "type": "MAT4"
        }
    ],
    "materials": [
        {
            "pbrMetallicRoughness": {
                "baseColorFactor": [
                    1.0,
                    1.0,
                    1.0,
                    1.0
                ],
                "baseColorTexture": {
                    "index": 0
                },
                "metallicFactor": 0.0
            },
            "name": "Material__139"
        },
        {
            "pbrMetallicRoughness": {
                "baseColorFactor": [
                    1.0,
                    1.0,
                    1.0,
                    1.0
                ],
                "baseColorTexture": {
                    "index": 1
                },
                "metallicFactor": 0.0
            },
            "name": "Material__140"
        }
    ],
    "textures": [
        {
            "sampler": 0,
            "source": 0
        },
        {
            "sampler": 0,
            "source": 1
        }
    ],
    "images": [
        {
            "uri": "pm0104_00_Eye1.png"
        },
        {
            "uri": "pm0104_00_Body1.png"
        }
    ],
    "samplers": [
        {
            "magFilter": 9729,
            "minFilter": 9986,
            "wrapS": 10497,
            "wrapT": 10497
        }
    ],
    "bufferViews": [
        {
            "buffer": 0,
            "byteOffset": 178384,
            "byteLength": 29988,
            "target": 34963
        },
        {
            "buffer": 0,
            "byteOffset": 127984,
            "byteLength": 50400,
            "byteStride": 8,
            "target": 34962
        },
        {
            "buffer": 0,
            "byteOffset": 52384,
            "byteLength": 75600,
            "byteStride": 12,
            "target": 34962
        },
        {
            "buffer": 0,
            "byteOffset": 1984,
            "byteLength": 50400,
            "byteStride": 16,
            "target": 34962
        },
        {
            "buffer": 0,
            "byteOffset": 0,
            "byteLength": 1984
        }
    ],
    "buffers": [
        {
            "byteLength": 208372,
            "uri": "Cubone_ColladaMax0.bin"
        }
    ]
}
