{
    "asset": {
        "generator": "COLLADA2GLTF",
        "version": "2.0"
    },
    "scenes": [
        {
            "nodes": [
                0
            ]
        }
    ],
    "scene": 0,
    "nodes": [
        {
            "children": [
                20,
                1
            ],
            "matrix": [
                1.0,
                0.0,
                0.0,
                0.0,
                0.0,
                0.0,
                -1.0,
                0.0,
                0.0,
                1.0,
                0.0,
                0.0,
                0.0,
                0.0,
                0.0,
                1.0
            ],
            "name": "Z_UP"
        },
        {
            "mesh": 0,
            "skin": 0,
            "name": "RaichuF"
        },
        {
            "children": [
                11,
                7,
                3
            ],
            "matrix": [
                -0.9907389283180236,
                -8.958504771339193e-11,
                0.13578054308891297,
                0.0,
                8.958504771339193e-11,
                -1.0,
                -6.110247290774806e-12,
                0.0,
                0.13578054308891297,
                6.110247290774806e-12,
                0.9907389283180236,
                0.0,
                0.0,
                0.0,
                0.0,
                1.0
            ],
            "name": "Hips"
        },
        {
            "children": [
                4
            ],
            "matrix": [
                0.8569773435592651,
                -0.0035879865754395725,
                0.5153416395187378,
                0.0,
                0.004186664242297411,
                0.999991238117218,
                1.5334101988173646e-7,
                0.0,
                -0.5153371095657349,
                0.002157430863007903,
                0.8569848537445068,
                0.0,
                0.15836061537265778,
                -0.31382206082344057,
                -0.04668545350432396,
                1.0
            ],
            "name": "RThigh"
        },
        {
            "children": [
                5
            ],
            "matrix": [
                0.562636137008667,
                0.0,
                -0.8267046809196472,
                0.0,
                0.0,
                1.0,
                0.0,
                0.0,
                0.8267046809196472,
                0.0,
                0.562636137008667,
                0.0,
                0.2452720403671265,
                0.0000011938000170630406,
                -1.2699999274445873e-7,
                1.0
            ],
            "name": "RLeg"
        },
        {
            "children": [
                6
            ],
            "matrix": [
                -0.4185199737548828,
                0.0000015506000181630953,
                0.9082075953483582,
                0.0,
                0.0208186861127615,
                0.99973726272583,
                0.009591953828930857,
                0.0,
                -0.9079689383506776,
                0.02292211353778839,
                -0.4184100329875946,
                0.0,
                0.2747873365879059,
                -0.0000016001999938453085,
                0.0,
                1.0
            ],
            "name": "RFoot"
        },
        {
            "matrix": [
                1.0,
                0.0,
                0.0,
                0.0,
                0.0,
                1.0,
                0.0,
                0.0,
                0.0,
                0.0,
                1.0,
                0.0,
                0.3100806474685669,
                0.0001576323847984895,
                -0.07406563311815262,
                1.0
            ],
            "name": "RToe"
        },
        {
            "children": [
                8
            ],
            "matrix": [
                0.8569773435592651,
                0.0035879865754395725,
                0.5153416395187378,
                0.0,
                -0.004186664242297411,
                0.999991238117218,
                -1.5334101988173646e-7,
                0.0,
                -0.5153371095657349,
                -0.002157430863007903,
                0.8569848537445068,
                0.0,
                0.15836086869239808,
                0.31382206082344057,
                -0.04668545350432396,
                1.0
            ],
            "name": "LThigh"
        },
        {
            "children": [
                9
            ],
            "matrix": [
                0.562636137008667,
                0.0,
                -0.8267046809196472,
                0.0,
                0.0,
                1.0,
                0.0,
                0.0,
                0.8267046809196472,
                0.0,
                0.562636137008667,
                0.0,
                0.2452720403671265,
                -2.5400000325248585e-8,
                0.0,
                1.0
            ],
            "name": "LLeg"
        },
        {
            "children": [
                10
            ],
            "matrix": [
                -0.4185278415679932,
                0.000001315158556280949,
                0.9082039594650269,
                0.0,
                -0.005411564838141203,
                0.9999822378158568,
                -0.002495260676369071,
                0.0,
                -0.9081878662109376,
                -0.005959140602499247,
                -0.41852039098739626,
                0.0,
                0.2747873365879059,
                5.0800000650497177e-8,
                0.0,
                1.0
            ],
            "name": "LFoot"
        },
        {
            "matrix": [
                1.0,
                0.0,
                0.0,
                0.0,
                0.0,
                1.0,
                0.0,
                0.0,
                0.0,
                0.0,
                1.0,
                0.0,
                0.31007811427116396,
                -0.0001569465966895223,
                -0.07406563311815262,
                1.0
            ],
            "name": "LToe"
        },
        {
            "children": [
                12
            ],
            "matrix": [
                0.007556119933724403,
                -0.000003864328391500749,
                -0.9999714493751526,
                0.0,
                0.00002089889312628657,
                -1.0,
                0.000004022357643407304,
                0.0,
                -0.9999714493751526,
                -0.00002092868999170605,
                -0.007556119933724403,
                0.0,
                0.2039170265197754,
                0.0,
                -0.4723104536533356,
                1.0
            ],
            "name": "Tail1"
        },
        {
            "children": [
                13
            ],
            "matrix": [
                0.9999714493751526,
                -9.521275501356286e-7,
                0.007556837517768145,
                0.0,
                8.312896966344852e-7,
                1.0,
                0.000015993669876479545,
                0.0,
                -0.007556837517768145,
                -0.00001598693233972881,
                0.9999714493751526,
                0.0,
                0.34555938839912417,
                0.0,
                3.301999811355927e-7,
                1.0
            ],
            "name": "Tail2"
        },
        {
            "children": [
                14
            ],
            "matrix": [
                1.0,
                0.0,
                0.0,
                0.0,
                0.0,
                1.0,
                0.0,
                0.0,
                0.0,
                0.0,
                1.0,
                0.0,
                0.4251578748226166,
                0.0,
                2.5400000325248585e-8,
                1.0
            ],
            "name": "Tail3"
        },
        {
            "children": [
                15
            ],
            "matrix": [
                1.0,
                0.0,
                0.0,
                0.0,
                0.0,
                1.0,
                0.0,
                0.0,
                0.0,
                0.0,
                1.0,
                0.0,
                0.4294682443141937,
                2.5400000325248585e-8,
                2.5400000325248585e-8,
                1.0
            ],
            "name": "Tail4"
        },
        {
            "children": [
                16
            ],
            "matrix": [
                1.0,
                0.0,
                0.0,
                0.0,
                0.0,
                1.0,
                0.0,
                0.0,
                0.0,
                0.0,
                1.0,
                0.0,
                0.4178503155708313,
                0.0,
                0.0,
                1.0
            ],
            "name": "Tail5"
        },
        {
            "children": [
                17
            ],
            "matrix": [
                1.0,
                0.0,
                0.0,
                0.0,
                0.0,
                1.0,
                0.0,
                0.0,
                0.0,
                0.0,
                1.0,
                0.0,
                0.4294682443141937,
                0.0,
                2.5400000325248585e-8,
                1.0
            ],
            "name": "Tail6"
        },
        {
            "children": [
                18
            ],
            "matrix": [
                1.0,
                0.0,
                0.0,
                0.0,
                0.0,
                1.0,
                0.0,
                0.0,
                0.0,
                0.0,
                1.0,
                0.0,
                0.4210380017757416,
                0.0,
                7.620000275210259e-8,
                1.0
            ],
            "name": "Tail7"
        },
        {
            "children": [
                19
            ],
            "matrix": [
                1.0,
                0.0,
                0.0,
                0.0,
                0.0,
                1.0,
                0.0,
                0.0,
                0.0,
                0.0,
                1.0,
                0.0,
                0.4237329363822937,
                0.0,
                0.0,
                1.0
            ],
            "name": "Tail8"
        },
        {
            "matrix": [
                1.0,
                0.0,
                0.0,
                0.0,
                0.0,
                1.0,
                0.0,
                0.0,
                0.0,
                0.0,
                1.0,
                0.0,
                0.3745001256465912,
                0.0,
                7.620000275210259e-8,
                1.0
            ],
            "name": "Tail9"
        },
        {
            "children": [
                21
            ],
            "matrix": [
                1.0,
                0.0,
                0.0,
                0.0,
                0.0,
                4.4896641959724089e-11,
                1.0,
                0.0,
                0.0,
                -1.0,
                4.4896641959724089e-11,
                0.0,
                0.0,
                0.0,
                0.0,
                1.0
            ],
            "name": "pm0026_00_raichu"
        },
        {
            "children": [
                22
            ],
            "name": "Origin"
        },
        {
            "children": [
                2,
                23
            ],
            "matrix": [
                -0.0000032031337013904705,
                0.9907389283180236,
                0.1357807815074921,
                0.0,
                -1.0,
                -0.0000032031337013904705,
                -2.184736587196312e-7,
                0.0,
                2.184736587196312e-7,
                -0.1357807815074921,
                0.9907389283180236,
                0.0,
                0.0,
                0.7491627931594849,
                0.027783282101154329,
                1.0
            ],
            "name": "Waist"
        },
        {
            "children": [
                24
            ],
            "name": "Spine1"
        },
        {
            "children": [
                33,
                29,
                25
            ],
            "matrix": [
                0.9994387626647948,
                0.0,
                0.03349776938557625,
                0.0,
                0.0,
                1.0,
                0.0,
                0.0,
                -0.03349776938557625,
                0.0,
                0.9994387626647948,
                0.0,
                0.16950155794620518,
                -2.5400000325248585e-8,
                0.0,
                1.0
            ],
            "name": "Spine2"
        },
        {
            "children": [
                26
            ],
            "matrix": [
                0.4099383354187012,
                -0.710317850112915,
                0.5721880197525024,
                0.0,
                0.883773922920227,
                0.15416643023490909,
                -0.4417877197265625,
                0.0,
                0.22559751570224766,
                0.6867905855178833,
                0.690959095954895,
                0.0,
                0.04684547334909439,
                -0.20374710857868198,
                0.08484818786382675,
                1.0
            ],
            "name": "LShoulder"
        },
        {
            "children": [
                27
            ],
            "matrix": [
                0.9723314642906188,
                -0.11732100695371628,
                0.20200832188129426,
                0.0,
                0.05390094593167305,
                0.95408034324646,
                0.2946615219116211,
                0.0,
                -0.22730214893817905,
                -0.2756202220916748,
                0.9340060353279114,
                0.0,
                0.2108840048313141,
                1.7780000405309696e-7,
                0.0,
                1.0
            ],
            "name": "LArm"
        },
        {
            "children": [
                28
            ],
            "matrix": [
                1.0,
                0.0,
                0.0,
                0.0,
                0.0,
                1.0,
                0.0,
                0.0,
                0.0,
                0.0,
                1.0,
                0.0,
                0.17860111594200138,
                1.7780000405309696e-7,
                -0.0,
                1.0
            ],
            "name": "LForeArm"
        },
        {
            "matrix": [
                1.0,
                0.0,
                0.0,
                0.0,
                0.0,
                1.0,
                0.0,
                0.0,
                0.0,
                0.0,
                1.0,
                0.0,
                0.16003142297267917,
                0.0,
                -0.0,
                1.0
            ],
            "name": "LHand"
        },
        {
            "children": [
                30
            ],
            "matrix": [
                0.40993958711624148,
                0.710317850112915,
                0.5721871256828308,
                0.0,
                -0.8837735056877136,
                0.1541682332754135,
                0.4417878389358521,
                0.0,
                0.22559671103954316,
                -0.6867901682853699,
                0.6909597516059876,
                0.0,
                0.04684547334909439,
                0.20374710857868198,
                0.08484818786382675,
                1.0
            ],
            "name": "RShoulder"
        },
        {
            "children": [
                31
            ],
            "matrix": [
                0.9723314642906188,
                0.11732100695371628,
                0.20200832188129426,
                0.0,
                -0.05390094593167305,
                0.95408034324646,
                -0.2946615219116211,
                0.0,
                -0.22730214893817905,
                0.2756202220916748,
                0.9340060353279114,
                0.0,
                0.21088451147079469,
                -1.7780000405309696e-7,
                -3.556000081061939e-7,
                1.0
            ],
            "name": "RArm"
        },
        {
            "children": [
                32
            ],
            "matrix": [
                1.0,
                0.0,
                0.0,
                0.0,
                0.0,
                1.0,
                0.0,
                0.0,
                0.0,
                0.0,
                1.0,
                0.0,
                0.17860212922096253,
                1.7780000405309696e-7,
                1.2699999274445873e-7,
                1.0
            ],
            "name": "RForeArm"
        },
        {
            "matrix": [
                1.0,
                0.0,
                0.0,
                0.0,
                0.0,
                1.0,
                0.0,
                0.0,
                0.0,
                0.0,
                1.0,
                0.0,
                0.16003066301345826,
                0.000001346199951512972,
                0.0000014985998859629036,
                1.0
            ],
            "name": "RHand"
        },
        {
            "children": [
                36,
                34
            ],
            "matrix": [
                0.9710443019866945,
                0.0,
                -0.23889954388141633,
                0.0,
                0.0,
                1.0,
                0.0,
                0.0,
                0.23889954388141633,
                0.0,
                0.9710443019866945,
                0.0,
                0.2747289538383484,
                2.5400000325248585e-8,
                0.0,
                1.0
            ],
            "name": "Head"
        },
        {
            "children": [
                35
            ],
            "matrix": [
                0.3666194975376129,
                0.4400246739387512,
                -0.8197367787361145,
                0.0,
                -0.9267385601997376,
                0.25049975514411929,
                -0.2800098359584809,
                0.0,
                0.08213263005018234,
                0.8623387813568115,
                0.4996259212493897,
                0.0,
                0.4696053564548493,
                0.2934055626392365,
                0.043034203350543979,
                1.0
            ],
            "name": "REar1"
        },
        {
            "matrix": [
                1.0,
                0.0,
                0.0,
                0.0,
                0.0,
                0.9996076822280884,
                -0.0280095674097538,
                0.0,
                0.0,
                0.0280095674097538,
                0.9996076822280884,
                0.0,
                0.3007766306400299,
                8.636000075057382e-7,
                -1.7780000405309696e-7,
                1.0
            ],
            "name": "REar2"
        },
        {
            "children": [
                37
            ],
            "matrix": [
                0.3666194975376129,
                -0.4400246739387512,
                -0.8197367787361145,
                0.0,
                0.9267385601997376,
                0.25049975514411929,
                0.2800098359584809,
                0.0,
                0.08213263005018234,
                -0.8623387813568115,
                0.4996259212493897,
                0.0,
                0.4696053564548493,
                -0.2934055626392365,
                0.043034203350543979,
                1.0
            ],
            "name": "LEar1"
        },
        {
            "matrix": [
                1.0,
                0.0,
                0.0,
                0.0,
                0.0,
                0.9996076822280884,
                0.028008347377181058,
                0.0,
                0.0,
                -0.028008347377181058,
                0.9996076822280884,
                0.0,
                0.3007766306400299,
                7.620000275210259e-8,
                -7.620000275210259e-8,
                1.0
            ],
            "name": "LEar2"
        }
    ],
    "meshes": [
        {
            "primitives": [
                {
                    "attributes": {
                        "JOINTS_0": 1,
                        "NORMAL": 2,
                        "POSITION": 3,
                        "TEXCOORD_0": 4,
                        "WEIGHTS_0": 5
                    },
                    "indices": 0,
                    "mode": 4,
                    "material": 0
                },
                {
                    "attributes": {
                        "JOINTS_0": 7,
                        "NORMAL": 8,
                        "POSITION": 9,
                        "TEXCOORD_0": 10,
                        "WEIGHTS_0": 11
                    },
                    "indices": 6,
                    "mode": 4,
                    "material": 1
                },
                {
                    "attributes": {
                        "JOINTS_0": 13,
                        "NORMAL": 14,
                        "POSITION": 15,
                        "TEXCOORD_0": 16,
                        "WEIGHTS_0": 17
                    },
                    "indices": 12,
                    "mode": 4,
                    "material": 2
                },
                {
                    "attributes": {
                        "JOINTS_0": 19,
                        "NORMAL": 20,
                        "POSITION": 21,
                        "TEXCOORD_0": 22,
                        "WEIGHTS_0": 23
                    },
                    "indices": 18,
                    "mode": 4,
                    "material": 3
                }
            ],
            "name": "RaichuF"
        }
    ],
    "skins": [
        {
            "inverseBindMatrices": 24,
            "skeleton": 2,
            "joints": [
                2,
                7,
                8,
                9,
                10,
                3,
                4,
                5,
                6,
                11,
                12,
                13,
                14,
                15,
                16,
                17,
                18,
                19,
                23,
                24,
                33,
                36,
                37,
                34,
                35,
                25,
                26,
                27,
                28,
                29,
                30,
                31,
                32
            ],
            "name": "RaichuF-mesh-skin"
        }
    ],
    "accessors": [
        {
            "bufferView": 0,
            "byteOffset": 0,
            "componentType": 5123,
            "count": 15444,
            "max": [
                3175
            ],
            "min": [
                0
            ],
            "type": "SCALAR"
        },
        {
            "bufferView": 1,
            "byteOffset": 0,
            "componentType": 5123,
            "count": 3176,
            "max": [
                32,
                32,
                32,
                32
            ],
            "min": [
                0,
                0,
                0,
                0
            ],
            "type": "VEC4"
        },
        {
            "bufferView": 2,
            "byteOffset": 0,
            "componentType": 5126,
            "count": 3176,
            "max": [
                0.9999899864196776,
                0.9999769926071168,
                1.0
            ],
            "min": [
                -0.9999899864196776,
                -0.9999949932098388,
                -1.0
            ],
            "type": "VEC3"
        },
        {
            "bufferView": 2,
            "byteOffset": 38112,
            "componentType": 5126,
            "count": 3176,
            "max": [
                0.6796176433563232,
                5.195036888122559,
                2.143592119216919
            ],
            "min": [
                -0.6796176433563232,
                -0.6436715722084045,
                0.0
            ],
            "type": "VEC3"
        },
        {
            "bufferView": 1,
            "byteOffset": 25408,
            "componentType": 5126,
            "count": 3176,
            "max": [
                0.995549976825714,
                0.9955390095710754
            ],
            "min": [
                0.004449999891221523,
                0.004486978054046631
            ],
            "type": "VEC2"
        },
        {
            "bufferView": 3,
            "byteOffset": 0,
            "componentType": 5126,
            "count": 3176,
            "max": [
                1.0,
                0.9900000095367432,
                0.9399999976158142,
                0.699999988079071
            ],
            "min": [
                0.009999999776482582,
                0.0,
                0.0,
                0.0
            ],
            "type": "VEC4"
        },
        {
            "bufferView": 0,
            "byteOffset": 30888,
            "componentType": 5123,
            "count": 96,
            "max": [
                29
            ],
            "min": [
                0
            ],
            "type": "SCALAR"
        },
        {
            "bufferView": 1,
            "byteOffset": 50816,
            "componentType": 5123,
            "count": 30,
            "max": [
                20,
                0,
                0,
                0
            ],
            "min": [
                20,
                0,
                0,
                0
            ],
            "type": "VEC4"
        },
        {
            "bufferView": 2,
            "byteOffset": 76224,
            "componentType": 5126,
            "count": 30,
            "max": [
                0.7283620238304138,
                -0.4928210079669953,
                0.636368989944458
            ],
            "min": [
                -0.7283620238304138,
                -0.8203089833259583,
                0.404666006565094
            ],
            "type": "VEC3"
        },
        {
            "bufferView": 2,
            "byteOffset": 76584,
            "componentType": 5126,
            "count": 30,
            "max": [
                0.2972206473350525,
                -0.3612768650054932,
                1.6559962034225464
            ],
            "min": [
                -0.2972206473350525,
                -0.5383098125457764,
                1.494429349899292
            ],
            "type": "VEC3"
        },
        {
            "bufferView": 1,
            "byteOffset": 51056,
            "componentType": 5126,
            "count": 30,
            "max": [
                0.4917399883270264,
                -0.7866100072860718
            ],
            "min": [
                0.00825599953532219,
                -0.9552699327468872
            ],
            "type": "VEC2"
        },
        {
            "bufferView": 3,
            "byteOffset": 50816,
            "componentType": 5126,
            "count": 30,
            "max": [
                1.0,
                0.0,
                0.0,
                0.0
            ],
            "min": [
                1.0,
                0.0,
                0.0,
                0.0
            ],
            "type": "VEC4"
        },
        {
            "bufferView": 0,
            "byteOffset": 31080,
            "componentType": 5123,
            "count": 210,
            "max": [
                45
            ],
            "min": [
                0
            ],
            "type": "SCALAR"
        },
        {
            "bufferView": 1,
            "byteOffset": 51296,
            "componentType": 5123,
            "count": 46,
            "max": [
                20,
                20,
                0,
                0
            ],
            "min": [
                19,
                0,
                0,
                0
            ],
            "type": "VEC4"
        },
        {
            "bufferView": 2,
            "byteOffset": 76944,
            "componentType": 5126,
            "count": 46,
            "max": [
                0.5067750215530396,
                -0.3322660028934479,
                0.9431859850883484
            ],
            "min": [
                -0.5067750215530396,
                -0.998471975326538,
                -0.4036070108413697
            ],
            "type": "VEC3"
        },
        {
            "bufferView": 2,
            "byteOffset": 77496,
            "componentType": 5126,
            "count": 46,
            "max": [
                0.16958919167518617,
                -0.5468721389770508,
                1.5260446071624756
            ],
            "min": [
                -0.16958919167518617,
                -0.6222949028015137,
                1.2885775566101077
            ],
            "type": "VEC3"
        },
        {
            "bufferView": 1,
            "byteOffset": 51664,
            "componentType": 5126,
            "count": 46,
            "max": [
                0.3954499959945679,
                -1.7793200016021729
            ],
            "min": [
                0.10455299913883208,
                -1.980949878692627
            ],
            "type": "VEC2"
        },
        {
            "bufferView": 3,
            "byteOffset": 51296,
            "componentType": 5126,
            "count": 46,
            "max": [
                1.0,
                0.9900000095367432,
                0.0,
                0.0
            ],
            "min": [
                0.010000000707805157,
                0.0,
                0.0,
                0.0
            ],
            "type": "VEC4"
        },
        {
            "bufferView": 0,
            "byteOffset": 31500,
            "componentType": 5123,
            "count": 408,
            "max": [
                91
            ],
            "min": [
                0
            ],
            "type": "SCALAR"
        },
        {
            "bufferView": 1,
            "byteOffset": 52032,
            "componentType": 5123,
            "count": 92,
            "max": [
                20,
                19,
                0,
                0
            ],
            "min": [
                20,
                0,
                0,
                0
            ],
            "type": "VEC4"
        },
        {
            "bufferView": 2,
            "byteOffset": 78048,
            "componentType": 5126,
            "count": 92,
            "max": [
                0.9875829815864564,
                -0.14007100462913514,
                0.5674530267715454
            ],
            "min": [
                -0.9875829815864564,
                -0.8505290150642395,
                -0.38782799243927
            ],
            "type": "VEC3"
        },
        {
            "bufferView": 2,
            "byteOffset": 79152,
            "componentType": 5126,
            "count": 92,
            "max": [
                0.4102582335472107,
                -0.20839430391788484,
                1.5788613557815552
            ],
            "min": [
                -0.4102582335472107,
                -0.540715217590332,
                1.2391592264175416
            ],
            "type": "VEC3"
        },
        {
            "bufferView": 1,
            "byteOffset": 52768,
            "componentType": 5126,
            "count": 92,
            "max": [
                0.9612699747085572,
                0.22990602254867557
            ],
            "min": [
                0.03872999921441078,
                0.020093977451324464
            ],
            "type": "VEC2"
        },
        {
            "bufferView": 3,
            "byteOffset": 52032,
            "componentType": 5126,
            "count": 92,
            "max": [
                1.0,
                0.17000000178813938,
                0.0,
                0.0
            ],
            "min": [
                0.8299999833106995,
                0.0,
                0.0,
                0.0
            ],
            "type": "VEC4"
        },
        {
            "bufferView": 4,
            "byteOffset": 0,
            "componentType": 5126,
            "count": 33,
            "max": [
                0.7103170156478882,
                1.0,
                0.8690170049667358,
                0.0,
                1.0,
                0.28617799282073977,
                0.007555999793112278,
                0.0,
                0.9974430203437804,
                0.9499689936637878,
                1.0,
                0.0,
                29.494598388671876,
                60.22439956665039,
                13.249199867248536,
                1.0
            ],
            "min": [
                -0.7103189826011658,
                -1.0,
                -0.8690170049667358,
                0.0,
                -1.0,
                -0.28617799282073977,
                -1.0,
                0.0,
                -1.0,
                -0.9499710202217102,
                -0.4185200035572052,
                0.0,
                -146.114013671875,
                -60.22439956665039,
                -21.59800148010254,
                1.0
            ],
            "type": "MAT4"
        }
    ],
    "materials": [
        {
            "pbrMetallicRoughness": {
                "baseColorFactor": [
                    1.0,
                    1.0,
                    1.0,
                    1.0
                ],
                "baseColorTexture": {
                    "index": 0
                },
                "metallicFactor": 0.0
            },
            "name": "Material__146"
        },
        {
            "pbrMetallicRoughness": {
                "baseColorFactor": [
                    1.0,
                    1.0,
                    1.0,
                    1.0
                ],
                "baseColorTexture": {
                    "index": 1
                },
                "metallicFactor": 0.0
            },
            "name": "Material__147"
        },
        {
            "pbrMetallicRoughness": {
                "baseColorFactor": [
                    1.0,
                    1.0,
                    1.0,
                    1.0
                ],
                "baseColorTexture": {
                    "index": 2
                },
                "metallicFactor": 0.0
            },
            "name": "Material__148"
        },
        {
            "pbrMetallicRoughness": {
                "baseColorTexture": {
                    "index": 3
                },
                "metallicFactor": 0.0
            },
            "name": "Material__149"
        }
    ],
    "textures": [
        {
            "sampler": 0,
            "source": 0
        },
        {
            "sampler": 0,
            "source": 1
        },
        {
            "sampler": 0,
            "source": 2
        },
        {
            "sampler": 0,
            "source": 3
        }
    ],
    "images": [
        {
            "uri": "pm0026_00_Body1.png"
        },
        {
            "uri": "pm0026_00_Eye1.png"
        },
        {
            "uri": "pm0026_00_Mouth1.png"
        },
        {
            "uri": "pm0026_00_BodyBInc.png"
        }
    ],
    "samplers": [
        {
            "magFilter": 9729,
            "minFilter": 9986,
            "wrapS": 10497,
            "wrapT": 10497
        }
    ],
    "bufferViews": [
        {
            "buffer": 0,
            "byteOffset": 189376,
            "byteLength": 32316,
            "target": 34963
        },
        {
            "buffer": 0,
            "byteOffset": 135872,
            "byteLength": 53504,
            "byteStride": 8,
            "target": 34962
        },
        {
            "buffer": 0,
            "byteOffset": 55616,
            "byteLength": 80256,
            "byteStride": 12,
            "target": 34962
        },
        {
            "buffer": 0,
            "byteOffset": 2112,
            "byteLength": 53504,
            "byteStride": 16,
            "target": 34962
        },
        {
            "buffer": 0,
            "byteOffset": 0,
            "byteLength": 2112
        }
    ],
    "buffers": [
        {
            "byteLength": 221692,
            "uri": "RaichuF_ColladaMax0.bin"
        }
    ]
}
