{
    "asset": {
        "generator": "COLLADA2GLTF",
        "version": "2.0"
    },
    "scenes": [
        {
            "nodes": [
                0
            ]
        }
    ],
    "scene": 0,
    "nodes": [
        {
            "children": [
                13,
                1
            ],
            "matrix": [
                1.0,
                0.0,
                0.0,
                0.0,
                0.0,
                0.0,
                -1.0,
                0.0,
                0.0,
                1.0,
                0.0,
                0.0,
                0.0,
                0.0,
                0.0,
                1.0
            ],
            "name": "Z_UP"
        },
        {
            "mesh": 0,
            "skin": 0,
            "name": "Machop"
        },
        {
            "children": [
                9,
                5,
                3
            ],
            "matrix": [
                -0.9911685585975648,
                -8.959471359260006e-11,
                -0.13260820508003236,
                0.0,
                8.959471359260006e-11,
                -1.0,
                5.966845073590577e-12,
                0.0,
                -0.13260820508003236,
                -5.966845073590577e-12,
                0.9911685585975648,
                0.0,
                0.0,
                0.0,
                0.0,
                1.0
            ],
            "name": "Hips"
        },
        {
            "children": [
                4
            ],
            "matrix": [
                0.102654866874218,
                6.014619358118978e-11,
                -0.9947170615196228,
                0.0,
                -6.014619358118978e-11,
                -1.0,
                -6.667272289817561e-11,
                0.0,
                -0.9947170615196228,
                6.667272289817561e-11,
                -0.102654866874218,
                0.0,
                0.15144215524196626,
                0.0,
                -0.2267104834318161,
                1.0
            ],
            "name": "Tail1"
        },
        {
            "matrix": [
                0.961049258708954,
                0.0,
                0.2763771414756775,
                0.0,
                0.0,
                1.0,
                0.0,
                0.0,
                -0.2763771414756775,
                0.0,
                0.961049258708954,
                0.0,
                0.23367489874362944,
                0.0,
                -7.620000275210259e-8,
                1.0
            ],
            "name": "Tail2"
        },
        {
            "children": [
                6
            ],
            "matrix": [
                0.9898165464401244,
                -0.0996089056134224,
                -0.10169178992509842,
                0.0,
                0.10012797266244888,
                0.9949745535850524,
                -3.2393021598409187e-8,
                0.0,
                0.10118074715137482,
                -0.010182160884141922,
                0.9948159456253052,
                0.0,
                0.11341963708400728,
                -0.1810923516750336,
                0.0,
                1.0
            ],
            "name": "RThigh"
        },
        {
            "children": [
                7
            ],
            "matrix": [
                0.9878594279289246,
                0.0,
                -0.15535025298595429,
                0.0,
                0.0,
                1.0,
                0.0,
                0.0,
                0.15535025298595429,
                0.0,
                0.9878594279289246,
                0.0,
                0.2786913514137268,
                2.5400000325248585e-8,
                1.2699999274445873e-7,
                1.0
            ],
            "name": "RLeg"
        },
        {
            "children": [
                8
            ],
            "matrix": [
                -0.249083012342453,
                -0.0565963126718998,
                0.9668270349502564,
                0.0,
                -0.11116109788417816,
                0.993364155292511,
                0.029511386528611184,
                0.0,
                -0.9620815515518189,
                -0.10012277215719225,
                -0.2537214457988739,
                0.0,
                0.22179383039474488,
                -1.2699999274445873e-7,
                -2.539999854889175e-7,
                1.0
            ],
            "name": "RFoot"
        },
        {
            "matrix": [
                1.0,
                0.0,
                0.0,
                0.0,
                0.0,
                1.0,
                0.0,
                0.0,
                0.0,
                0.0,
                1.0,
                0.0,
                0.2249114215373993,
                0.002227046526968479,
                -0.09168967604637146,
                1.0
            ],
            "name": "RToe"
        },
        {
            "children": [
                10
            ],
            "matrix": [
                0.9898165464401244,
                0.09960876405239104,
                -0.10169193148612976,
                0.0,
                -0.10012783110141754,
                0.9949745535850524,
                3.2442542874377987e-8,
                0.0,
                0.10118088871240616,
                0.010182160884141922,
                0.9948159456253052,
                0.0,
                0.11341963708400728,
                0.1810923516750336,
                0.0,
                1.0
            ],
            "name": "LThigh"
        },
        {
            "children": [
                11
            ],
            "matrix": [
                0.9878594279289246,
                0.0,
                -0.15535025298595429,
                0.0,
                0.0,
                1.0,
                0.0,
                0.0,
                0.15535025298595429,
                0.0,
                0.9878594279289246,
                0.0,
                0.2786913514137268,
                0.0,
                0.0,
                1.0
            ],
            "name": "LLeg"
        },
        {
            "children": [
                12
            ],
            "matrix": [
                -0.249083012342453,
                0.0565963126718998,
                0.9668270349502564,
                0.0,
                0.11116109788417816,
                0.993364155292511,
                -0.029511386528611184,
                0.0,
                -0.9620815515518189,
                0.10012277215719225,
                -0.2537214457988739,
                0.0,
                0.22179508209228517,
                0.0,
                0.0,
                1.0
            ],
            "name": "LFoot"
        },
        {
            "matrix": [
                1.0,
                0.0,
                0.0,
                0.0,
                0.0,
                1.0,
                0.0,
                0.0,
                0.0,
                0.0,
                1.0,
                0.0,
                0.2249116599559784,
                -0.00222709751687944,
                -0.09168942272663117,
                1.0
            ],
            "name": "LToe"
        },
        {
            "children": [
                14
            ],
            "matrix": [
                1.0,
                0.0,
                0.0,
                0.0,
                0.0,
                4.4896641959724089e-11,
                1.0,
                0.0,
                0.0,
                -1.0,
                4.4896641959724089e-11,
                0.0,
                0.0,
                0.0,
                0.0,
                1.0
            ],
            "name": "pm0066_00"
        },
        {
            "children": [
                15
            ],
            "name": "Origin"
        },
        {
            "children": [
                2,
                16
            ],
            "matrix": [
                -0.0000033221588182641428,
                0.9911684393882752,
                -0.1326089054346085,
                0.0,
                -1.0,
                -0.0000033221588182641428,
                2.212509286891873e-7,
                0.0,
                -2.212509286891873e-7,
                0.1326089054346085,
                0.9911684393882752,
                0.0,
                0.0,
                0.7584947943687439,
                0.13282014429569245,
                1.0
            ],
            "name": "Waist"
        },
        {
            "children": [
                17
            ],
            "name": "Spine1"
        },
        {
            "children": [
                38,
                20,
                18
            ],
            "matrix": [
                0.9971525073051452,
                0.0,
                -0.07541138678789139,
                0.0,
                0.0,
                1.0,
                0.0,
                0.0,
                0.07541138678789139,
                0.0,
                0.9971525073051452,
                0.0,
                0.15415869653224946,
                -2.5400000325248585e-8,
                0.0,
                1.0
            ],
            "name": "Spine2"
        },
        {
            "children": [
                19
            ],
            "matrix": [
                0.9783456325531006,
                0.0,
                0.20697776973247529,
                0.0,
                0.0,
                1.0,
                0.0,
                0.0,
                -0.20697776973247529,
                0.0,
                0.9783456325531006,
                0.0,
                0.3083432912826538,
                2.5400000325248585e-8,
                0.0,
                1.0
            ],
            "name": "Head"
        },
        {
            "matrix": [
                -0.5348243713378906,
                1.551021568957367e-7,
                0.8449632525444031,
                0.0,
                -0.0000032247507988358849,
                1.0,
                -0.000002224685431428952,
                0.0,
                -0.8449632525444031,
                -0.00000391461207982502,
                -0.5348243713378906,
                0.0,
                0.21428151428699497,
                0.0,
                0.0656391829252243,
                1.0
            ],
            "name": "Jaw"
        },
        {
            "children": [
                21
            ],
            "matrix": [
                -0.0015730143059045077,
                0.99921977519989,
                -0.039463404566049579,
                0.0,
                -0.9782995581626892,
                -0.00971410982310772,
                -0.20696772634983064,
                0.0,
                -0.20718960464000706,
                0.03828146681189537,
                0.977551519870758,
                0.0,
                0.2100076973438263,
                0.08361680060625076,
                -0.0012133325217291713,
                1.0
            ],
            "name": "RShoulder"
        },
        {
            "children": [
                22
            ],
            "matrix": [
                0.9952019453048706,
                0.09488988667726516,
                0.023852970451116567,
                0.0,
                -0.0948299765586853,
                0.995486855506897,
                -0.003632937325164676,
                0.0,
                -0.02409004792571068,
                0.0013535297475755217,
                0.999708890914917,
                0.0,
                0.14712442457675937,
                7.620000275210259e-8,
                0.0,
                1.0
            ],
            "name": "RArm"
        },
        {
            "children": [
                23
            ],
            "matrix": [
                0.9998981952667236,
                0.0,
                0.014267442747950554,
                0.0,
                0.0,
                1.0,
                0.0,
                0.0,
                -0.014267442747950554,
                0.0,
                0.9998981952667236,
                0.0,
                0.2971266508102417,
                7.620000275210259e-8,
                0.0,
                1.0
            ],
            "name": "RForeArm"
        },
        {
            "children": [
                35,
                32,
                29,
                26,
                24
            ],
            "matrix": [
                0.9999536871910096,
                -0.009622898884117604,
                0.0,
                0.0,
                0.009622898884117604,
                0.9999536871910096,
                0.0,
                0.0,
                0.0,
                0.0,
                1.0,
                0.0,
                0.2866618633270264,
                0.0,
                0.0,
                1.0
            ],
            "name": "RHand"
        },
        {
            "children": [
                25
            ],
            "matrix": [
                0.9023517370224,
                -0.019590988755226136,
                0.4305548667907715,
                0.0,
                0.4304533302783966,
                -0.009349103085696698,
                -0.9025644063949584,
                0.0,
                0.021707432344555856,
                0.9997643828392028,
                -0.0000031726340239401908,
                0.0,
                0.09874504059553148,
                0.05158714205026627,
                0.10946714133024216,
                1.0
            ],
            "name": "RFingerA1"
        },
        {
            "matrix": [
                0.9892100691795348,
                0.14595192670822144,
                -0.012707594782114028,
                0.0,
                -0.14601176977157594,
                0.9892750978469848,
                -0.003911551088094711,
                0.0,
                0.012000408954918385,
                0.005724804475903511,
                0.999911606311798,
                0.0,
                0.14956790208816529,
                -2.794000124595186e-7,
                -7.619999564667523e-7,
                1.0
            ],
            "name": "RFingerA2"
        },
        {
            "children": [
                27
            ],
            "matrix": [
                0.9999537467956544,
                0.009618849493563176,
                0.0,
                0.0,
                -0.009618849493563176,
                0.9999537467956544,
                0.0,
                0.0,
                0.0,
                0.0,
                1.0,
                0.0,
                0.2609621584415436,
                -0.0404621995985508,
                0.017889220267534257,
                1.0
            ],
            "name": "RFingerC1"
        },
        {
            "children": [
                28
            ],
            "matrix": [
                1.0,
                0.0,
                0.0,
                0.0,
                0.0,
                1.0,
                0.0,
                0.0,
                0.0,
                0.0,
                1.0,
                0.0,
                0.09185579419136048,
                2.794000124595186e-7,
                -1.7780000405309696e-7,
                1.0
            ],
            "name": "RFingerC2"
        },
        {
            "matrix": [
                1.0,
                0.0,
                0.0,
                0.0,
                0.0,
                1.0,
                0.0,
                0.0,
                0.0,
                0.0,
                1.0,
                0.0,
                0.07817205786705017,
                0.0,
                2.5400000325248585e-8,
                1.0
            ],
            "name": "RFingerC3"
        },
        {
            "children": [
                30
            ],
            "matrix": [
                0.9999537467956544,
                0.009618849493563176,
                0.0,
                0.0,
                -0.009618849493563176,
                0.9999537467956544,
                0.0,
                0.0,
                0.0,
                0.0,
                1.0,
                0.0,
                0.2544114887714386,
                -0.025435559451580049,
                -0.05741492286324501,
                1.0
            ],
            "name": "RFingerB1"
        },
        {
            "children": [
                31
            ],
            "matrix": [
                1.0,
                0.0,
                0.0,
                0.0,
                0.0,
                1.0,
                0.0,
                0.0,
                0.0,
                0.0,
                1.0,
                0.0,
                0.09229496121406557,
                0.000001142999963121838,
                0.0,
                1.0
            ],
            "name": "RFingerB2"
        },
        {
            "matrix": [
                1.0,
                0.0,
                0.0,
                0.0,
                0.0,
                1.0,
                0.0,
                0.0,
                0.0,
                0.0,
                1.0,
                0.0,
                0.07493101805448532,
                5.588000249190372e-7,
                0.0,
                1.0
            ],
            "name": "RFingerB3"
        },
        {
            "children": [
                33
            ],
            "matrix": [
                0.9999537467956544,
                0.009618849493563176,
                0.0,
                0.0,
                -0.009618849493563176,
                0.9999537467956544,
                0.0,
                0.0,
                0.0,
                0.0,
                1.0,
                0.0,
                0.2131159156560898,
                -0.0004317492130212486,
                -0.1248907744884491,
                1.0
            ],
            "name": "RFingerE1"
        },
        {
            "children": [
                34
            ],
            "matrix": [
                1.0,
                0.0,
                0.0,
                0.0,
                0.0,
                1.0,
                0.0,
                0.0,
                0.0,
                0.0,
                1.0,
                0.0,
                0.10161244869232178,
                3.8099997823337619e-7,
                5.0800000650497177e-8,
                1.0
            ],
            "name": "RFingerE2"
        },
        {
            "matrix": [
                1.0,
                0.0,
                0.0,
                0.0,
                0.0,
                1.0,
                0.0,
                0.0,
                0.0,
                0.0,
                1.0,
                0.0,
                0.0621819943189621,
                0.000001346199951512972,
                2.5400000325248585e-8,
                1.0
            ],
            "name": "RFingerE3"
        },
        {
            "children": [
                36
            ],
            "matrix": [
                0.9993336200714112,
                0.009612852707505228,
                0.03521279618144035,
                0.0,
                -0.009618816897273064,
                0.9999537467956544,
                -2.1177033460162424e-8,
                0.0,
                -0.035211168229579929,
                -0.00033868427271954715,
                0.999379813671112,
                0.0,
                0.2465654164552689,
                -0.029835093766450887,
                0.08354872465133667,
                1.0
            ],
            "name": "RFingerD1"
        },
        {
            "children": [
                37
            ],
            "matrix": [
                1.0,
                0.0,
                0.0,
                0.0,
                0.0,
                1.0,
                0.0,
                0.0,
                0.0,
                0.0,
                1.0,
                0.0,
                0.09607093036174774,
                -0.000001549399939904106,
                1.2699999274445873e-7,
                1.0
            ],
            "name": "RFingerD2"
        },
        {
            "matrix": [
                0.999379813671112,
                0.0,
                -0.035212766379117969,
                0.0,
                0.0,
                1.0,
                0.0,
                0.0,
                0.035212766379117969,
                0.0,
                0.999379813671112,
                0.0,
                0.07437755167484284,
                0.000001346199951512972,
                0.0,
                1.0
            ],
            "name": "RFingerD3"
        },
        {
            "children": [
                39
            ],
            "matrix": [
                -0.0015730143059045077,
                -0.99921977519989,
                -0.039463404566049579,
                0.0,
                0.9782995581626892,
                -0.00971410982310772,
                0.20696772634983064,
                0.0,
                -0.20718960464000706,
                -0.03828146681189537,
                0.977551519870758,
                0.0,
                0.2100074589252472,
                -0.08361680060625076,
                -0.001213307143189013,
                1.0
            ],
            "name": "LShoulder"
        },
        {
            "children": [
                40
            ],
            "matrix": [
                0.9952017664909364,
                -0.09489067643880844,
                0.023857662454247476,
                0.0,
                0.09483075886964798,
                0.9954867959022522,
                0.003632924985140562,
                0.0,
                -0.0240947175770998,
                -0.0013530530268326402,
                0.9997087717056274,
                0.0,
                0.14712442457675937,
                -7.620000275210259e-8,
                0.0,
                1.0
            ],
            "name": "LArm"
        },
        {
            "children": [
                41
            ],
            "matrix": [
                0.9998981952667236,
                1.4267443226856358e-8,
                0.014267442747950554,
                0.0,
                -1.4267443226856358e-8,
                1.0,
                -1.0178514281422579e-10,
                0.0,
                -0.014267442747950554,
                -1.0178514281422579e-10,
                0.9998981952667236,
                0.0,
                0.2971266508102417,
                -7.620000275210259e-8,
                0.0,
                1.0
            ],
            "name": "LForeArm"
        },
        {
            "children": [
                54,
                51,
                48,
                45,
                42
            ],
            "matrix": [
                0.9999536871910096,
                0.00962284579873085,
                0.0,
                0.0,
                -0.00962284579873085,
                0.9999536871910096,
                0.0,
                0.0,
                0.0,
                0.0,
                1.0,
                0.0,
                0.2866618633270264,
                0.0,
                0.0,
                1.0
            ],
            "name": "LHand"
        },
        {
            "children": [
                43
            ],
            "matrix": [
                0.9999537467956544,
                -0.009619093500077725,
                0.0,
                0.0,
                0.009619093500077725,
                0.9999537467956544,
                0.0,
                0.0,
                0.0,
                0.0,
                1.0,
                0.0,
                0.21311742067337037,
                0.00043030138476751745,
                -0.1248907744884491,
                1.0
            ],
            "name": "LFingerE1"
        },
        {
            "children": [
                44
            ],
            "matrix": [
                1.0,
                0.0,
                0.0,
                0.0,
                0.0,
                1.0,
                0.0,
                0.0,
                0.0,
                0.0,
                1.0,
                0.0,
                0.10161219537258148,
                2.794000124595186e-7,
                0.0,
                1.0
            ],
            "name": "LFingerE2"
        },
        {
            "matrix": [
                1.0,
                0.0,
                0.0,
                0.0,
                0.0,
                1.0,
                0.0,
                0.0,
                0.0,
                0.0,
                1.0,
                0.0,
                0.06218225136399269,
                -7.620000275210259e-8,
                0.0,
                1.0
            ],
            "name": "LFingerE3"
        },
        {
            "children": [
                46
            ],
            "matrix": [
                0.9993336200714112,
                -0.009613155387341977,
                0.03521289676427841,
                0.0,
                0.009619119577109814,
                0.9999537467956544,
                2.6153200494150046e-8,
                0.0,
                -0.035211265087127689,
                0.0003386909083928913,
                0.999379813671112,
                0.0,
                0.24656695127487184,
                0.029835093766450887,
                0.08354872465133667,
                1.0
            ],
            "name": "LFingerD1"
        },
        {
            "children": [
                47
            ],
            "matrix": [
                1.0,
                0.0,
                0.0,
                0.0,
                0.0,
                1.0,
                0.0,
                0.0,
                0.0,
                0.0,
                1.0,
                0.0,
                0.09606940299272536,
                0.0,
                -0.0,
                1.0
            ],
            "name": "LFingerD2"
        },
        {
            "matrix": [
                0.999379813671112,
                0.0,
                -0.035212766379117969,
                0.0,
                0.0,
                1.0,
                0.0,
                0.0,
                0.035212766379117969,
                0.0,
                0.999379813671112,
                0.0,
                0.07437856495380402,
                1.7780000405309696e-7,
                0.0,
                1.0
            ],
            "name": "LFingerD3"
        },
        {
            "children": [
                49
            ],
            "matrix": [
                0.9999537467956544,
                -0.009619093500077725,
                0.0,
                0.0,
                0.009619093500077725,
                0.9999537467956544,
                0.0,
                0.0,
                0.0,
                0.0,
                1.0,
                0.0,
                0.2609621584415436,
                0.04046245291829109,
                0.01788911782205105,
                1.0
            ],
            "name": "LFingerC1"
        },
        {
            "children": [
                50
            ],
            "matrix": [
                1.0,
                0.0,
                0.0,
                0.0,
                0.0,
                1.0,
                0.0,
                0.0,
                0.0,
                0.0,
                1.0,
                0.0,
                0.09185554087162018,
                1.7780000405309696e-7,
                0.0,
                1.0
            ],
            "name": "LFingerC2"
        },
        {
            "matrix": [
                1.0,
                0.0,
                0.0,
                0.0,
                0.0,
                1.0,
                0.0,
                0.0,
                0.0,
                0.0,
                1.0,
                0.0,
                0.07817357778549195,
                -3.8099997823337619e-7,
                0.0,
                1.0
            ],
            "name": "LFingerC3"
        },
        {
            "children": [
                52
            ],
            "matrix": [
                0.9999537467956544,
                -0.009619093500077725,
                0.0,
                0.0,
                0.009619093500077725,
                0.9999537467956544,
                0.0,
                0.0,
                0.0,
                0.0,
                1.0,
                0.0,
                0.2544140219688416,
                0.02543429099023342,
                -0.05741492286324501,
                1.0
            ],
            "name": "LFingerB1"
        },
        {
            "children": [
                53
            ],
            "matrix": [
                1.0,
                0.0,
                0.0,
                0.0,
                0.0,
                1.0,
                0.0,
                0.0,
                0.0,
                0.0,
                1.0,
                0.0,
                0.09229344129562378,
                -1.7780000405309696e-7,
                0.0,
                1.0
            ],
            "name": "LFingerB2"
        },
        {
            "matrix": [
                1.0,
                0.0,
                0.0,
                0.0,
                0.0,
                1.0,
                0.0,
                0.0,
                0.0,
                0.0,
                1.0,
                0.0,
                0.07493051141500473,
                1.7780000405309696e-7,
                0.0,
                1.0
            ],
            "name": "LFingerB3"
        },
        {
            "children": [
                55
            ],
            "matrix": [
                0.9023521542549132,
                0.01959195360541344,
                0.43055400252342226,
                0.0,
                -0.43045246601104739,
                -0.009349515661597252,
                0.902564823627472,
                0.0,
                0.021708479151129724,
                -0.999764323234558,
                -0.0000031507661333307625,
                0.0,
                0.09874630719423294,
                -0.05158790573477745,
                0.10946714133024216,
                1.0
            ],
            "name": "LFingerA1"
        },
        {
            "matrix": [
                0.9892100691795348,
                -0.1459517478942871,
                -0.01270757894963026,
                0.0,
                0.1460115909576416,
                0.9892751574516296,
                0.0039115478284657,
                0.0,
                0.012000394985079766,
                -0.00572479609400034,
                0.999911606311798,
                0.0,
                0.14956839382648469,
                0.0,
                7.620000275210259e-8,
                1.0
            ],
            "name": "LFingerA2"
        }
    ],
    "meshes": [
        {
            "primitives": [
                {
                    "attributes": {
                        "JOINTS_0": 1,
                        "NORMAL": 2,
                        "POSITION": 3,
                        "TEXCOORD_0": 4,
                        "WEIGHTS_0": 5
                    },
                    "indices": 0,
                    "mode": 4,
                    "material": 0
                },
                {
                    "attributes": {
                        "JOINTS_0": 7,
                        "NORMAL": 8,
                        "POSITION": 9,
                        "TEXCOORD_0": 10,
                        "WEIGHTS_0": 11
                    },
                    "indices": 6,
                    "mode": 4,
                    "material": 1
                },
                {
                    "attributes": {
                        "JOINTS_0": 13,
                        "NORMAL": 14,
                        "POSITION": 15,
                        "TEXCOORD_0": 16,
                        "WEIGHTS_0": 17
                    },
                    "indices": 12,
                    "mode": 4,
                    "material": 2
                }
            ],
            "name": "Machop"
        }
    ],
    "skins": [
        {
            "inverseBindMatrices": 18,
            "skeleton": 2,
            "joints": [
                2,
                9,
                10,
                11,
                12,
                5,
                6,
                7,
                8,
                3,
                4,
                16,
                17,
                18,
                19,
                38,
                39,
                40,
                41,
                54,
                55,
                51,
                52,
                53,
                48,
                49,
                50,
                45,
                46,
                47,
                42,
                43,
                44,
                20,
                21,
                22,
                23,
                24,
                25,
                29,
                30,
                31,
                26,
                27,
                28,
                35,
                36,
                37,
                32,
                33,
                34
            ],
            "name": "Machop-mesh-skin"
        }
    ],
    "accessors": [
        {
            "bufferView": 0,
            "byteOffset": 0,
            "componentType": 5123,
            "count": 480,
            "max": [
                101
            ],
            "min": [
                0
            ],
            "type": "SCALAR"
        },
        {
            "bufferView": 1,
            "byteOffset": 0,
            "componentType": 5123,
            "count": 102,
            "max": [
                13,
                0,
                0,
                0
            ],
            "min": [
                13,
                0,
                0,
                0
            ],
            "type": "VEC4"
        },
        {
            "bufferView": 2,
            "byteOffset": 0,
            "componentType": 5126,
            "count": 102,
            "max": [
                0.9553409814834596,
                -0.24407699704170228,
                0.55137699842453
            ],
            "min": [
                -0.9553409814834596,
                -0.9639229774475098,
                0.013818000443279744
            ],
            "type": "VEC3"
        },
        {
            "bufferView": 2,
            "byteOffset": 1224,
            "componentType": 5126,
            "count": 102,
            "max": [
                0.2895752489566803,
                -0.22874198853969578,
                1.7139132022857669
            ],
            "min": [
                -0.2895752489566803,
                -0.4841138422489166,
                1.4053820371627808
            ],
            "type": "VEC3"
        },
        {
            "bufferView": 1,
            "byteOffset": 816,
            "componentType": 5126,
            "count": 102,
            "max": [
                0.4879400134086609,
                -0.7748899459838867
            ],
            "min": [
                0.012060999870300292,
                -0.9905500411987304
            ],
            "type": "VEC2"
        },
        {
            "bufferView": 3,
            "byteOffset": 0,
            "componentType": 5126,
            "count": 102,
            "max": [
                1.0,
                0.0,
                0.0,
                0.0
            ],
            "min": [
                1.0,
                0.0,
                0.0,
                0.0
            ],
            "type": "VEC4"
        },
        {
            "bufferView": 0,
            "byteOffset": 960,
            "componentType": 5123,
            "count": 13302,
            "max": [
                2836
            ],
            "min": [
                0
            ],
            "type": "SCALAR"
        },
        {
            "bufferView": 1,
            "byteOffset": 1632,
            "componentType": 5123,
            "count": 2837,
            "max": [
                50,
                50,
                48,
                34
            ],
            "min": [
                0,
                0,
                0,
                0
            ],
            "type": "VEC4"
        },
        {
            "bufferView": 2,
            "byteOffset": 2448,
            "componentType": 5126,
            "count": 2837,
            "max": [
                0.998528003692627,
                0.9999709725379944,
                0.9999970197677612
            ],
            "min": [
                -0.998528003692627,
                -0.9999939799308776,
                -0.9999439716339112
            ],
            "type": "VEC3"
        },
        {
            "bufferView": 2,
            "byteOffset": 36492,
            "componentType": 5126,
            "count": 2837,
            "max": [
                1.3408583402633668,
                0.6737502217292786,
                2.01123309135437
            ],
            "min": [
                -1.3408583402633668,
                -0.5087696313858032,
                0.007007885258644819
            ],
            "type": "VEC3"
        },
        {
            "bufferView": 1,
            "byteOffset": 24328,
            "componentType": 5126,
            "count": 2837,
            "max": [
                1.0,
                0.9924179911613464
            ],
            "min": [
                0.0,
                0.007812023162841797
            ],
            "type": "VEC2"
        },
        {
            "bufferView": 3,
            "byteOffset": 1632,
            "componentType": 5126,
            "count": 2837,
            "max": [
                1.0,
                0.9900000095367432,
                0.8999999761581421,
                0.2600000202655792
            ],
            "min": [
                0.009999999776482582,
                0.0,
                0.0,
                0.0
            ],
            "type": "VEC4"
        },
        {
            "bufferView": 0,
            "byteOffset": 27564,
            "componentType": 5123,
            "count": 480,
            "max": [
                101
            ],
            "min": [
                0
            ],
            "type": "SCALAR"
        },
        {
            "bufferView": 1,
            "byteOffset": 47024,
            "componentType": 5123,
            "count": 102,
            "max": [
                13,
                0,
                0,
                0
            ],
            "min": [
                13,
                0,
                0,
                0
            ],
            "type": "VEC4"
        },
        {
            "bufferView": 2,
            "byteOffset": 70536,
            "componentType": 5126,
            "count": 102,
            "max": [
                0.9200810194015504,
                -0.32178598642349245,
                0.687807023525238
            ],
            "min": [
                -0.9200810194015504,
                -0.9329929947853088,
                0.01090999972075224
            ],
            "type": "VEC3"
        },
        {
            "bufferView": 2,
            "byteOffset": 71760,
            "componentType": 5126,
