{
    "asset": {
        "generator": "COLLADA2GLTF",
        "version": "2.0"
    },
    "scenes": [
        {
            "nodes": [
                0
            ]
        }
    ],
    "scene": 0,
    "nodes": [
        {
            "children": [
                11,
                1
            ],
            "matrix": [
                1.0,
                0.0,
                0.0,
                0.0,
                0.0,
                0.0,
                -1.0,
                0.0,
                0.0,
                1.0,
                0.0,
                0.0,
                0.0,
                0.0,
                0.0,
                1.0
            ],
            "name": "Z_UP"
        },
        {
            "mesh": 0,
            "skin": 0,
            "name": "Ivysaur"
        },
        {
            "children": [
                7,
                3
            ],
            "matrix": [
                -0.9838343262672424,
                3.8544391145478587e-7,
                -0.17908093333244325,
                0.0,
                0.003615389810875058,
                -0.9997961521148682,
                -0.019864371046423913,
                0.0,
                -0.1790444254875183,
                -0.02019069716334343,
                0.983633816242218,
                0.0,
                0.0,
                0.0,
                0.0,
                1.0
            ],
            "name": "Hips"
        },
        {
            "children": [
                4
            ],
            "matrix": [
                -0.08474992215633393,
                -0.06901416182518006,
                0.9940093159675598,
                0.0,
                -0.40586134791374209,
                0.9134801626205444,
                0.02881899476051331,
                0.0,
                -0.9099966883659364,
                -0.4009875357151032,
                -0.1054275557398796,
                0.0,
                0.3923664689064026,
                -0.5775731205940247,
                0.1524091362953186,
                1.0
            ],
            "name": "RThigh"
        },
        {
            "children": [
                5
            ],
            "matrix": [
                0.9224687218666076,
                0.0,
                -0.3860718607902527,
                0.0,
                0.0,
                1.0,
                0.0,
                0.0,
                0.3860718607902527,
                0.0,
                0.9224687218666076,
                0.0,
                0.4216780960559845,
                -0.000001549399939904106,
                6.603999622711854e-7,
                1.0
            ],
            "name": "RLeg"
        },
        {
            "children": [
                6
            ],
            "matrix": [
                -0.2917744815349579,
                -0.10545127838850022,
                0.9506564736366272,
                0.0,
                -0.04090768471360207,
                0.9943704009056092,
                0.0977448970079422,
                0.0,
                -0.9556119441986084,
                -0.010369687341153622,
                -0.294445663690567,
                0.0,
                0.2775458097457886,
                -2.794000124595186e-7,
                0.000001142999963121838,
                1.0
            ],
            "name": "RFoot"
        },
        {
            "matrix": [
                1.0,
                0.0,
                0.0,
                0.0,
                0.0,
                1.0,
                0.0,
                0.0,
                0.0,
                0.0,
                1.0,
                0.0,
                0.16793641448020936,
                0.000001244599957317405,
                -0.06931507587432862,
                1.0
            ],
            "name": "RToe"
        },
        {
            "children": [
                8
            ],
            "matrix": [
                -0.08475015312433243,
                0.028824973851442338,
                0.995985209941864,
                0.0,
                0.40586206316947939,
                0.9138985872268676,
                0.008086234331130982,
                0.0,
                -0.9099963903427124,
                0.4049179255962372,
                -0.0891520082950592,
                0.0,
                0.3923664689064026,
                0.5775731205940247,
                0.1524091362953186,
                1.0
            ],
            "name": "LThigh"
        },
        {
            "children": [
                9
            ],
            "matrix": [
                0.9224687218666076,
                0.0,
                -0.3860718607902527,
                0.0,
                0.0,
                1.0,
                0.0,
                0.0,
                0.3860718607902527,
                0.0,
                0.9224687218666076,
                0.0,
                0.4216780960559845,
                0.0,
                -2.5400000325248585e-8,
                1.0
            ],
            "name": "LLeg"
        },
        {
            "children": [
                10
            ],
            "matrix": [
                -0.2917744815349579,
                0.10545127838850022,
                0.9506564736366272,
                0.0,
                0.04090768471360207,
                0.9943704009056092,
                -0.0977448970079422,
                0.0,
                -0.9556119441986084,
                0.010369687341153622,
                -0.294445663690567,
                0.0,
                0.2775458097457886,
                0.0,
                7.620000275210259e-8,
                1.0
            ],
            "name": "LFoot"
        },
        {
            "matrix": [
                1.0,
                0.0,
                0.0,
                0.0,
                0.0,
                1.0,
                0.0,
                0.0,
                0.0,
                0.0,
                1.0,
                0.0,
                0.16793844103813172,
                0.0,
                -0.06931507587432862,
                1.0
            ],
            "name": "LToe"
        },
        {
            "children": [
                12
            ],
            "matrix": [
                1.0,
                0.0,
                0.0,
                0.0,
                0.0,
                4.4896641959724089e-11,
                1.0,
                0.0,
                0.0,
                -1.0,
                4.4896641959724089e-11,
                0.0,
                0.0,
                0.0,
                0.0,
                1.0
            ],
            "name": "pm0002_00"
        },
        {
            "children": [
                13
            ],
            "name": "Origin"
        },
        {
            "children": [
                2,
                14
            ],
            "matrix": [
                -0.000004048662503919331,
                0.17908236384391786,
                0.9838340878486632,
                0.0,
                -1.0,
                -0.000007041891876724549,
                -0.0000028333879527053797,
                0.0,
                0.000006420643330784515,
                -0.9838340878486632,
                0.17908236384391786,
                0.0,
                0.0,
                0.961105465888977,
                -0.4046804010868073,
                1.0
            ],
            "name": "Waist"
        },
        {
            "children": [
                41,
                38,
                35,
                33,
                30,
                15
            ],
            "name": "Spine1"
        },
        {
            "children": [
                25,
                20,
                16
            ],
            "matrix": [
                0.9947237372398377,
                0.0,
                0.1025899350643158,
                0.0,
                0.0,
                1.0,
                0.0,
                0.0,
                -0.1025899350643158,
                0.0,
                0.9947237372398377,
                0.0,
                0.3270707130432129,
                5.0800000650497177e-8,
                1.7780000405309696e-7,
                1.0
            ],
            "name": "Spine2"
        },
        {
            "children": [
                19,
                18,
                17
            ],
            "matrix": [
                0.9968236684799194,
                -3.718805885455368e-8,
                0.07964028418064118,
                0.0,
                -6.743103426742891e-7,
                1.0,
                0.000008907007213565521,
                0.0,
                -0.07964028418064118,
                -0.000008932417586038355,
                0.9968236684799194,
                0.0,
                0.5586780309677124,
                7.620000275210259e-8,
                0.0,
                1.0
            ],
            "name": "Head"
        },
        {
            "matrix": [
                0.8512885570526123,
                0.000003804764673986938,
                0.5246977806091309,
                0.0,
                6.565778676304035e-7,
                1.0,
                -0.000008316600542457309,
                0.0,
                -0.5246977806091309,
                0.0000074243321250833109,
                0.8512885570526123,
                0.0,
                0.41869866847991946,
                0.0,
                0.0,
                1.0
            ],
            "name": "Jaw"
        },
        {
            "matrix": [
                0.056967876851558688,
                -0.7075089812278748,
                -0.7044045329093933,
                0.0,
                0.8877381086349487,
                0.3587239980697632,
                -0.28851020336151125,
                0.0,
                0.4568103849887848,
                -0.608890950679779,
                0.6485183835029602,
                0.0,
                0.2933293581008911,
                -0.5256174206733704,
                -0.42242231965065,
                1.0
            ],
            "name": "LEar"
        },
        {
            "matrix": [
                0.05696716159582138,
                0.7074966430664063,
                -0.7044169902801514,
                0.0,
                -0.8877383470535278,
                0.3587283194065094,
                0.288504034280777,
                0.0,
                0.456809937953949,
                0.6089027523994446,
                0.6485076546669006,
                0.0,
                0.2933293581008911,
                0.5256174206733704,
                -0.42242231965065,
                1.0
            ],
            "name": "REar"
        },
        {
            "children": [
                21
            ],
            "matrix": [
                0.037312958389520648,
                -0.7280212640762329,
                0.6845383644104004,
                0.0,
                0.0564396046102047,
                -0.6823866367340088,
                -0.7288093566894531,
                0.0,
                0.9977085590362548,
                0.06582910567522049,
                0.015627367421984674,
                0.0,
                0.28986987471580508,
                -0.44074586033821108,
                0.056847989559173587,
                1.0
            ],
            "name": "LShoulder"
        },
        {
            "children": [
                22
            ],
            "matrix": [
                0.6758880019187927,
                -0.7260269522666931,
                -0.12672929465770722,
                0.0,
                0.7246262431144714,
                0.6860204935073853,
                -0.06551875174045563,
                0.0,
                0.13450726866722108,
                -0.04754803329706192,
                0.9897711873054504,
                0.0,
                0.23973610997200013,
                7.620000275210259e-8,
                -2.5400000325248585e-8,
                1.0
            ],
            "name": "LArm"
        },
        {
            "children": [
                23
            ],
            "matrix": [
                0.9869778156280518,
                0.0,
                0.1608562469482422,
                0.0,
                0.0,
                1.0,
                0.0,
                0.0,
                -0.1608562469482422,
                0.0,
                0.9869778156280518,
                0.0,
                0.3875760436058045,
                2.5400000325248585e-8,
                0.0,
                1.0
            ],
            "name": "LForeArm"
        },
        {
            "children": [
                24
            ],
            "matrix": [
                0.09519360959529876,
                0.1908087134361267,
                0.9770005941390992,
                0.0,
                -0.013458340428769589,
                0.9816146492958068,
                -0.19039851427078248,
                0.0,
                -0.9953678250312804,
                0.004975914489477873,
                0.09601140767335892,
                0.0,
                0.3320516645908356,
                1.7780000405309696e-7,
                0.0,
                1.0
            ],
            "name": "LHand"
        },
        {
            "matrix": [
                1.0,
                0.0,
                0.0,
                0.0,
                0.0,
                1.0,
                0.0,
                0.0,
                0.0,
                0.0,
                1.0,
                0.0,
                0.09946665167808532,
                0.0,
                -0.06863181293010712,
                1.0
            ],
            "name": "LFinger"
        },
        {
            "children": [
                26
            ],
            "matrix": [
                0.037312958389520648,
                0.7280212640762329,
                0.6845383644104004,
                0.0,
                -0.0564396046102047,
                -0.6823866367340088,
                0.7288093566894531,
                0.0,
                0.9977085590362548,
                -0.06582910567522049,
                0.015627367421984674,
                0.0,
                0.28986987471580508,
                0.44074586033821108,
                0.05684875324368477,
                1.0
            ],
            "name": "RShoulder"
        },
        {
            "children": [
                27
            ],
            "matrix": [
                0.6758880019187927,
                0.7260269522666931,
                -0.12672929465770722,
                0.0,
                -0.7246262431144714,
                0.6860204935073853,
                0.06551875174045563,
                0.0,
                0.13450726866722108,
                0.04754803329706192,
                0.9897711873054504,
                0.0,
                0.23973482847213746,
                4.826000008506526e-7,
                2.5400000325248585e-8,
                1.0
            ],
            "name": "RArm"
        },
        {
            "children": [
                28
            ],
            "matrix": [
                0.9869778156280518,
                0.0,
                0.1608562469482422,
                0.0,
                0.0,
                1.0,
                0.0,
                0.0,
                -0.1608562469482422,
                0.0,
                0.9869778156280518,
                0.0,
                0.3875760436058045,
                1.2699999274445873e-7,
                0.0,
                1.0
            ],
            "name": "RForeArm"
        },
        {
            "children": [
                29
            ],
            "matrix": [
                0.09519360959529876,
                -0.1908087134361267,
                0.9770005941390992,
                0.0,
                0.013458340428769589,
                0.9816146492958068,
                0.19039851427078248,
                0.0,
                -0.9953678250312804,
                -0.004975914489477873,
                0.09601140767335892,
                0.0,
                0.3320542275905609,
                -1.2699999274445873e-7,
                -1.7780000405309696e-7,
                1.0
            ],
            "name": "RHand"
        },
        {
            "matrix": [
                1.0,
                0.0,
                0.0,
                0.0,
                0.0,
                1.0,
                0.0,
                0.0,
                0.0,
                0.0,
                1.0,
                0.0,
                0.09946563094854356,
                1.2699999274445873e-7,
                -0.06863155961036682,
                1.0
            ],
            "name": "RFinger"
        },
        {
            "children": [
                31
            ],
            "matrix": [
                0.06628138571977616,
                0.9065356850624085,
                -0.4168931245803833,
                0.0,
                0.9845045208930968,
                0.008564913645386696,
                0.17514975368976594,
                0.0,
                0.1623501479625702,
                -0.4220423400402069,
                -0.891920804977417,
                0.0,
                0.22299115359783173,
                0.2887827455997467,
                -0.4464075267314911,
                1.0
            ],
            "name": "RFeeler1"
        },
        {
            "children": [
                32
            ],
            "matrix": [
                0.9760512709617616,
                -0.0004108126158826053,
                -0.2175402790307999,
                0.0,
                -0.00004619801256922074,
                0.9999977946281432,
                -0.002095719100907445,
                0.0,
                0.2175406664609909,
                0.0020555793307721617,
                0.9760490655899048,
                0.0,
                0.7406944632530212,
                -7.619999564667523e-7,
                4.826000008506526e-7,
                1.0
            ],
            "name": "RFeeler2"
        },
        {
            "matrix": [
                0.9831029176712036,
                0.0012503569014370442,
                -0.18304939568042756,
                0.0,
                -0.0015519390581175686,
                0.9999976754188538,
                -0.0015043036546558142,
                0.0,
                0.1830470860004425,
                0.0017629668582230809,
                0.983102560043335,
                0.0,
                0.4878095090389252,
                0.000001574799966874707,
                -8.636000075057382e-7,
                1.0
            ],
            "name": "RFeeler3"
        },
        {
            "children": [
                34
            ],
            "matrix": [
                0.1328723281621933,
                0.0,
                -0.991133153438568,
                0.0,
                0.0,
                1.0,
                0.0,
                0.0,
                0.991133153438568,
                0.0,
                0.1328723281621933,
                0.0,
                0.22366604208946229,
                0.0,
                -0.3671925663948059,
                1.0
            ],
            "name": "FeelerA1"
        },
        {
            "matrix": [
                1.0,
                0.0,
                0.0,
                0.0,
                0.0,
                1.0,
                0.0,
                0.0,
                0.0,
                0.0,
                1.0,
                0.0,
                0.3467912673950196,
                -0.0,
                -2.5400000325248585e-8,
                1.0
            ],
            "name": "FeelerA2"
        },
        {
            "children": [
                36
            ],
            "matrix": [
                0.9527735114097596,
                1.3798157928734956e-11,
                -0.30368173122406008,
                0.0,
                -1.3798157928734956e-11,
                -1.0,
                -8.872669959858469e-11,
                0.0,
                -0.30368173122406008,
                8.872669959858469e-11,
                -0.9527735114097596,
                0.0,
                0.5244362950325012,
                2.5400000325248585e-8,
                -0.46250349283218386,
                1.0
            ],
            "name": "FeelerC1"
        },
        {
            "children": [
                37
            ],
            "matrix": [
                0.9589861035346984,
                0.0,
                -0.2834530174732208,
                0.0,
                0.0,
                1.0,
                0.0,
                0.0,
                0.2834530174732208,
                0.0,
                0.9589861035346984,
                0.0,
                0.6989368200302124,
                -5.0800000650497177e-8,
                -7.620000275210259e-8,
                1.0
            ],
            "name": "FeelerC2"
        },
        {
            "matrix": [
                0.9790888428688048,
                1.342932609560421e-8,
                -0.20343327522277833,
                0.0,
                -0.0000020209033664286837,
                1.0,
                -0.000009660241630626844,
                0.0,
                0.20343327522277833,
                0.000009869353561953176,
                0.9790887832641602,
                0.0,
                0.5478500127792358,
                0.0,
                1.7780000405309696e-7,
                1.0
            ],
            "name": "FeelerC3"
        },
        {
            "children": [
                39
            ],
            "matrix": [
                -0.8308873772621155,
                -0.0,
                -0.5564405918121338,
                0.0,
                0.0,
                1.0,
                0.0,
                0.0,
                0.5564405918121338,
                0.0,
                -0.8308873772621155,
                0.0,
                -0.09104807674884796,
                -7.620000275210259e-8,
                -0.524708092212677,
                1.0
            ],
            "name": "FeelerB1"
        },
        {
            "children": [
                40
            ],
            "matrix": [
                0.9517691135406494,
                1.4469260634086826e-7,
                -0.30681511759758,
                0.0,
                1.4469260634086826e-7,
                1.0,
                9.204454158862064e-7,
                0.0,
                0.30681511759758,
                -9.204454158862064e-7,
                0.9517691135406494,
                0.0,
                0.6810222268104553,
                0.0,
                2.794000124595186e-7,
                1.0
            ],
            "name": "FeelerB2"
        },
        {
            "matrix": [
                0.995183527469635,
                -9.27839721498458e-7,
                -0.0980292782187462,
                0.0,
                0.0009011204820126296,
                0.9999578595161438,
                0.009138621389865876,
                0.0,
                0.0980251356959343,
                -0.009182942099869252,
                0.9951415657997133,
                0.0,
                0.6281114816665649,
                0.0,
                -5.588000249190372e-7,
                1.0
            ],
            "name": "FeelerB3"
        },
        {
            "children": [
                42
            ],
            "matrix": [
                0.06628133356571198,
                -0.9065357446670532,
                -0.416892945766449,
                0.0,
                -0.9845045804977416,
                0.00856485590338707,
                -0.1751495748758316,
                0.0,
                0.16234998404979709,
                0.4220421612262726,
                -0.8919209241867065,
                0.0,
                0.22299115359783173,
                -0.2887827455997467,
                -0.4464075267314911,
                1.0
            ],
            "name": "LFeeler1"
        },
        {
            "children": [
                43
            ],
            "matrix": [
                0.9760512709617616,
                0.0004099184588994831,
                -0.2175402790307999,
                0.0,
                0.00004704425737145357,
                0.9999977946281432,
                0.002095405710861087,
                0.0,
                0.2175406664609909,
                -0.002055457560345531,
                0.9760490655899048,
                0.0,
                0.7406944632530212,
                -2.5400000325248585e-8,
                0.0,
                1.0
            ],
            "name": "LFeeler2"
        },
        {
            "matrix": [
                0.9831029176712036,
                -0.001250556786544621,
                -0.18304939568042756,
                0.0,
                0.0015521051827818156,
                0.9999976754188538,
                0.0015041037695482374,
                0.0,
                0.1830470860004425,
                -0.0017628007335588337,
                0.983102560043335,
                0.0,
                0.4878095090389252,
                2.5400000325248585e-8,
                -7.620000275210259e-8,
                1.0
            ],
            "name": "LFeeler3"
        }
    ],
    "meshes": [
        {
            "primitives": [
                {
                    "attributes": {
                        "JOINTS_0": 1,
                        "NORMAL": 2,
                        "POSITION": 3,
                        "TEXCOORD_0": 4,
                        "WEIGHTS_0": 5
                    },
                    "indices": 0,
                    "mode": 4,
                    "material": 0
                },
                {
                    "attributes": {
                        "JOINTS_0": 7,
                        "NORMAL": 8,
                        "POSITION": 9,
                        "TEXCOORD_0": 10,
                        "WEIGHTS_0": 11
                    },
                    "indices": 6,
                    "mode": 4,
                    "material": 1
                },
                {
                    "attributes": {
                        "JOINTS_0": 13,
                        "NORMAL": 14,
                        "POSITION": 15,
                        "TEXCOORD_0": 16,
                        "WEIGHTS_0": 17
                    },
                    "indices": 12,
                    "mode": 4,
                    "material": 2
                },
                {
                    "attributes": {
                        "JOINTS_0": 19,
                        "NORMAL": 20,
                        "POSITION": 21,
                        "TEXCOORD_0": 22,
                        "WEIGHTS_0": 23
                    },
                    "indices": 18,
                    "mode": 4,
                    "material": 3
                }
            ],
            "name": "Ivysaur"
        }
    ],
    "skins": [
        {
            "inverseBindMatrices": 24,
            "skeleton": 2,
            "joints": [
                2,
                7,
                8,
                9,
                10,
                3,
                4,
                5,
                6,
                14,
                33,
                34,
                38,
                39,
                40,
                35,
                36,
                37,
                41,
                42,
                43,
                30,
                31,
                32,
                15,
                16,
                17,
                18,
                19,
                20,
                21,
                22,
                23,
                24,
                25,
                26,
                27,
                28,
                29
            ],
            "name": "Ivysaur-mesh-skin"
        }
    ],
    "accessors": [
        {
            "bufferView": 0,
            "byteOffset": 0,
            "componentType": 5123,
            "count": 10056,
            "max": [
                2122
            ],
            "min": [
                0
            ],
            "type": "SCALAR"
        },
        {
            "bufferView": 1,
            "byteOffset": 0,
            "componentType": 5123,
            "count": 2123,
            "max": [
                38,
                38,
                37,
                38
            ],
            "min": [
                0,
                0,
                0,
                0
            ],
            "type": "VEC4"
        },
        {
            "bufferView": 2,
            "byteOffset": 0,
            "componentType": 5126,
            "count": 2123,
            "max": [
                0.999169945716858,
                0.9985999464988709,
                0.999966025352478
            ],
            "min": [
                -0.999169945716858,
                -0.999974012374878,
                -1.0
            ],
            "type": "VEC3"
        },
        {
            "bufferView": 2,
            "byteOffset": 25476,
            "componentType": 5126,
            "count": 2123,
            "max": [
                0.9338513016700744,
                1.129113793373108,
                1.7296104431152344
            ],
            "min": [
                -0.9338513016700744,
                -1.6806163787841797,
                0.0
            ],
            "type": "VEC3"
        },
        {
            "bufferView": 1,
            "byteOffset": 16984,
            "componentType": 5126,
            "count": 2123,
            "max": [
                1.0,
                0.9948580265045166
            ],
            "min": [
                0.0,
                0.004489004611968994
            ],
            "type": "VEC2"
        },
        {
            "bufferView": 3,
            "byteOffset": 0,
            "componentType": 5126,
            "count": 2123,
            "max": [
                1.0,
                0.9900000095367432,
                0.8300000429153442,
                0.8700000047683716
            ],
            "min": [
                0.009999999776482582,
                0.0,
                0.0,
                0.0
            ],
            "type": "VEC4"
        },
        {
            "bufferView": 0,
            "byteOffset": 20112,
            "componentType": 5123,
            "count": 576,
            "max": [
                119
            ],
            "min": [
                0
            ],
            "type": "SCALAR"
        },
        {
            "bufferView": 1,
            "byteOffset": 33968,
            "componentType": 5123,
            "count": 120,
            "max": [
                25,
                26,
                0,
                0
            ],
            "min": [
                25,
                0,
                0,
                0
            ],
            "type": "VEC4"
        },
        {
            "bufferView": 2,
            "byteOffset": 50952,
            "componentType": 5126,
            "count": 120,
            "max": [
                0.9748889803886414,
                -0.1820710003376007,
                0.7724059820175171
            ],
            "min": [
                -0.9748889803886414,
                -0.988440990447998,
                0.008880999870598317
            ],
            "type": "VEC3"
        },
        {
            "bufferView": 2,
            "byteOffset": 52392,
            "componentType": 5126,
            "count": 120,
            "max": [
                0.7935035824775696,
                -1.0620527267456058,
                1.4966517686843873
            ],
            "min": [
                -0.7935035824775696,
                -1.5860241651535037,
                0.8522080779075623
            ],
            "type": "VEC3"
        },
        {
            "bufferView": 1,
            "byteOffset": 34928,
            "componentType": 5126,
            "count": 120,
            "max": [
                0.4950399994850159,
                -0.7860299348831177
            ],
            "min": [
                0.004958000034093857,
                -0.9878299236297609
            ],
            "type": "VEC2"
        },
        {
            "bufferView": 3,
            "byteOffset": 33968,
            "componentType": 5126,
            "count": 120,
            "max": [
                1.0,
                0.010000000707805157,
                0.0,
                0.0
            ],
            "min": [
                0.9900000095367432,
                0.0,
                0.0,
                0.0
            ],
            "type": "VEC4"
        },
        {
            "bufferView": 0,
            "byteOffset": 21264,
            "componentType": 5123,
            "count": 4800,
            "max": [
                1118
            ],
            "min": [
                0
            ],
            "type": "SCALAR"
        },
        {
            "bufferView": 1,
            "byteOffset": 35888,
            "componentType": 5123,
            "count": 1119,
            "max": [
                23,
                23,
                23,
                0
            ],
            "min": [
                9,
                0,
                0,
                0
            ],
            "type": "VEC4"
        },
        {
            "bufferView": 2,
            "byteOffset": 53832,
            "componentType": 5126,
            "count": 1119,
            "max": [
                0.9989599585533142,
                0.9951620101928712,
                0.9995840191841126
            ],
            "min": [
                -0.9999240040779114,
                -0.9999930262565612,
                -0.9998469948768616
            ],
            "type": "VEC3"
        },
        {
            "bufferView": 2,
            "byteOffset": 67260,
            "componentType": 5126,
            "count": 1119,
            "max": [
                2.101481676101685,
                2.3738203048706056,
                2.0259623527526857
            ],
            "min": [
                -2.101481676101685,
                -1.8222215175628665,
                1.296250820159912
            ],
            "type": "VEC3"
        },
        {
            "bufferView": 1,
            "byteOffset": 44840,
            "componentType": 5126,
            "count": 1119,
            "max": [
                0.9932339787483216,
                0.9940170049667358
            ],
            "min": [
                0.005206999834626913,
                0.0062490105628967289
            ],
            "type": "VEC2"
        },
        {
            "bufferView": 3,
            "byteOffset": 35888,
            "componentType": 5126,
            "count": 1119,
            "max": [
                1.0,
                0.9900000095367432,
                0.4099999964237213,
                0.0
            ],
            "min": [
                0.010000000707805157,
                0.0,
                0.0,
                0.0
            ],
            "type": "VEC4"
        },
        {
            "bufferView": 0,
            "byteOffset": 30864,
            "componentType": 5123,
            "count": 3996,
            "max": [
                883
            ],
            "min": [
                0
            ],
            "type": "SCALAR"
        },
        {
            "bufferView": 1,
            "byteOffset": 53792,
            "componentType": 5123,
            "count": 884,
            "max": [
                11,
                11,
                0,
                0
            ],
            "min": [
                10,
                0,
                0,
                0
            ],
            "type": "VEC4"
        },
        {
            "bufferView": 2,
            "byteOffset": 80688,
            "componentType": 5126,
            "count": 884,
            "max": [
                0.9989029765129088,
                0.998212993144989,
                0.9985389709472656
            ],
            "min": [
                -0.9989020228385924,
                -0.9990450143814088,
                -0.9773290157318116
            ],
            "type": "VEC3"
        },
        {
            "bufferView": 2,
            "byteOffset": 91296,
            "componentType": 5126,
            "count": 884,
            "max": [
                0.7218984365463257,
                1.0439475774765017,
                3.2246572971343996
            ],
            "min": [
                -0.7201026678085327,
                -0.39722806215286257,
                1.7520943880081177
            ],
            "type": "VEC3"
        },
        {
            "bufferView": 1,
            "byteOffset": 60864,
            "componentType": 5126,
            "count": 884,
            "max": [
                0.9903849959373474,
                -0.004429936408996582
            ],
            "min": [
                0.008880999870598317,
                -0.995829939842224
            ],
            "type": "VEC2"
        },
        {
            "bufferView": 3,
            "byteOffset": 53792,
            "componentType": 5126,
            "count": 884,
            "max": [
                1.0,
                0.9700000286102296,
                0.0,
                0.0
            ],
            "min": [
                0.030000001192092897,
                0.0,
                0.0,
                0.0
            ],
            "type": "VEC4"
        },
        {
            "bufferView": 4,
            "byteOffset": 0,
            "componentType": 5126,
            "count": 39,
            "max": [
                0.9994440078735352,
                1.0,
                0.6088989973068237,
                0.0,
                1.0,
                0.999966025352478,
                0.5267720222473145,
                0.0,
                0.9989060163497924,
                0.730991005897522,
                1.0,
                0.0,
                33.68489837646485,
                40.19919967651367,
                54.04879760742188,
                1.0
            ],
            "min": [
                -0.9994450211524965,
                -1.0,
                -0.6088950037956238,
                0.0,
                -0.9999970197677612,
                -0.999966025352478,
                -0.9989060163497924,
                0.0,
                -0.9978500008583068,
                -0.7309859991073608,
                -0.9999970197677612,
                0.0,
                -72.35759735107422,
                -40.19939804077149,
                -76.84739685058594,
                1.0
            ],
            "type": "MAT4"
        }
    ],
    "materials": [
        {
            "pbrMetallicRoughness": {
                "baseColorFactor": [
                    1.0,
                    1.0,
                    1.0,
                    1.0
                ],
                "baseColorTexture": {
                    "index": 0
                },
                "metallicFactor": 0.0
            },
            "name": "Material__46"
        },
        {
            "pbrMetallicRoughness": {
                "baseColorFactor": [
                    1.0,
                    1.0,
                    1.0,
                    1.0
                ],
                "baseColorTexture": {
