{
    "asset": {
        "generator": "COLLADA2GLTF",
        "version": "2.0"
    },
    "scenes": [
        {
            "nodes": [
                0
            ]
        }
    ],
    "scene": 0,
    "nodes": [
        {
            "children": [
                11,
                1
            ],
            "matrix": [
                1.0,
                0.0,
                0.0,
                0.0,
                0.0,
                0.0,
                -1.0,
                0.0,
                0.0,
                1.0,
                0.0,
                0.0,
                0.0,
                0.0,
                0.0,
                1.0
            ],
            "name": "Z_UP"
        },
        {
            "mesh": 0,
            "skin": 0,
            "name": "Clefable"
        },
        {
            "children": [
                7,
                3
            ],
            "matrix": [
                -1.0,
                -0.000003462199174464331,
                -3.5527200315476049e-15,
                0.0,
                0.000003462199174464331,
                -1.0,
                6.1501120881387687e-21,
                0.0,
                -3.5527200315476049e-15,
                -6.1501120881387687e-21,
                1.0,
                0.0,
                0.0,
                0.0,
                0.0,
                1.0
            ],
            "name": "_04_Hips"
        },
        {
            "children": [
                4
            ],
            "matrix": [
                1.0,
                0.0,
                0.0,
                0.0,
                0.0,
                1.0,
                0.0,
                0.0,
                0.0,
                0.0,
                1.0,
                0.0,
                0.6654800176620483,
                -0.49275973439216616,
                -0.027431998401880266,
                1.0
            ],
            "name": "_12_RThigh"
        },
        {
            "children": [
                5
            ],
            "matrix": [
                1.0,
                0.0,
                0.0,
                0.0,
                0.0,
                1.0,
                0.0,
                0.0,
                0.0,
                0.0,
                1.0,
                0.0,
                0.4241800010204315,
                0.0,
                0.0,
                1.0
            ],
            "name": "_13_RLeg"
        },
        {
            "children": [
                6
            ],
            "matrix": [
                0.000003994787221017759,
                -3.4525639725641044e-12,
                1.0,
                0.0,
                0.0000017285345847994905,
                1.0,
                -3.4525639725641044e-12,
                0.0,
                -1.0,
                0.0000017285345847994905,
                0.000003994787221017759,
                0.0,
                0.2133600115776062,
                0.0,
                0.0,
                1.0
            ],
            "name": "_14_RFoot"
        },
        {
            "matrix": [
                1.0,
                0.0,
                0.0,
                0.0,
                0.0,
                1.0,
                0.0,
                0.0,
                0.0,
                0.0,
                1.0,
                0.0,
                0.26923999190330508,
                0.0,
                -0.0736599713563919,
                1.0
            ],
            "name": "_16_RToe"
        },
        {
            "children": [
                8
            ],
            "matrix": [
                1.0,
                0.0,
                0.0,
                0.0,
                0.0,
                1.0,
                0.0,
                0.0,
                0.0,
                0.0,
                1.0,
                0.0,
                0.6654800176620483,
                0.4927599728107453,
                -0.027431998401880266,
                1.0
            ],
            "name": "_06_LThigh"
        },
        {
            "children": [
                9
            ],
            "matrix": [
                1.0,
                0.0,
                0.0,
                0.0,
                0.0,
                1.0,
                0.0,
                0.0,
                0.0,
                0.0,
                1.0,
                0.0,
                0.4241800010204315,
                0.0,
                0.0,
                1.0
            ],
            "name": "_07_LLeg"
        },
        {
            "children": [
                10
            ],
            "matrix": [
                0.000003994787221017759,
                -3.4525639725641044e-12,
                1.0,
                0.0,
                0.0000017285345847994905,
                1.0,
                -3.4525639725641044e-12,
                0.0,
                -1.0,
                0.0000017285345847994905,
                0.000003994787221017759,
                0.0,
                0.2133600115776062,
                0.0,
                0.0,
                1.0
            ],
            "name": "_08_LFoot"
        },
        {
            "matrix": [
                1.0,
                0.0,
                0.0,
                0.0,
                0.0,
                1.0,
                0.0,
                0.0,
                0.0,
                0.0,
                1.0,
                0.0,
                0.26923999190330508,
                0.0,
                -0.0736600011587143,
                1.0
            ],
            "name": "_10_LToe"
        },
        {
            "children": [
                12
            ],
            "matrix": [
                1.0,
                -0.0,
                0.0,
                0.0,
                0.0,
                4.4896641959724089e-11,
                1.0,
                0.0,
                -0.0,
                -1.0,
                4.4896641959724089e-11,
                0.0,
                0.0,
                0.0,
                0.0,
                1.0
            ],
            "name": "_01_pm0036_00"
        },
        {
            "children": [
                13
            ],
            "name": "_02_Origin"
        },
        {
            "children": [
                2,
                14
            ],
            "matrix": [
                -0.000003595222551666666,
                1.0,
                0.0,
                0.0,
                -1.0,
                -0.000003595222551666666,
                -0.0,
                0.0,
                0.0,
                0.0,
                1.0,
                0.0,
                0.0,
                1.4077619314193726,
                -0.14524735510349277,
                1.0
            ],
            "name": "_03_Waist"
        },
        {
            "children": [
                37,
                27,
                17,
                15
            ],
            "name": "_18_Spine1"
        },
        {
            "children": [
                16
            ],
            "matrix": [
                -0.363447904586792,
                -6.662177725047513e-7,
                -0.9316145181655884,
                0.0,
                0.000002412363755865954,
                -1.0,
                -2.260063638459542e-7,
                0.0,
                -0.9316145181655884,
                -0.0000023295347091334408,
                0.363447904586792,
                0.0,
                0.1196337714791298,
                0.0,
                -1.0160001516342164,
                1.0
            ],
            "name": "_63_Tail1"
        },
        {
            "matrix": [
                0.9864978790283204,
                1.0712406710387119e-13,
                0.16377389430999757,
                0.0,
                -5.6852037744192788e-8,
                1.0,
                3.424496242132591e-7,
                0.0,
                -0.16377389430999757,
                -3.471367051588459e-7,
                0.9864978790283204,
                0.0,
                0.7874002456665039,
                7.392365257256894e-13,
                3.875735217206966e-7,
                1.0
            ],
            "name": "_64_Tail2"
        },
        {
            "children": [
                18
            ],
            "matrix": [
                -0.000003079084308410529,
                0.8191521167755127,
                0.5735763311386108,
                0.0,
                -0.7071084380149841,
                0.4055769741535187,
                -0.5792279243469238,
                0.0,
                -0.7071051597595215,
                -0.4055824279785156,
                0.5792281031608582,
                0.0,
                0.5988377332687378,
                0.8049259781837463,
                0.2323693335056305,
                1.0
            ],
            "name": "_49_RShoulder"
        },
        {
            "children": [
                19
            ],
            "matrix": [
                1.0,
                0.0,
                0.0,
                0.0,
                0.0,
                1.0,
                0.0,
                0.0,
                0.0,
                0.0,
                1.0,
                0.0,
                0.3105505406856537,
                -9.689338043017418e-8,
                -1.9378650506496346e-7,
                1.0
            ],
            "name": "_50_RArm"
        },
        {
            "children": [
                20
            ],
            "matrix": [
                1.0,
                0.0,
                0.0,
                0.0,
                0.0,
                1.0,
                0.0,
                0.0,
                0.0,
                0.0,
                1.0,
                0.0,
                0.2973578274250031,
                -9.689338043017418e-8,
                1.9378650506496346e-7,
                1.0
            ],
            "name": "_51_RForeArm"
        },
        {
            "children": [
                25,
                23,
                21
            ],
            "matrix": [
                1.0,
                0.0,
                0.0,
                0.0,
                0.0,
                1.0,
                0.0,
                0.0,
                0.0,
                0.0,
                1.0,
                0.0,
                0.2642542123794556,
                -9.689338043017418e-8,
                0.0,
                1.0
            ],
            "name": "_52_RHand"
        },
        {
            "children": [
                22
            ],
            "matrix": [
                0.984207034111023,
                0.1770213544368744,
                -2.708822250951926e-7,
                0.0,
                -0.1770213544368744,
                0.984207034111023,
                2.1919849046980745e-8,
                0.0,
                2.704844916934235e-7,
                2.637827201112941e-8,
                1.0,
                0.0,
                0.18471072614192964,
                0.07291067391633988,
                3.875735217206966e-7,
                1.0
            ],
            "name": "_60_RFingerC1"
        },
        {
            "matrix": [
                1.0,
                0.0,
                0.0,
                0.0,
                0.0,
                1.0,
                0.0,
                0.0,
                0.0,
                0.0,
                1.0,
                0.0,
                0.09034109115600586,
                -9.689338043017418e-8,
                0.0,
                1.0
            ],
            "name": "_61_RFingerC2"
        },
        {
            "children": [
                24
            ],
            "matrix": [
                0.9993979334831238,
                -0.03469576686620712,
                -3.911170551873512e-7,
                0.0,
                0.03469576686620712,
                0.9993979334831238,
                -3.566752582173649e-8,
                0.0,
                3.9211906255332e-7,
                2.20759446278862e-8,
                1.0,
                0.0,
                0.18039856851100925,
                -0.08046610653400421,
                5.813602683701902e-7,
                1.0
            ],
            "name": "_57_RFingerB1"
        },
        {
            "matrix": [
                1.0,
                0.0,
                0.0,
                0.0,
                0.0,
                1.0,
                0.0,
                0.0,
                0.0,
                0.0,
                1.0,
                0.0,
                0.09815022349357604,
                0.0,
                0.0,
                1.0
            ],
            "name": "_58_RFingerB2"
        },
        {
            "children": [
                26
            ],
            "matrix": [
                0.4398899972438812,
                -0.8980516791343689,
                -3.083155775129854e-7,
                0.0,
                0.8980516791343689,
                0.4398899972438812,
                9.155738922572709e-8,
                0.0,
                5.3401670641051178e-8,
                -3.171584808114858e-7,
                1.0,
                0.0,
                0.08693568408489227,
                -0.18260696530342106,
                0.020320463925600053,
                1.0
            ],
            "name": "_54_RFingerA1"
        },
        {
            "matrix": [
                1.0,
                0.0,
                0.0,
                0.0,
                0.0,
                1.0,
                0.0,
                0.0,
                0.0,
                0.0,
                1.0,
                0.0,
                0.06412710249423981,
                2.906801341850951e-7,
                1.9378650506496346e-7,
                1.0
            ],
            "name": "_55_RFingerA2"
        },
        {
            "children": [
                28
            ],
            "matrix": [
                -0.000002953402827188256,
                -0.8191521167755127,
                0.5735763907432556,
                0.0,
                0.7071084380149841,
                0.40557706356048586,
                0.5792278051376343,
                0.0,
                -0.7071051001548767,
                0.4055823981761933,
                0.5792281627655029,
                0.0,
                0.5988377332687378,
                -0.8049259781837463,
                0.2323693335056305,
                1.0
            ],
            "name": "_35_LShoulder"
        },
        {
            "children": [
                29
            ],
            "matrix": [
                1.0,
                0.0,
                0.0,
                0.0,
                0.0,
                1.0,
                0.0,
                0.0,
                0.0,
                0.0,
                1.0,
                0.0,
                0.3105503022670746,
                -1.9378650506496346e-7,
                -3.875735217206966e-7,
                1.0
            ],
            "name": "_36_LArm"
        },
        {
            "children": [
                30
            ],
            "matrix": [
                1.0,
                0.0,
                0.0,
                0.0,
                0.0,
                1.0,
                0.0,
                0.0,
                0.0,
                0.0,
                1.0,
                0.0,
                0.2973578274250031,
                -9.689338043017418e-8,
                0.0,
                1.0
            ],
            "name": "_37_LForeArm"
        },
        {
            "children": [
                35,
                33,
                31
            ],
            "matrix": [
                1.0,
                0.0,
                0.0,
                0.0,
                0.0,
                1.0,
                0.0,
                0.0,
                0.0,
                0.0,
                1.0,
                0.0,
                0.2642542123794556,
                1.9378650506496346e-7,
                1.9378650506496346e-7,
                1.0
            ],
            "name": "_38_LHand"
        },
        {
            "children": [
                32
            ],
            "matrix": [
                0.9842071533203124,
                -0.17702066898345948,
                -1.1901007290759937e-8,
                0.0,
                0.17702066898345948,
                0.9842071533203124,
                3.123124088233453e-7,
                0.0,
                -4.357269745014492e-8,
                -3.094868361586123e-7,
                1.0,
                0.0,
                0.18471072614192964,
                -0.07291067391633988,
                -1.9378650506496346e-7,
                1.0
            ],
            "name": "_46_LFingerC1"
        },
        {
            "matrix": [
                1.0,
                0.0,
                0.0,
                0.0,
                0.0,
                1.0,
                0.0,
                0.0,
                0.0,
                0.0,
                1.0,
                0.0,
                0.09034109115600586,
                -9.689338043017418e-8,
                1.9378650506496346e-7,
                1.0
            ],
            "name": "_47_LFingerC2"
        },
        {
            "children": [
                34
            ],
            "matrix": [
                0.9993979334831238,
                0.03469592332839966,
                -2.620560053401278e-7,
                0.0,
                -0.03469592332839966,
                0.9993979334831238,
                3.4520798664061668e-8,
                0.0,
                2.630959556881862e-7,
                -2.540773813564101e-8,
                1.0,
                0.0,
                0.18039798736572269,
                0.08046641200780869,
                -3.875735217206966e-7,
                1.0
            ],
            "name": "_43_LFingerB1"
        },
        {
            "matrix": [
                1.0,
                0.0,
                0.0,
                0.0,
                0.0,
                1.0,
                0.0,
                0.0,
                0.0,
                0.0,
                1.0,
                0.0,
                0.09814943373203278,
                9.689338043017418e-8,
                -1.9378650506496346e-7,
                1.0
            ],
            "name": "_44_LFingerB2"
        },
        {
            "children": [
                36
            ],
            "matrix": [
                0.43989047408103945,
                0.8980514407157898,
                1.611434186088445e-8,
                0.0,
                -0.8980514407157898,
                0.43989047408103945,
                1.1956005963043026e-8,
                0.0,
                3.6485623411408598e-9,
                -1.9730840961074138e-8,
                1.0,
                0.0,
                0.08693549036979675,
                0.18260696530342106,
                0.020319882780313493,
                1.0
            ],
            "name": "_40_LFingerA1"
        },
        {
            "matrix": [
                1.0,
                0.0,
                0.0,
                0.0,
                0.0,
                1.0,
                0.0,
                0.0,
                0.0,
                0.0,
                1.0,
                0.0,
                0.06412651389837265,
                2.906801341850951e-7,
                -3.875735217206966e-7,
                1.0
            ],
            "name": "_41_LFingerA2"
        },
        {
            "children": [
                46,
                44,
                42,
                40,
                38
            ],
            "matrix": [
                1.0,
                0.0,
                0.0,
                0.0,
                0.0,
                1.0,
                0.0,
                0.0,
                0.0,
                0.0,
                1.0,
                0.0,
                0.6425970792770386,
                7.392365257256894e-13,
                0.0,
                1.0
            ],
            "name": "_19_Head"
        },
        {
            "children": [
                39
            ],
            "matrix": [
                0.06975965946912766,
                0.9975638389587402,
                -2.4783646700134915e-16,
                0.0,
                -0.9975638389587402,
                0.06975965946912766,
                5.320406641699761e-15,
                0.0,
                5.324734556543757e-15,
                -1.239170953001517e-16,
                1.0,
                0.0,
                0.05384767055511475,
                0.19380198419094089,
                -1.0160000324249268,
                1.0
            ],
            "name": "_32_RFeeler1"
        },
        {
            "matrix": [
                1.0,
                0.0,
                0.0,
                0.0,
                0.0,
                1.0,
                0.0,
                0.0,
                0.0,
                0.0,
                1.0,
                0.0,
                0.8127994537353516,
                3.875735217206966e-7,
                0.0,
                1.0
            ],
            "name": "_33_RFeeler2"
        },
        {
            "children": [
                41
            ],
            "matrix": [
                0.5227155089378357,
                0.8442754149436951,
                -0.11818410456180573,
                0.0,
                -0.8502341508865356,
                0.5264047384262085,
                -5.541971770384181e-9,
                0.0,
                0.062212664633989337,
                0.10048416256904602,
                0.9929916858673096,
                0.0,
                0.7620005011558533,
                0.7239000201225281,
                -0.01473199762403965,
                1.0
            ],
            "name": "_29_REar1"
        },
        {
            "matrix": [
                1.0,
                0.0,
                0.0,
                0.0,
                0.0,
                1.0,
                0.0,
                0.0,
                0.0,
                0.0,
                1.0,
                0.0,
                0.5333999991416931,
                0.0,
                -1.8167503057497929e-8,
                1.0
            ],
            "name": "_30_REar2"
        },
        {
            "children": [
                43
            ],
            "matrix": [
                0.06975965946912766,
                -0.9975638389587402,
                -6.29121069018482e-16,
                0.0,
                0.9975638389587402,
                0.06975965946912766,
                -3.536347731710127e-15,
                0.0,
                3.5716198776996909e-15,
                -3.808939874795506e-16,
                1.0,
                0.0,
                0.053847867995500568,
                -0.19380198419094089,
                -1.0160000324249268,
                1.0
            ],
            "name": "_26_LFeeler1"
        },
        {
            "matrix": [
                1.0,
                0.0,
                0.0,
                0.0,
                0.0,
                1.0,
                0.0,
                0.0,
                0.0,
                0.0,
                1.0,
                0.0,
                0.8127999901771545,
                0.0,
                0.0,
                1.0
            ],
            "name": "_27_LFeeler2"
        },
        {
            "children": [
                45
            ],
            "matrix": [
                0.5227155089378357,
                -0.8442754149436951,
                -0.11818410456180573,
                0.0,
                0.8502341508865356,
                0.5264047384262085,
                1.5113881701722677e-8,
                0.0,
                0.06221266090869904,
                -0.10048417001962662,
                0.9929916858673096,
                0.0,
                0.7620002627372742,
                -0.7239000201225281,
                -0.01473199762403965,
                1.0
            ],
            "name": "_23_LEar1"
        },
        {
            "matrix": [
                1.0,
                0.0,
                0.0,
                0.0,
                0.0,
                1.0,
                0.0,
                0.0,
                0.0,
                0.0,
                1.0,
                0.0,
                0.5334004759788513,
                -1.9378650506496346e-7,
                -2.422331846219095e-8,
                1.0
            ],
            "name": "_24_LEar2"
        },
        {
            "matrix": [
                -0.851969838142395,
                -0.000003117413371001021,
                0.5235908627510071,
                0.0,
                0.000003545804247551132,
                -1.0,
                -1.84294677296748e-7,
                0.0,
                0.5235908627510071,
                0.0000016995371652228642,
                0.851969838142395,
                0.0,
                1.1778641939163209,
                -2.2177121250521736e-12,
                0.42913299798965456,
                1.0
            ],
            "name": "_20_Curl"
        }
    ],
    "meshes": [
        {
            "primitives": [
                {
                    "attributes": {
                        "COLOR_0": 1,
                        "JOINTS_0": 2,
                        "NORMAL": 3,
                        "POSITION": 4,
                        "TEXCOORD_0": 5,
                        "WEIGHTS_0": 6
                    },
                    "indices": 0,
                    "mode": 4,
                    "material": 0
                },
                {
                    "attributes": {
                        "COLOR_0": 8,
                        "JOINTS_0": 9,
                        "NORMAL": 10,
                        "POSITION": 11,
                        "TEXCOORD_0": 12,
                        "WEIGHTS_0": 13
                    },
                    "indices": 7,
                    "mode": 4,
                    "material": 1
                },
                {
                    "attributes": {
                        "COLOR_0": 15,
                        "JOINTS_0": 16,
                        "NORMAL": 17,
                        "POSITION": 18,
                        "TEXCOORD_0": 19,
                        "WEIGHTS_0": 20
                    },
                    "indices": 14,
                    "mode": 4,
                    "material": 2
                }
            ],
            "name": "Clefable"
        }
    ],
    "skins": [
        {
            "inverseBindMatrices": 21,
            "skeleton": 2,
            "joints": [
                2,
                14,
                3,
                4,
                5,
                6,
                7,
                8,
                9,
                10,
                37,
                29,
                30,
                35,
                28,
                27,
                36,
                33,
                34,
                31,
                32,
                15,
                16,
                38,
                42,
                43,
                39,
                44,
                45,
                46,
                40,
                41,
                18,
                19,
                20,
                25,
                17,
                26,
                23,
                24,
                21,
                22
            ],
            "name": "geom-Clefable-skin1"
        }
    ],
    "accessors": [
        {
            "bufferView": 0,
            "byteOffset": 0,
            "componentType": 5123,
            "count": 14262,
            "max": [
                2885
            ],
            "min": [
                0
            ],
            "type": "SCALAR"
        },
        {
            "bufferView": 1,
            "byteOffset": 0,
            "componentType": 5126,
            "count": 2886,
            "max": [
                1.0,
                1.0,
                1.0
            ],
            "min": [
                1.0,
                1.0,
                1.0
            ],
            "type": "VEC3"
        },
        {
            "bufferView": 2,
            "byteOffset": 0,
            "componentType": 5123,
            "count": 2886,
            "max": [
                41,
                41,
                41,
                36
            ],
            "min": [
                0,
                0,
                0,
                0
            ],
            "type": "VEC4"
        },
        {
            "bufferView": 1,
            "byteOffset": 34632,
            "componentType": 5126,
            "count": 2886,
            "max": [
                0.9999182224273682,
                0.9999819993972778,
                0.9998703002929688
            ],
            "min": [
                -0.9999182224273682,
                -1.0,
                -0.999901533126831
            ],
            "type": "VEC3"
        },
        {
            "bufferView": 1,
            "byteOffset": 69264,
            "componentType": 5126,
            "count": 2886,
            "max": [
                2.368973731994629,
                3.631183624267578,
                1.0046156644821168
            ],
            "min": [
                -2.368974447250366,
                -0.00007221092528197914,
                -2.884195327758789
            ],
            "type": "VEC3"
        },
        {
            "bufferView": 2,
            "byteOffset": 23088,
            "componentType": 5126,
            "count": 2886,
            "max": [
                0.9930959343910216,
                0.9951536655426024
            ],
            "min": [
                0.005900021642446518,
                0.005769014358520508
            ],
            "type": "VEC2"
        },
        {
            "bufferView": 3,
            "byteOffset": 0,
            "componentType": 5126,
            "count": 2886,
            "max": [
                1.0,
                0.9900000095367432,
                0.8799999952316284,
                0.3599999845027924
            ],
            "min": [
                0.009999999776482582,
                0.0,
                0.0,
                0.0
            ],
            "type": "VEC4"
        },
        {
            "bufferView": 0,
            "byteOffset": 28524,
            "componentType": 5123,
            "count": 72,
            "max": [
                23
            ],
            "min": [
                0
            ],
            "type": "SCALAR"
        },
        {
            "bufferView": 1,
            "byteOffset": 103896,
            "componentType": 5126,
            "count": 24,
            "max": [
                1.0,
                1.0,
                1.0
            ],
            "min": [
                1.0,
                1.0,
                1.0
            ],
            "type": "VEC3"
        },
        {
            "bufferView": 2,
            "byteOffset": 46176,
            "componentType": 5123,
            "count": 24,
            "max": [
                10,
                10,
                0,
                0
            ],
            "min": [
                1,
                0,
                0,
                0
            ],
            "type": "VEC4"
        },
        {
            "bufferView": 1,
            "byteOffset": 104184,
            "componentType": 5126,
            "count": 24,
            "max": [
                0.46411991119384768,
                0.4698539972305298,
                0.9514563083648682
            ],
            "min": [
                -0.46411991119384768,
                0.2978193163871765,
                0.7622520923614502
            ],
            "type": "VEC3"
        },
        {
            "bufferView": 1,
            "byteOffset": 104472,
            "componentType": 5126,
            "count": 24,
            "max": [
                0.5674436092376709,
                2.673477172851563,
                0.8885070085525513
            ],
            "min": [
                -0.5674436092376709,
                2.3214967250823976,
                0.622995913028717
            ],
            "type": "VEC3"
        },
        {
            "bufferView": 2,
            "byteOffset": 46368,
            "componentType": 5126,
            "count": 24,
            "max": [
                0.4940684139728546,
                0.224057674407959
            ],
            "min": [
                0.01443955022841692,
                0.0734977126121521
            ],
            "type": "VEC2"
        },
        {
            "bufferView": 3,
            "byteOffset": 46176,
            "componentType": 5126,
            "count": 24,
            "max": [
                1.0,
                0.949999988079071,
                0.0,
                0.0
            ],
            "min": [
                0.04999999701976776,
                0.0,
                0.0,
                0.0
            ],
            "type": "VEC4"
        },
        {
            "bufferView": 0,
            "byteOffset": 28668,
            "componentType": 5123,
            "count": 72,
            "max": [
                19
            ],
            "min": [
                0
            ],
            "type": "SCALAR"
        },
        {
            "bufferView": 1,
            "byteOffset": 104760,
            "componentType": 5126,
            "count": 20,
            "max": [
                1.0,
                1.0,
                1.0
            ],
            "min": [
                1.0,
                1.0,
                1.0
            ],
            "type": "VEC3"
        },
        {
            "bufferView": 2,
            "byteOffset": 46560,
            "componentType": 5123,
            "count": 20,
            "max": [
                10,
                10,
                10,
                0
            ],
            "min": [
                0,
                0,
                0,
                0
            ],
            "type": "VEC4"
        },
        {
            "bufferView": 1,
            "byteOffset": 105000,
            "componentType": 5126,
            "count": 20,
            "max": [
                0.32504981756210329,
                0.3077838122844696,
                0.9897890090942384
            ],
            "min": [
                -0.32504981756210329,
                0.13644880056381226,
                0.9031867384910584
            ],
            "type": "VEC3"
        },
        {
            "bufferView": 1,
            "byteOffset": 105240,
            "componentType": 5126,
            "count": 20,
            "max": [
                0.4208855926990509,
                2.3395557403564459,
                0.9859772324562072
            ],
            "min": [
                -0.4208855926990509,
                1.93902325630188,
                0.8265005350112915
            ],
            "type": "VEC3"
        },
        {
            "bufferView": 2,
            "byteOffset": 46720,
            "componentType": 5126,
            "count": 20,
            "max": [
                0.4758917987346649,
                0.23624801635742188
            ],
            "min": [
                0.0020511120092123749,
                0.0016180872917175294
            ],
            "type": "VEC2"
        },
        {
            "bufferView": 3,
            "byteOffset": 46560,
            "componentType": 5126,
            "count": 20,
            "max": [
                1.0,
                0.9000000357627869,
                0.7599999904632568,
                0.0
            ],
            "min": [
                0.029999999329447748,
                0.0,
                0.0,
                0.0
            ],
            "type": "VEC4"
        },
        {
            "bufferView": 4,
            "byteOffset": 0,
            "componentType": 5126,
            "count": 42,
            "max": [
                0.9975634217262268,
                1.0,
                0.4055851101875305,
                0.0,
                1.0,
                0.9975634217262268,
                1.0,
                0.0,
                1.0,
                0.6716153621673584,
                1.0,
                0.0,
                102.42949676513672,
                82.10872650146485,
                80.12998962402344,
                1.0
            ],
            "min": [
                -0.997564136981964,
                -1.0,
                -0.4055797159671784,
                0.0,
                -1.0,
                -0.997564136981964,
                -0.931614637374878,
                0.0,
                -0.931614637374878,
                -0.6716152429580689,
                -4.371139894487897e-8,
                0.0,
                -103.68289947509766,
                -82.10868072509766,
                -76.06809997558594,
                1.0
            ],
            "type": "MAT4"
        }
    ],
    "materials": [
        {
            "pbrMetallicRoughness": {
                "baseColorFactor": [
                    1.0,
                    1.0,
                    1.0,
                    1.0
                ],
                "baseColorTexture": {
                    "index": 0
                },
                "metallicFactor": 0.0
            },
            "emissiveFactor": [
                0.0,
                0.0,
                0.0
            ],
            "occlusionTexture": {
                "index": 0
            },
            "name": "Body"
        },
        {
            "pbrMetallicRoughness": {
                "baseColorFactor": [
                    1.0,
                    1.0,
                    1.0,
                    1.0
                ],
                "baseColorTexture": {
                    "index": 1
                },
                "metallicFactor": 0.0
            },
            "emissiveFactor": [
                0.0,
                0.0,
                0.0
            ],
            "occlusionTexture": {
                "index": 1
            },
            "name": "REye"
        },
        {
            "pbrMetallicRoughness": {
                "baseColorFactor": [
                    1.0,
                    1.0,
                    1.0,
                    1.0
                ],
                "baseColorTexture": {
                    "index": 2
                },
                "metallicFactor": 0.0
            },
            "emissiveFactor": [
                0.0,
                0.0,
                0.0
            ],
            "occlusionTexture": {
                "index": 2
            },
            "name": "Mouth"
        }
    ],
    "textures": [
        {
            "sampler": 0,
            "source": 0
        },
        {
            "sampler": 0,
            "source": 1
        },
        {
            "sampler": 0,
            "source": 2
        }
    ],
    "images": [
        {
            "uri": "pm0036_00_Body1.png"
        },
        {
            "uri": "pm0036_00_Eye1.png"
        },
        {
            "uri": "pm0036_00_Mouth1.png"
        }
    ],
    "samplers": [
        {
            "magFilter": 9729,
            "minFilter": 9986,
            "wrapS": 10497,
            "wrapT": 10497
        }
