{
    "asset": {
        "generator": "COLLADA2GLTF",
        "version": "2.0"
    },
    "scenes": [
        {
            "nodes": [
                0
            ]
        }
    ],
    "scene": 0,
    "nodes": [
        {
            "children": [
                22,
                1
            ],
            "matrix": [
                1.0,
                0.0,
                0.0,
                0.0,
                0.0,
                0.0,
                -1.0,
                0.0,
                0.0,
                1.0,
                0.0,
                0.0,
                0.0,
                0.0,
                0.0,
                1.0
            ],
            "name": "Z_UP"
        },
        {
            "mesh": 0,
            "skin": 0,
            "name": "Sandslash"
        },
        {
            "children": [
                21,
                20,
                19,
                15,
                14,
                13,
                9,
                3
            ],
            "matrix": [
                -1.0,
                0.0000015978068859112682,
                0.0,
                0.0,
                -0.0000015978068859112682,
                -1.0,
                0.0,
                0.0,
                0.0,
                0.0,
                1.0,
                0.0,
                0.0,
                0.0,
                0.0,
                1.0
            ],
            "name": "Hips"
        },
        {
            "children": [
                8,
                7,
                6,
                4
            ],
            "matrix": [
                0.4847317636013031,
                6.771520871156138e-14,
                -0.8746628761291504,
                0.0,
                -2.7553761545616105e-14,
                1.0,
                6.214854883978757e-14,
                0.0,
                0.8746628761291504,
                -6.025123230738762e-15,
                0.4847317636013031,
                0.0,
                0.3110534548759461,
                -1.8480938892943836e-13,
                -0.2726080119609833,
                1.0
            ],
            "name": "Tail1"
        },
        {
            "children": [
                5
            ],
            "matrix": [
                1.0,
                0.0,
                0.0,
                0.0,
                0.0,
                1.0,
                0.0,
                0.0,
                0.0,
                0.0,
                1.0,
                0.0,
                0.5735189914703369,
                1.8480938892943836e-13,
                0.0,
                1.0
            ],
            "name": "Tail2"
        },
        {
            "matrix": [
                1.0,
                0.0,
                0.0,
                0.0,
                0.0,
                1.0,
                0.0,
                0.0,
                0.0,
                0.0,
                1.0,
                0.0,
                0.46455836296081545,
                -2.7721306695462085e-13,
                -6.782536843275011e-7,
                1.0
            ],
            "name": "Tail3"
        },
        {
            "matrix": [
                0.890280544757843,
                -0.42598918080329897,
                -0.16103971004486085,
                0.0,
                0.4003905951976776,
                0.5636574029922485,
                0.7224802374839783,
                0.0,
                -0.21699753403663636,
                -0.7076888680458069,
                0.6723752617835999,
                0.0,
                0.183251827955246,
                -0.239225372672081,
                -0.09302668273448944,
                1.0
            ],
            "name": "RFeelerR"
        },
        {
            "matrix": [
                0.890280544757843,
                0.42598915100097659,
                -0.16103972494602204,
                0.0,
                -0.4003905951976776,
                0.5636574029922485,
                -0.7224802374839783,
                0.0,
                -0.21699753403663636,
                0.7076889276504517,
                0.6723752617835999,
                0.0,
                0.18325136601924897,
                0.23922526836395265,
                -0.09302513301372528,
                1.0
            ],
            "name": "LFeelerL"
        },
        {
            "matrix": [
                0.9776051044464112,
                2.6809942951116533e-14,
                -0.21044786274433137,
                0.0,
                -1.325609018848527e-14,
                1.0,
                6.581544933614153e-14,
                0.0,
                0.21044786274433137,
                -6.155180396405155e-14,
                0.9776051044464112,
                0.0,
                0.29622241854667666,
                -1.8480938892943836e-13,
                -0.2732658982276917,
                1.0
            ],
            "name": "FeelerF"
        },
        {
            "children": [
                10
            ],
            "matrix": [
                0.9785555601119996,
                -0.08124568313360214,
                0.18928316235542298,
                0.0,
                -0.02184773795306683,
                0.8728045225143433,
                0.4875807166099549,
                0.0,
                -0.20482103526592256,
                -0.4812602400779724,
                0.8523126840591431,
                0.0,
                0.120554156601429,
                -0.4339462816715241,
                -0.04520714655518532,
                1.0
            ],
            "name": "RThigh"
        },
        {
            "children": [
                11
            ],
            "matrix": [
                0.828918993473053,
                -2.98222175842966e-8,
                -0.5593686699867249,
                0.0,
                5.37805746603226e-8,
                1.0,
                2.638245710784304e-8,
                0.0,
                0.5593686699867249,
                -5.1952088853113319e-8,
                0.828918993473053,
                0.0,
                0.40343326330184939,
                -0.0000011627205367403804,
                8.478164659209142e-7,
                1.0
            ],
            "name": "RLeg"
        },
        {
            "children": [
                12
            ],
            "matrix": [
                -0.3770914077758789,
                0.023978231474757196,
                0.9258655905723572,
                0.0,
                0.029279939830303193,
                0.999473750591278,
                -0.013959260657429697,
                0.0,
                -0.9257131218910216,
                0.021845370531082158,
                -0.37759506702423098,
                0.0,
                0.3881196081638336,
                -8.235924724431243e-7,
                -4.420768391355523e-7,
                1.0
            ],
            "name": "RFoot"
        },
        {
            "matrix": [
                1.0,
                0.0,
                0.0,
                0.0,
                0.0,
                1.0,
                0.0,
                0.0,
                0.0,
                0.0,
                1.0,
                0.0,
                0.2747444212436676,
                -0.0028754551894962789,
                -0.10214792937040328,
                1.0
            ],
            "name": "RToe"
        },
        {
            "matrix": [
                0.10573118925094605,
                -0.4486425817012787,
                -0.8874349594116211,
                0.0,
                0.9733357429504396,
                0.22938519716262818,
                -2.51756855362828e-8,
                0.0,
                0.20356445014476777,
                -0.8637720942497253,
                0.4609329998493195,
                0.0,
                0.0845114067196846,
                -0.2273330390453339,
                -0.5045278072357178,
                1.0
            ],
            "name": "RFeelerK"
        },
        {
            "matrix": [
                0.15032531321048737,
                -0.8849806785583496,
                -0.4406943619251251,
                0.0,
                0.9858781695365906,
                0.1674640327692032,
                3.978230367351898e-8,
                0.0,
                0.07380042225122452,
                -0.4344709515571594,
                0.8976572155952454,
                0.0,
                0.00037381434231065214,
                -0.3373856544494629,
                -0.2955213785171509,
                1.0
            ],
            "name": "RFeelerJ"
        },
        {
            "children": [
                16
            ],
            "matrix": [
                0.9785555005073549,
                0.081246517598629,
                0.18928317725658418,
                0.0,
                0.02184702455997467,
                0.8728044629096985,
                -0.4875808358192444,
                0.0,
                -0.204821452498436,
                0.4812601804733277,
                0.8523126244544983,
                0.0,
                0.12055350840091706,
                0.4339462816715241,
                -0.04520714655518532,
                1.0
            ],
            "name": "LThigh"
        },
        {
            "children": [
                17
            ],
            "matrix": [
                0.828918993473053,
                1.4926794023040206e-8,
                -0.5593686699867249,
                0.0,
                -1.1886991835297069e-8,
                1.0,
                9.069940354322626e-9,
                0.0,
                0.5593686699867249,
                -8.690343444861525e-10,
                0.828918993473053,
                0.0,
                0.40343326330184939,
                -1.9378650506496346e-7,
                4.844669021508708e-8,
                1.0
            ],
            "name": "LLeg"
        },
        {
            "children": [
                18
            ],
            "matrix": [
                -0.3770914077758789,
                -0.023978769779205323,
                0.9258655905723572,
                0.0,
                -0.029279841110110284,
                0.999473750591278,
                0.01395988278090954,
                0.0,
                -0.9257131218910216,
                -0.021845046430826188,
                -0.37759506702423098,
                0.0,
                0.3881196081638336,
                9.689338043017418e-8,
                8.478163948666406e-8,
                1.0
            ],
            "name": "LFoot"
        },
        {
            "matrix": [
                1.0,
                0.0,
                0.0,
                0.0,
                0.0,
                1.0,
                0.0,
                0.0,
                0.0,
                0.0,
                1.0,
                0.0,
                0.2747441828250885,
                0.0028765194583684208,
                -0.10214782506227492,
                1.0
            ],
            "name": "LToe"
        },
        {
            "matrix": [
                0.10573141276836397,
                0.4486424922943115,
                -0.8874349594116211,
                0.0,
                -0.9733355641365052,
                0.22938582301139832,
                8.635286974367774e-8,
                0.0,
                0.20356503129005433,
                0.8637719750404358,
                0.4609329700469971,
                0.0,
                0.08451227843761444,
                0.2273330390453339,
                -0.5045303702354431,
                1.0
            ],
            "name": "LFeelerK"
        },
        {
            "matrix": [
                0.15032480657100678,
                0.8849807381629944,
                -0.4406943619251251,
                0.0,
                -0.98587828874588,
                0.1674634963274002,
                9.722596949757192e-9,
                0.0,
                0.0738002210855484,
                0.4344709813594818,
                0.8976572155952454,
                0.0,
                0.0003737175720743835,
                0.3373856544494629,
                -0.2955213785171509,
                1.0
            ],
            "name": "LFeelerJ"
        },
        {
            "matrix": [
                0.009315469302237034,
                -9.327926875357663e-8,
                -0.9999566078186036,
                0.0,
                9.54067218117416e-7,
                1.0,
                -8.439534582294074e-8,
                0.0,
                0.9999566078186036,
                -9.532396347822214e-7,
                0.009315469302237034,
                0.0,
                -0.011572645977139472,
                -2.7721306695462085e-13,
                -0.5349290370941162,
                1.0
            ],
            "name": "FeelerE"
        },
        {
            "children": [
                23
            ],
            "matrix": [
                1.0,
                -0.0,
                0.0,
                0.0,
                0.0,
                3.995190525074577e-7,
                1.0,
                0.0,
                -0.0,
                -1.0,
                3.995190525074577e-7,
                0.0,
                0.0,
                0.0,
                0.0,
                1.0
            ],
            "name": "pm0028_00"
        },
        {
            "children": [
                24
            ],
            "name": "Origin"
        },
        {
            "children": [
                2,
                25
            ],
            "matrix": [
                -0.000003595222551666666,
                1.0,
                0.0,
                0.0,
                -1.0,
                -0.000003595222551666666,
                -0.0,
                0.0,
                0.0,
                0.0,
                1.0,
                0.0,
                0.0,
                1.0212934017181397,
                -0.16125112771987916,
                1.0
            ],
            "name": "Waist"
        },
        {
            "children": [
                61,
                60,
                59,
                58,
                57,
                56,
                55,
                54,
                26
            ],
            "matrix": [
                0.8394714593887329,
                0.0,
                0.5434037446975708,
                0.0,
                0.0,
                1.0,
                0.0,
                0.0,
                -0.5434037446975708,
                0.0,
                0.8394714593887329,
                0.0,
                0.0,
                0.0,
                0.0,
                1.0
            ],
            "name": "Spine1"
        },
        {
            "children": [
                53,
                41,
                37,
                36,
                35,
                34,
                30,
                29,
                28,
                27
            ],
            "matrix": [
                0.9990262985229492,
                1.0867085768577479e-13,
                0.04411887377500534,
                0.0,
                -1.1859163282466892e-13,
                1.0,
                2.222473507312861e-13,
                0.0,
                -0.04411887377500534,
                -2.272630732691114e-13,
                0.9990262985229492,
                0.0,
                0.2912465631961823,
                3.696182628628447e-13,
                9.689338043017418e-8,
                1.0
            ],
            "name": "Spine2"
        },
        {
            "matrix": [
                -0.15459497272968293,
                0.854445219039917,
                -0.4960078299045563,
                0.0,
                -0.8004730939865112,
                0.18593932688236237,
                0.5697976350784302,
                0.0,
                0.5790882110595703,
                0.4851287603378296,
                0.6552151441574097,
                0.0,
                0.17252764105796818,
                0.2572943568229676,
                -0.1334816813468933,
                1.0
            ],
            "name": "RFeelerF"
        },
        {
            "matrix": [
                0.03324756398797035,
                0.9904274940490724,
                -0.1339699923992157,
                0.0,
                -0.8101595044136047,
                0.1052023395895958,
                0.5766922831535339,
                0.0,
                0.5852658748626709,
                0.0893634483218193,
                0.8059020042419434,
                0.0,
                0.3955747485160828,
                0.2141788750886917,
                0.03479386121034622,
                1.0
            ],
            "name": "RFeelerE"
        },
        {
            "matrix": [
                -0.13636457920074464,
                0.545215904712677,
                -0.8271301984786987,
                0.0,
                -0.674933135509491,
                0.5600432753562927,
                0.480434000492096,
                0.0,
                0.7251689434051514,
                0.6237717270851135,
                0.2916141748428345,
                0.0,
                0.4145688712596894,
                0.158303365111351,
                -0.17921628057956696,
                1.0
            ],
            "name": "RFeelerD"
        },
        {
            "children": [
                31
            ],
            "matrix": [
                0.008012351579964161,
                0.9634293913841248,
                0.2678425312042237,
                0.0,
                -0.9997265934944152,
                0.013601794838905337,
                -0.01901941373944283,
                0.0,
                -0.021967001259326936,
                -0.2676169276237488,
                0.9632749557495116,
                0.0,
                0.24511536955833436,
                0.2758566737174988,
                0.020079879090189938,
                1.0
            ],
            "name": "RArm"
        },
        {
            "children": [
                32
            ],
            "matrix": [
                0.93136328458786,
                4.1586098120660618e-8,
                0.3640912771224976,
                0.0,
                -2.505425555909824e-8,
                1.0,
                -5.012887172028969e-8,
                0.0,
                -0.3640912771224976,
                3.7566156407820027e-8,
                0.93136328458786,
                0.0,
                0.15907061100006104,
                -9.689337048257585e-7,
                -8.235924724431243e-7,
                1.0
            ],
            "name": "RForeArm"
        },
        {
            "children": [
                33
            ],
            "matrix": [
                0.9960964322090148,
                -4.530691555260091e-8,
                0.08827194571495056,
                0.0,
                0.011312340386211872,
                0.991754412651062,
                -0.12765252590179444,
                0.0,
                -0.08754409104585648,
                0.1281527876853943,
                0.9878830313682556,
                0.0,
                0.3746144473552704,
                5.813602683701902e-7,
                6.782536843275011e-7,
                1.0
            ],
            "name": "RHand"
        },
        {
            "matrix": [
                0.8999141454696655,
                -0.024150678887963296,
                0.4353978037834168,
                0.0,
                0.04207601398229599,
                0.9986153841018676,
                -0.03157471865415573,
                0.0,
                -0.4340323805809021,
                0.04673434048891068,
                0.8996842503547669,
                0.0,
                0.16561001539230348,
                -3.875735217206966e-7,
                -5.813602683701902e-7,
                1.0
            ],
            "name": "RFinger"
        },
        {
            "matrix": [
                -0.1545948386192322,
                -0.8544452786445618,
                -0.4960077702999115,
                0.0,
                0.8004730939865112,
                0.18593941628932954,
                -0.5697976350784302,
                0.0,
                0.5790883302688599,
                -0.4851286411285401,
                0.6552152037620544,
                0.0,
                0.1725287139415741,
                -0.2572943568229676,
                -0.13348226249217988,
                1.0
            ],
            "name": "LFeelerF"
        },
        {
            "matrix": [
                0.0332476906478405,
                -0.9904274940490724,
                -0.13397002220153809,
                0.0,
                0.8101595640182495,
                0.10520245879888536,
                -0.5766922235488892,
                0.0,
                0.5852658152580261,
                -0.08936340361833573,
                0.8059020042419434,
                0.0,
                0.3955744802951813,
                -0.21417883038520817,
                0.034792639315128329,
                1.0
            ],
            "name": "LFeelerE"
        },
        {
            "matrix": [
                -0.13636508584022526,
                -0.5452157258987427,
                -0.8271301984786987,
                0.0,
                0.674933135509491,
                0.5600430965423584,
                -0.4804341793060303,
                0.0,
                0.7251688241958618,
                -0.6237720251083374,
                0.2916138470172882,
                0.0,
                0.4145688712596894,
                -0.15830355882644654,
                -0.17921599745750428,
                1.0
            ],
            "name": "LFeelerD"
        },
        {
            "children": [
                38
            ],
            "matrix": [
                0.008012453094124794,
                -0.9634293913841248,
                0.26784244179725649,
                0.0,
                0.9997265934944152,
                0.01360164862126112,
                0.019018514081835748,
                0.0,
                -0.02196609601378441,
                0.2676168382167816,
                0.9632750153541564,
                0.0,
                0.2451164275407791,
                -0.2758566737174988,
                0.020079392939805986,
                1.0
            ],
            "name": "LArm"
        },
        {
            "children": [
                39
            ],
            "matrix": [
                0.9313631653785706,
                -4.7944510583874947e-8,
                0.3640916347503662,
                0.0,
                2.7777078415169858e-8,
                1.0,
                6.062749946522672e-8,
                0.0,
                -0.3640916347503662,
                -4.635281669607139e-8,
                0.9313631653785706,
                0.0,
                0.15907131135463718,
                3.875735217206966e-7,
                -4.844669021508708e-8,
                1.0
            ],
            "name": "LForeArm"
        },
        {
            "children": [
                40
            ],
            "matrix": [
                0.9960964322090148,
                1.3900988804493864e-8,
                0.08827192336320877,
                0.0,
                -0.011312369257211686,
                0.9917543530464172,
                0.12765324115753177,
                0.0,
                -0.08754406124353409,
                -0.1281535029411316,
                0.9878829717636108,
                0.0,
                0.37461695075035097,
                9.689338043017418e-8,
                -9.689338043017418e-8,
                1.0
            ],
            "name": "LHand"
        },
        {
            "matrix": [
                0.8999142050743103,
                0.02415044791996479,
                0.435397744178772,
                0.0,
                -0.04207535833120346,
                0.9986154437065125,
                0.03157389536499977,
                0.0,
                -0.4340323805809021,
                -0.0467333123087883,
                0.8996843099594116,
                0.0,
                0.16560989618301392,
                -1.9378650506496346e-7,
                9.689338043017418e-8,
                1.0
            ],
            "name": "LFinger"
        },
        {
            "children": [
                52,
                51,
                50,
                49,
                48,
                47,
                46,
                45,
                44,
                43,
                42
            ],
            "matrix": [
                0.8757790327072144,
                -9.95645894289604e-14,
                0.48271217942237856,
                0.0,
                3.930844433047871e-15,
                1.0,
                1.9912908399023075e-13,
                0.0,
                -0.48271217942237856,
                -1.7249561696554286e-13,
                0.8757790327072144,
                0.0,
                0.3769636750221253,
                -2.5399083725119458e-8,
                1.4534006709254758e-7,
                1.0
            ],
            "name": "Head"
        },
        {
            "matrix": [
                -0.4342205226421356,
                0.44907328486442568,
                -0.7808877825737,
                0.0,
                -0.28479763865470889,
                0.7539724111557007,
                0.5919593572616577,
                0.0,
                0.8546009659767151,
                0.4794358909130097,
                -0.19949528574943546,
                0.0,
                0.2568902373313904,
                0.2110937088727951,
                -0.29644593596458437,
                1.0
            ],
            "name": "RFeelerC"
        },
        {
            "matrix": [
                -0.05453527718782425,
                0.24947531521320344,
                -0.9668443202972412,
                0.0,
                -0.12241064012050629,
                0.9593111276626588,
                0.2544361352920532,
                0.0,
                0.9909800887107848,
                0.13222777843475345,
                -0.021777866408228879,
                0.0,
                0.5013022422790527,
                0.09766066074371338,
                -0.2612646520137787,
                1.0
            ],
            "name": "RFeelerB"
        },
        {
            "matrix": [
                -0.2655353546142578,
                0.7991786003112793,
                -0.5392630100250244,
                0.0,
                -0.3932718336582184,
                0.42090386152267458,
                0.8174210786819458,
                0.0,
                0.8802433013916016,
                0.4291311502456665,
                0.20252956449985505,
                0.0,
                0.07847195118665695,
                0.1755315214395523,
                -0.11502406746149065,
                1.0
            ],
            "name": "RFeelerA"
        },
        {
            "matrix": [
                -0.06249163672327995,
                0.5858156085014343,
                -0.8080314993858337,
                0.0,
                -0.4887989163398743,
                0.6879051327705383,
                0.5365278720855713,
                0.0,
                0.870155394077301,
                0.4284934103488922,
                0.24335770308971409,
                0.0,
                0.5058282613754273,
                0.2992754876613617,
                -0.17951084673404694,
                1.0
            ],
            "name": "REar"
        },
        {
            "matrix": [
                0.15669719874858857,
                -2.144007140714166e-7,
                0.9876466989517212,
                0.0,
                -0.000002289462599947001,
                -1.0,
                1.4615719123867169e-7,
                0.0,
                0.9876466989517212,
                -0.000002284082484038663,
                -0.15669719874858857,
                0.0,
                0.3438398241996765,
                -2.540101640136072e-8,
                0.27670758962631228,
                1.0
            ],
            "name": "Nose"
        },
        {
            "matrix": [
                -0.4342204928398133,
                -0.4490734338760376,
                -0.7808877229690552,
                0.0,
                0.2847974896430969,
                0.7539724111557007,
                -0.5919594764709473,
                0.0,
                0.8546010255813599,
                -0.4794358015060425,
                -0.19949528574943546,
                0.0,
                0.25689050555229189,
                -0.21109382808208464,
                -0.2964434027671814,
                1.0
            ],
            "name": "LFeelerC"
        },
        {
            "matrix": [
                -0.05453527718782425,
                -0.24947531521320344,
                -0.9668443202972412,
                0.0,
                0.12241064012050629,
                0.9593111276626588,
                -0.2544361352920532,
                0.0,
                0.9909800887107848,
                -0.13222777843475345,
                -0.021777866408228879,
                0.0,
                0.5013017654418945,
                -0.09766076505184174,
                -0.2612664103507996,
                1.0
            ],
            "name": "LFeelerB"
        },
        {
            "matrix": [
                -0.2655337452888489,
                -0.7991787195205689,
                -0.5392635464668274,
                0.0,
                0.393272340297699,
                0.4209045767784119,
                -0.817420482635498,
                0.0,
                0.8802435398101807,
                -0.4291301369667053,
                0.20253054797649384,
                0.0,
                0.07847233861684799,
                -0.1755315214395523,
                -0.11502445489168169,
                1.0
            ],
            "name": "LFeelerA"
        },
        {
            "matrix": [
                -0.06249234452843666,
                -0.5858154892921448,
                -0.8080314993858337,
                0.0,
                0.4887994825839997,
                0.6879047155380249,
                -0.5365279316902161,
                0.0,
                0.8701550364494324,
                -0.42849427461624148,
                0.24335752427577973,
                0.0,
                0.5058284997940064,
                -0.2992754876613617,
                -0.1795116364955902,
                1.0
            ],
            "name": "LEar"
        },
        {
            "matrix": [
                0.4632654488086701,
                1.2662246739406777e-13,
                -0.8862195611000061,
                0.0,
                -1.242255403361911e-13,
                1.0,
                7.794125452464594e-14,
                0.0,
                0.8862195611000061,
                7.398361166321282e-14,
                0.4632654488086701,
                0.0,
                0.5981115698814392,
                -5.0799744855112297e-8,
                -2.906801341850951e-7,
                1.0
            ],
            "name": "Hair"
        },
        {
            "matrix": [
                -0.4016472697257996,
                9.575945796314045e-7,
                -0.9157944321632384,
                0.0,
                0.000005222632353252266,
                1.0,
                -0.0000012448879260773538,
                0.0,
                0.9157944321632384,
                -0.000005282863639877178,
                -0.4016472697257996,
                0.0,
                0.2791457176208496,
                -2.5400508363304657e-8,
                -0.3717167973518372,
                1.0
            ],
            "name": "FeelerA"
        },
        {
            "matrix": [
                0.00866635050624609,
                6.066314028885246e-8,
                -0.9999624490737916,
                0.0,
                -2.6276991693663378e-10,
                1.0,
                6.06631473942798e-8,
                0.0,
                0.9999624490737916,
                -2.6296800847980248e-10,
                0.00866635050624609,
                0.0,
                0.4705654680728913,
                -2.5400508363304657e-8,
                -0.1300775110721588,
                1.0
            ],
            "name": "FeelerB"
        },
        {
            "matrix": [
                -0.3498995304107666,
                0.4684408307075501,
                -0.8112542629241943,
                0.0,
                -0.8009084463119507,
                0.2996091544628144,
                0.5184400081634522,
                0.0,
                0.48591768741607668,
                0.8311423063278198,
                0.2703450918197632,
                0.0,
                -0.0399366207420826,
                0.24859030544757844,
                -0.3735549747943878,
                1.0
            ],
            "name": "RFeelerI"
        },
        {
            "matrix": [
                -0.20713762938976289,
                0.8511765003204346,
                -0.4822785258293152,
                0.0,
                -0.8350022435188294,
                0.1030527725815773,
                0.5405102968215942,
                0.0,
                0.5097697973251343,
                0.5146636366844177,
                0.6893882155418396,
                0.0,
                0.13588309288024906,
                0.3830243647098541,
                -0.18323203921318058,
                1.0
            ],
            "name": "RFeelerH"
        },
        {
            "matrix": [
                -0.2602793872356415,
                0.49299219250679018,
                -0.8301887512207031,
                0.0,
                -0.7591959834098816,
                0.4267452657222748,
                0.491436630487442,
                0.0,
                0.5965535044670105,
                0.7581867575645447,
                0.2632046937942505,
                0.0,
                0.3486863672733307,
                0.1318783164024353,
                -0.23379890620708464,
                1.0
            ],
            "name": "RFeelerG"
        },
        {
            "matrix": [
                -0.3499011695384979,
                -0.4684400260448456,
                -0.8112540245056152,
                0.0,
                0.8009077906608582,
                0.29960897564888,
                -0.5184410810470581,
                0.0,
                0.4859175384044647,
                -0.8311428427696228,
                0.27034372091293337,
                0.0,
                -0.0399363711476326,
                -0.24859030544757844,
                -0.3735549747943878,
                1.0
            ],
            "name": "LFeelerI"
        },
        {
            "matrix": [
                -0.20713762938976289,
                -0.8511765003204346,
                -0.4822785258293152,
                0.0,
                0.8350021839141846,
                0.10305287688970566,
                -0.540510356426239,
                0.0,
                0.5097699165344238,
                -0.5146636962890625,
                0.68938809633255,
                0.0,
                0.1358841508626938,
                -0.3830243647098541,
                -0.1832326054573059,
                1.0
            ],
            "name": "LFeelerH"
        },
        {
            "matrix": [
                -0.2602793574333191,
                -0.492992103099823,
                -0.8301888108253479,
                0.0,
                0.7591960430145264,
                0.4267452359199524,
                -0.49143651127815249,
                0.0,
                0.5965534448623657,
                -0.7581868767738342,
                0.2632046937942505,
                0.0,
                0.3486860990524292,
                -0.1318783164024353,
                -0.23379793763160704,
                1.0
            ],
            "name": "LFeelerG"
        },
        {
            "matrix": [
                -0.37944474816322329,
                0.0000012665345821005758,
                -0.925214409828186,
                0.0,
                2.496240938398842e-7,
                1.0,
                0.0000012665345821005758,
                0.0,
                0.925214409828186,
                2.496240938398842e-7,
                -0.37944474816322329,
                0.0,
                0.06993206590414047,
                3.696182628628447e-13,
                -0.421713650226593,
                1.0
            ],
            "name": "FeelerD"
        },
        {
            "matrix": [
                -0.1909083276987076,
                6.372228540385549e-7,
                -0.9816078543663024,
                0.0,
                6.139012498351805e-8,
                1.0,
                6.372228540385549e-7,
                0.0,
                0.9816078543663024,
                6.139012498351805e-8,
                -0.1909083276987076,
                0.0,
                0.4486173391342163,
                3.696182628628447e-13,
                -0.2554960548877716,
                1.0
            ],
            "name": "FeelerC"
        }
    ],
    "meshes": [
        {
            "primitives": [
                {
                    "attributes": {
                        "JOINTS_0": 1,
                        "NORMAL": 2,
                        "POSITION": 3,
                        "TEXCOORD_0": 4,
                        "WEIGHTS_0": 5
                    },
                    "indices": 0,
                    "mode": 4,
                    "material": 0
                },
                {
                    "attributes": {
                        "JOINTS_0": 7,
                        "NORMAL": 8,
                        "POSITION": 9,
                        "TEXCOORD_0": 10,
                        "WEIGHTS_0": 11
                    },
                    "indices": 6,
                    "mode": 4,
                    "material": 1
                },
                {
                    "attributes": {
                        "JOINTS_0": 13,
                        "NORMAL": 14,
                        "POSITION": 15,
                        "TEXCOORD_0": 16,
                        "WEIGHTS_0": 17
                    },
                    "indices": 12,
                    "mode": 4,
                    "material": 2
                }
            ],
            "name": "Sandslash"
        }
    ],
    "skins": [
        {
            "inverseBindMatrices": 18,
            "skeleton": 2,
            "joints": [
                2,
                21,
                20,
                19,
                15,
                16,
                17,
                18,
                14,
                13,
                9,
                10,
                11,
                12,
                3,
                8,
                7,
                6,
                4,
                5,
                25,
                61,
                60,
                59,
                58,
                57,
                56,
                55,
                54,
                26,
                53,
