{
    "asset": {
        "generator": "COLLADA2GLTF",
        "version": "2.0"
    },
    "scenes": [
        {
            "nodes": [
                0
            ]
        }
    ],
    "scene": 0,
    "nodes": [
        {
            "children": [
                2,
                92,
                91,
                90,
                89,
                1
            ],
            "name": "Y_UP"
        },
        {
            "mesh": 0,
            "skin": 0,
            "name": "mesh_4_pm0089_00_EyeSkin"
        },
        {
            "children": [
                6,
                5,
                4,
                3
            ],
            "name": "pm0089_00"
        },
        {
            "name": "pm0089_00_EyeSkin"
        },
        {
            "name": "pm0089_00_BodySkin"
        },
        {
            "name": "pm0089_00_BetoSkin"
        },
        {
            "children": [
                7
            ],
            "name": "Origin"
        },
        {
            "children": [
                88,
                50,
                8
            ],
            "matrix": [
                -0.000003000000106112566,
                1.0,
                0.0,
                0.0,
                -1.0,
                -0.000003000000106112566,
                0.0,
                0.0,
                0.0,
                0.0,
                1.0,
                0.0,
                0.0,
                56.68230056762695,
                0.0,
                1.0
            ],
            "name": "Waist"
        },
        {
            "children": [
                37,
                22,
                9
            ],
            "name": "Spine"
        },
        {
            "children": [
                10
            ],
            "matrix": [
                1.0,
                0.0,
                0.0,
                0.0,
                0.0,
                1.0,
                0.0,
                0.0,
                0.0,
                0.0,
                1.0,
                0.0,
                -1.7196799516677857,
                80.03849792480469,
                0.0,
                1.0
            ],
            "name": "RShoulder"
        },
        {
            "children": [
                11
            ],
            "matrix": [
                1.0,
                0.0,
                0.0,
                0.0,
                0.0,
                1.0,
                0.0,
                0.0,
                0.0,
                0.0,
                1.0,
                0.0,
                21.420499801635747,
                -9.999999974752428e-7,
                0.0,
                1.0
            ],
            "name": "RArm"
        },
        {
            "children": [
                12
            ],
            "matrix": [
                1.0,
                0.0,
                0.0,
                0.0,
                0.0,
                1.0,
                0.0,
                0.0,
                0.0,
                0.0,
                1.0,
                0.0,
                20.743499755859376,
                -0.0,
                0.0,
                1.0
            ],
            "name": "RForeArm"
        },
        {
            "children": [
                13
            ],
            "matrix": [
                1.0,
                0.0,
                0.0,
                0.0,
                0.0,
                1.0,
                0.0,
                0.0,
                0.0,
                0.0,
                1.0,
                0.0,
                28.888399124145509,
                9.999999974752428e-7,
                0.0,
                1.0
            ],
            "name": "RHand"
        },
        {
            "children": [
                20,
                18,
                16,
                14
            ],
            "matrix": [
                1.0,
                0.0,
                0.0,
                0.0,
                0.0,
                1.0,
                0.0,
                0.0,
                0.0,
                0.0,
                1.0,
                0.0,
                29.59760093688965,
                9.999999974752428e-7,
                0.0,
                1.0
            ],
            "name": "RFeeler"
        },
        {
            "children": [
                15
            ],
            "matrix": [
                -0.9707090258598328,
                -0.04249799996614456,
                0.2364709973335266,
                0.0,
                0.0437380000948906,
                -0.9990429878234864,
                0.0,
                0.0,
                0.23624500632286073,
                0.010342000052332878,
                0.9716389775276184,
                0.0,
                4.576930046081543,
                0.0,
                9.84891986846924,
                1.0
            ],
            "name": "RFingerD"
        },
        {
            "matrix": [
                1.0,
                0.0,
                0.0,
                0.0,
                0.0,
                1.0,
                0.0,
                0.0,
                0.0,
                0.0,
                1.0,
                0.0,
                18.83300018310547,
                0.00005099999907542952,
                -9.999999974752428e-7,
                1.0
            ],
            "name": "EndRFingerD"
        },
        {
            "children": [
                17
            ],
            "matrix": [
                -0.18407799303531648,
                -0.982912003993988,
                0.0,
                0.0,
                0.982912003993988,
                -0.18407799303531648,
                0.0,
                0.0,
                0.0,
                0.0,
                1.0,
                0.0,
                15.13539981842041,
                -10.7878999710083,
                1.4604899883270264,
                1.0
            ],
            "name": "RFingerC"
        },
        {
            "matrix": [
                1.0,
                0.0,
                0.0,
                0.0,
                0.0,
                1.0,
                0.0,
                0.0,
                0.0,
                0.0,
                1.0,
                0.0,
                20.150299072265626,
                0.000007999999979801942,
                0.0,
                1.0
            ],
            "name": "EndRFingerC"
        },
        {
            "children": [
                19
            ],
            "matrix": [
                -0.3041189908981323,
                0.9526339769363404,
                0.0,
                0.0,
                -0.9526339769363404,
                -0.3041189908981323,
                0.0,
                0.0,
                0.0,
                0.0,
                1.0,
                0.0,
                8.885430335998536,
                11.339200019836426,
                1.5016200542449952,
                1.0
            ],
            "name": "RFingerB"
        },
        {
            "matrix": [
                1.0,
                0.0,
                0.0,
                0.0,
                0.0,
                1.0,
                0.0,
                0.0,
                0.0,
                0.0,
                1.0,
                0.0,
                14.583000183105469,
                0.00009500000305706636,
                0.0,
                1.0
            ],
            "name": "EndRFingerB"
        },
        {
            "children": [
                21
            ],
            "matrix": [
                0.9995329976081848,
                0.03054399974644184,
                0.0,
                0.0,
                -0.03054399974644184,
                0.9995329976081848,
                0.0,
                0.0,
                0.0,
                0.0,
                1.0,
                0.0,
                25.975400924682618,
                -9.999999974752428e-7,
                0.0,
                1.0
            ],
            "name": "RFingerA"
        },
        {
            "matrix": [
                1.0,
                0.0,
                0.0,
                0.0,
                0.0,
                1.0,
                0.0,
                0.0,
                0.0,
                0.0,
                1.0,
                0.0,
                25.143699645996099,
                -0.0000019999999949504856,
                0.0,
                1.0
            ],
            "name": "EndRFingerA"
        },
        {
            "children": [
                23
            ],
            "matrix": [
                1.0,
                0.0,
                0.0,
                0.0,
                0.0,
                1.0,
                0.0,
                0.0,
                0.0,
                0.0,
                1.0,
                0.0,
                -1.7197099924087525,
                -80.03849792480469,
                0.0,
                1.0
            ],
            "name": "LShoulder"
        },
        {
            "children": [
                24
            ],
            "matrix": [
                1.0,
                0.0,
                0.0,
                0.0,
                0.0,
                1.0,
                0.0,
                0.0,
                0.0,
                0.0,
                1.0,
                0.0,
                21.420499801635747,
                -9.999999974752428e-7,
                0.0,
                1.0
            ],
            "name": "LArm"
        },
        {
            "children": [
                25
            ],
            "matrix": [
                1.0,
                0.0,
                0.0,
                0.0,
                0.0,
                1.0,
                0.0,
                0.0,
                0.0,
                0.0,
                1.0,
                0.0,
                20.743499755859376,
                -0.0,
                0.0,
                1.0
            ],
            "name": "LForeArm"
        },
        {
            "children": [
                30,
                26
            ],
            "matrix": [
                1.0,
                0.0,
                0.0,
                0.0,
                0.0,
                1.0,
                0.0,
                0.0,
                0.0,
                0.0,
                1.0,
                0.0,
                28.8882999420166,
                9.999999974752428e-7,
                0.0,
                1.0
            ],
            "name": "LHand"
        },
        {
            "children": [
                27
            ],
            "matrix": [
                -0.996758997440338,
                0.08044499903917313,
                0.0,
                0.0,
                -0.08044499903917313,
                -0.996758997440338,
                0.0,
                0.0,
                0.0,
                0.0,
                1.0,
                0.0,
                23.44879913330078,
                0.0,
                11.837300300598145,
                1.0
            ],
            "name": "LFingerD"
        },
        {
            "children": [
                28
            ],
            "matrix": [
                0.9959120154380798,
                0.08806800097227097,
                -0.020062999799847604,
                0.0,
                -0.08808600157499314,
                0.9961130023002625,
                0.0,
                0.0,
                0.019984999671578409,
                0.001766999950632453,
                0.9997990131378174,
                0.0,
                10.969400405883788,
                -0.0,
                0.0,
                1.0
            ],
            "name": "LFeelerI1"
        },
        {
            "children": [
                29
            ],
            "matrix": [
                0.9997689723968506,
                -0.007664999924600124,
                0.02006199955940247,
                0.0,
                0.007662999909371138,
                0.9999709725379944,
                0.00015300000086426735,
                0.0,
                -0.020062999799847604,
                0.0,
                0.9997990131378174,
                0.0,
                10.999500274658204,
                -0.000003999999989900971,
                -0.0,
                1.0
            ],
            "name": "LFeelerI2"
        },
        {
            "matrix": [
                1.0,
                0.0,
                0.0,
                0.0,
                0.0,
                1.0,
                0.0,
                0.0,
                0.0,
                0.0,
                1.0,
                0.0,
                12.53689956665039,
                0.000003000000106112566,
                0.0,
                1.0
            ],
            "name": "EndLFeelerI2"
        },
        {
            "children": [
                35,
                33,
                31
            ],
            "matrix": [
                1.0,
                0.0,
                0.0,
                0.0,
                0.0,
                1.0,
                0.0,
                0.0,
                0.0,
                0.0,
                1.0,
                0.0,
                29.597400665283204,
                9.999999974752428e-7,
                0.0,
                1.0
            ],
            "name": "LFeeler"
        },
        {
            "children": [
                32
            ],
            "matrix": [
                -0.18407799303531648,
                0.982912003993988,
                0.0,
                0.0,
                -0.982912003993988,
                -0.18407799303531648,
                0.0,
                0.0,
                0.0,
                0.0,
                1.0,
                0.0,
                15.135299682617188,
                10.78779983520508,
                1.4604899883270264,
                1.0
            ],
            "name": "LFingerC"
        },
        {
            "matrix": [
                1.0,
                0.0,
                0.0,
                0.0,
                0.0,
                1.0,
                0.0,
                0.0,
                0.0,
                0.0,
                1.0,
                0.0,
                20.150100708007817,
                -0.000003999999989900971,
                0.0,
                1.0
            ],
            "name": "EndLFingerC"
        },
        {
            "children": [
                34
            ],
            "matrix": [
                -0.3041189908981323,
                -0.9526339769363404,
                0.0,
                0.0,
                0.9526339769363404,
                -0.3041189908981323,
                0.0,
                0.0,
                0.0,
                0.0,
                1.0,
                0.0,
                8.885549545288086,
                -11.339200019836426,
                1.5016200542449952,
                1.0
            ],
            "name": "LFingerB"
        },
        {
            "matrix": [
                1.0,
                0.0,
                0.0,
                0.0,
                0.0,
                1.0,
                0.0,
                0.0,
                0.0,
                0.0,
                1.0,
                0.0,
                14.583100318908692,
                -0.0000019999999949504856,
                0.0,
                1.0
            ],
            "name": "EndLFingerB"
        },
        {
            "children": [
                36
            ],
            "matrix": [
                0.9995329976081848,
                -0.03054399974644184,
                0.0,
                0.0,
                0.03054399974644184,
                0.9995329976081848,
                0.0,
                0.0,
                0.0,
                0.0,
                1.0,
                0.0,
                25.97570037841797,
                -9.999999974752428e-7,
                0.0,
                1.0
            ],
            "name": "LFingerA"
        },
        {
            "matrix": [
                1.0,
                0.0,
                0.0,
                0.0,
                0.0,
                1.0,
                0.0,
                0.0,
                0.0,
                0.0,
                1.0,
                0.0,
                25.14419937133789,
                -0.0,
                0.0,
                1.0
            ],
            "name": "EndLFingerA"
        },
        {
            "children": [
                49,
                42,
                40,
                38
            ],
            "matrix": [
                0.9356610178947448,
                0.0,
                0.3528999984264374,
                0.0,
                0.0,
                1.0,
                0.0,
                0.0,
                -0.3528999984264374,
                0.0,
                0.9356610178947448,
                0.0,
                27.891300201416017,
                0.0,
                0.0,
                1.0
            ],
            "name": "Head"
        },
        {
            "children": [
                39
            ],
            "matrix": [
                0.004265999887138605,
                0.0,
                0.9999909996986388,
                0.0,
                -0.0000019999999949504856,
                -1.0,
                0.0,
                0.0,
                0.9999909996986388,
                -0.0000019999999949504856,
                -0.004265999887138605,
                0.0,
                41.9385986328125,
                0.0,
                -0.4662750065326691,
                1.0
            ],
            "name": "UpperJaw"
        },
        {
            "matrix": [
                1.0,
                0.0,
                0.0,
                0.0,
                0.0,
                1.0,
                0.0,
                0.0,
                0.0,
                0.0,
                1.0,
                0.0,
                72.9813003540039,
                0.0,
                0.000007999999979801942,
                1.0
            ],
            "name": "EndUpperJaw"
        },
        {
            "children": [
                41
            ],
            "matrix": [
                0.15527500212192536,
                0.0,
                0.9878720045089722,
                0.0,
                0.0,
                1.0,
                0.0,
                0.0,
                -0.9878720045089722,
                0.0,
                0.15527500212192536,
                0.0,
                -10.248600006103516,
                0.0,
                10.76140022277832,
                1.0
            ],
            "name": "LowerJaw"
        },
        {
            "matrix": [
                1.0,
                0.0,
                0.0,
                0.0,
                0.0,
                1.0,
                0.0,
                0.0,
                0.0,
                0.0,
                1.0,
                0.0,
                76.75409698486328,
                0.0,
                -0.000007000000096013537,
                1.0
            ],
            "name": "EndLowerJaw"
        },
        {
            "children": [
                47,
                45,
                43
            ],
            "matrix": [
                1.0,
                0.0,
                0.0,
                0.0,
                0.0,
                1.0,
                0.0,
                0.0,
                0.0,
                0.0,
                1.0,
                0.0,
                -0.000003999999989900971,
                0.0,
                -0.0000019999999949504856,
                1.0
            ],
            "name": "FeelerF"
        },
        {
            "children": [
                44
            ],
            "matrix": [
                -0.7249739766120911,
                0.3860810101032257,
                -0.5703989863395691,
                0.0,
                0.15502500534057618,
                0.8983479738235474,
                0.41102099418640139,
                0.0,
                0.6711040139198303,
                0.2095540016889572,
                -0.7111309766769409,
                0.0,
                -5.483089923858643,
                33.1859016418457,
                -35.37350082397461,
                1.0
            ],
            "name": "RFeelerG"
        },
        {
            "matrix": [
                1.0,
                0.0,
                0.0,
                0.0,
                0.0,
                1.0,
                0.0,
                0.0,
                0.0,
                0.0,
                1.0,
                0.0,
                26.711000442504884,
                -0.000018999999156221749,
                0.000012000000424450264,
                1.0
            ],
            "name": "EndRFeelerG"
        },
        {
            "children": [
                46
            ],
            "matrix": [
                -0.7249739766120911,
                -0.3860810101032257,
                -0.5703989863395691,
                0.0,
                -0.15502500534057618,
                0.8983479738235474,
                -0.41102099418640139,
                0.0,
                0.6711040139198303,
                -0.2095540016889572,
                -0.7111309766769409,
                0.0,
                -5.483059883117676,
                -33.1859016418457,
                -35.37350082397461,
                1.0
            ],
            "name": "LFeelerG"
        },
        {
            "matrix": [
                1.0,
                0.0,
                0.0,
                0.0,
                0.0,
                1.0,
                0.0,
                0.0,
                0.0,
                0.0,
                1.0,
                0.0,
                26.711000442504884,
                0.000003999999989900971,
                -0.000006000000212225132,
                1.0
            ],
            "name": "EndLFeelerG"
        },
        {
            "children": [
                48
            ],
            "matrix": [
                -0.8243169784545898,
                0.0000019999999949504856,
                -0.5661290287971497,
                0.0,
                0.000003000000106112566,
                1.0,
                -0.0000019999999949504856,
                0.0,
                0.5661290287971497,
                -0.000003000000106112566,
                -0.8243169784545898,
                0.0,
                -8.69066047668457,
                0.0,
                -44.016300201416019,
                1.0
            ],
            "name": "FeelerE"
        },
        {
            "matrix": [
                1.0,
                0.0,
                0.0,
                0.0,
                0.0,
                1.0,
                0.0,
                0.0,
                0.0,
                0.0,
                1.0,
                0.0,
                33.61819839477539,
                0.0,
                0.000007000000096013537,
                1.0
            ],
            "name": "EndFeelerE"
        },
        {
            "matrix": [
                1.0,
                0.0,
                0.0,
                0.0,
                0.0,
                1.0,
                0.0,
                0.0,
                0.0,
                0.0,
                1.0,
                0.0,
                67.01319885253906,
                0.0,
                -0.000003999999989900971,
                1.0
            ],
            "name": "EndHead"
        },
        {
            "children": [
                51
            ],
            "matrix": [
                -1.0,
                0.0000019999999949504856,
                0.0,
                0.0,
                -0.0000019999999949504856,
                -1.0,
                0.0,
                0.0,
                0.0,
                0.0,
                1.0,
                0.0,
                0.0,
                0.0,
                0.0,
                1.0
            ],
            "name": "Hips"
        },
        {
            "children": [
                71,
                52
            ],
            "matrix": [
                1.0,
                0.0,
                0.0,
                0.0,
                0.0,
                1.0,
                0.0,
                0.0,
                0.0,
                0.0,
                1.0,
                0.0,
                31.771900177001954,
                0.0,
                0.0,
                1.0
            ],
            "name": "Tail1"
        },
        {
            "children": [
                70,
                53
            ],
            "matrix": [
                1.0,
                0.0,
                0.0,
                0.0,
                0.0,
                1.0,
                0.0,
                0.0,
                0.0,
                0.0,
                1.0,
                0.0,
                24.90999984741211,
                0.0,
                0.0,
                1.0
            ],
            "name": "Tail2"
        },
        {
            "children": [
                68,
                66,
                64,
                62,
                60,
                58,
                56,
                54
            ],
            "matrix": [
                -1.0,
                0.0000019999999949504856,
                0.0,
                0.0,
                -0.0000019999999949504856,
                -1.0,
                0.0,
                0.0,
                0.0,
                0.0,
                1.0,
                0.0,
                0.0,
                0.0,
                0.0,
                1.0
            ],
            "name": "FeelerH"
        },
        {
            "children": [
                55
            ],
            "matrix": [
                -9.999999974752428e-7,
                0.5114970207214356,
                -0.8592849969863892,
                0.0,
                0.0,
                0.8592849969863892,
                0.5114970207214356,
                0.0,
                1.0,
                0.0,
                -9.999999974752428e-7,
                0.0,
                7.947750091552734,
                40.80989837646485,
                -64.95359802246094,
                1.0
            ],
            "name": "RFeelerC"
        },
        {
            "matrix": [
                1.0,
                0.0,
                0.0,
                0.0,
                0.0,
                1.0,
                0.0,
                0.0,
                0.0,
                0.0,
                1.0,
                0.0,
                46.31460189819336,
                -0.00015900000289548188,
                0.0,
                1.0
            ],
            "name": "EndRFeelerC"
        },
        {
            "children": [
                57
            ],
            "matrix": [
                -0.000003000000106112566,
                1.0,
                0.0,
                0.0,
                0.000003000000106112566,
                0.0,
                1.0,
                0.0,
                1.0,
                0.000003000000106112566,
                -0.000003000000106112566,
                0.0,
                7.947750091552734,
                80.21219635009766,
                -19.754199981689458,
                1.0
            ],
            "name": "RFeelerB"
        },
        {
            "matrix": [
                1.0,
                0.0,
                0.0,
                0.0,
                0.0,
                1.0,
                0.0,
                0.0,
                0.0,
                0.0,
                1.0,
                0.0,
                53.04069900512695,
                0.0,
                0.0,
                1.0
            ],
            "name": "EndRFeelerB"
        },
        {
            "children": [
                59
            ],
            "matrix": [
                -9.999999974752428e-7,
                0.4284319877624512,
                0.903573989868164,
                0.0,
                0.000006000000212225132,
                -0.903573989868164,
                0.4284319877624512,
                0.0,
                1.0,
                0.000006000000212225132,
                -9.999999974752428e-7,
                0.0,
                7.947750091552734,
                49.1161994934082,
                25.23509979248047,
                1.0
            ],
            "name": "RFeelerA"
        },
        {
            "matrix": [
                1.0,
                0.0,
                0.0,
                0.0,
                0.0,
                1.0,
                0.0,
                0.0,
                0.0,
                0.0,
                1.0,
                0.0,
                34.00279998779297,
                -0.00002499999936844688,
                0.0,
                1.0
            ],
            "name": "EndRFeelerA"
        },
        {
            "children": [
                61
            ],
            "matrix": [
                -9.999999974752428e-7,
                -0.3906489908695221,
                -0.9205399751663208,
                0.0,
                -0.0,
                0.9205399751663208,
                -0.3906489908695221,
                0.0,
                1.0,
                -0.0,
                -9.999999974752428e-7,
                0.0,
                7.947750091552734,
                -40.80989837646485,
                -64.95359802246094,
                1.0
            ],
            "name": "LFeelerC"
        },
        {
            "matrix": [
                1.0,
                0.0,
                0.0,
                0.0,
                0.0,
                1.0,
                0.0,
                0.0,
                0.0,
                0.0,
                1.0,
                0.0,
                46.314300537109378,
                0.0000019999999949504856,
                -0.0,
                1.0
            ],
            "name": "EndLFeelerC"
        },
        {
            "children": [
                63
            ],
            "matrix": [
                -0.000003000000106112566,
                -1.0,
                0.0,
                0.0,
                -0.000003000000106112566,
                0.0,
                -1.0,
                0.0,
                1.0,
                -0.000003000000106112566,
                -0.000003000000106112566,
                0.0,
                7.947750091552734,
                -83.8363037109375,
                -19.754199981689458,
                1.0
            ],
            "name": "LFeelerB"
        },
        {
            "matrix": [
                1.0,
                0.0,
                0.0,
                0.0,
                0.0,
                1.0,
                0.0,
                0.0,
                0.0,
                0.0,
                1.0,
                0.0,
                53.04079818725586,
                -0.0,
                0.0,
                1.0
            ],
            "name": "EndLFeelerB"
        },
        {
            "children": [
                65
            ],
            "matrix": [
                -9.999999974752428e-7,
                -0.4284319877624512,
                0.903573989868164,
                0.0,
                -0.000006000000212225132,
                -0.903573989868164,
                -0.4284319877624512,
                0.0,
                1.0,
                -0.000006000000212225132,
                -9.999999974752428e-7,
                0.0,
                7.947750091552734,
                -49.1161994934082,
                25.23509979248047,
                1.0
            ],
            "name": "LFeelerA"
        },
        {
            "matrix": [
                1.0,
                0.0,
                0.0,
                0.0,
                0.0,
                1.0,
                0.0,
                0.0,
                0.0,
                0.0,
                1.0,
                0.0,
                34.00270080566406,
                -0.000006000000212225132,
                0.0,
                1.0
            ],
            "name": "EndLFeelerA"
        },
        {
            "children": [
                67
            ],
            "matrix": [
                0.0,
                0.0,
                -1.0,
                0.0,
                0.0,
                1.0,
                0.0,
                0.0,
                1.0,
                0.0,
                0.0,
                0.0,
                7.947750091552734,
                0.0,
                -86.1343002319336,
                1.0
            ],
            "name": "FeelerB"
        },
        {
            "matrix": [
                1.0,
                0.0,
                0.0,
                0.0,
                0.0,
                1.0,
                0.0,
                0.0,
                0.0,
                0.0,
                1.0,
                0.0,
                51.65069961547852,
                0.0,
                0.0,
                1.0
            ],
            "name": "EndFeelerB"
        },
        {
            "children": [
                69
            ],
            "matrix": [
                0.0,
                0.0,
                1.0,
                0.0,
                0.0000019999999949504856,
                -1.0,
                0.0,
                0.0,
                1.0,
                0.0000019999999949504856,
                0.0,
                0.0,
                7.947750091552734,
                0.0,
                40.36119842529297,
                1.0
            ],
            "name": "FeelerA"
        },
        {
            "matrix": [
                1.0,
                0.0,
                0.0,
                0.0,
                0.0,
                1.0,
                0.0,
                0.0,
                0.0,
                0.0,
                1.0,
                0.0,
                40.58430099487305,
                0.0,
                0.0,
                1.0
            ],
            "name": "EndFeelerA"
        },
        {
            "matrix": [
                1.0,
                0.0,
                0.0,
                0.0,
                0.0,
                1.0,
                0.0,
                0.0,
                0.0,
                0.0,
                1.0,
                0.0,
                5.926050186157227,
                0.0,
                0.0,
                1.0
            ],
            "name": "EndTail2"
        },
        {
            "children": [
                86,
                84,
                82,
                80,
                78,
                76,
                74,
                72
            ],
            "matrix": [
                -1.0,
                0.0000019999999949504856,
                0.0,
                0.0,
                -0.0000019999999949504856,
                -1.0,
                0.0,
                0.0,
                0.0,
                0.0,
                1.0,
                0.0,
                0.0,
                0.0,
                0.0,
                1.0
            ],
            "name": "FeelerG"
        },
        {
            "children": [
                73
            ],
            "matrix": [
                -0.4300200045108795,
                0.396593987941742,
                -0.8110460042953491,
                0.0,
                -0.000003999999989900971,
                0.898347020149231,
                0.4392859935760498,
                0.0,
                0.9028189778327942,
                0.1889059990644455,
                -0.3863059878349304,
                0.0,
                28.301700592041017,
                31.61520004272461,
                -57.245601654052737,
                1.0
            ],
            "name": "RFeelerF"
        },
        {
            "matrix": [
                1.0,
                0.0,
                0.0,
                0.0,
                0.0,
                1.0,
                0.0,
                0.0,
                0.0,
                0.0,
                1.0,
                0.0,
                39.1531982421875,
                0.000025999999706982636,
                -0.000009000000318337698,
                1.0
            ],
            "name": "EndRFeelerF"
        },
        {
            "children": [
                75
            ],
            "matrix": [
                -0.3172740042209625,
                0.948333978652954,
                0.0,
                0.0,
                0.000003000000106112566,
                9.999999974752428e-7,
                1.0,
                0.0,
                0.948333978652954,
                0.3172740042209625,
                -0.000003000000106112566,
                0.0,
                19.99020004272461,
                79.66580200195313,
                -19.754199981689458,
                1.0
            ],
            "name": "RFeelerE"
        },
        {
            "matrix": [
                1.0,
                0.0,
                0.0,
                0.0,
                0.0,
                1.0,
                0.0,
                0.0,
                0.0,
                0.0,
                1.0,
                0.0,
                46.812400817871097,
                -0.0,
                0.0001539999939268455,
                1.0
            ],
            "name": "EndRFeelerE"
        },
        {
            "children": [
                77
            ],
            "matrix": [
                -0.6803640127182007,
                0.4893139898777008,
                0.5455970168113709,
                0.0,
                -0.05125999823212624,
                -0.7744110226631165,
                0.630603015422821,
                0.0,
                0.7310789823532105,
                0.4010719954967499,
                0.5519639849662781,
                0.0,
                18.32439994812012,
                64.87640380859375,
                23.12949943542481,
                1.0
            ],
            "name": "RFeelerD"
        },
        {
            "matrix": [
                1.0,
                0.0,
                0.0,
                0.0,
                0.0,
                1.0,
                0.0,
                0.0,
                0.0,
                0.0,
                1.0,
                0.0,
                30.496299743652345,
                -0.000009000000318337698,
                0.00004999999873689376,
                1.0
            ],
            "name": "EndRFeelerD"
        },
        {
            "children": [
                79
            ],
            "matrix": [
                -0.4300200045108795,
                -0.396593987941742,
                -0.8110460042953491,
                0.0,
                0.000003999999989900971,
                0.898347020149231,
                -0.4392859935760498,
                0.0,
                0.9028189778327942,
                -0.1889059990644455,
                -0.3863059878349304,
                0.0,
                28.301700592041017,
                -31.61520004272461,
                -57.245601654052737,
                1.0
            ],
            "name": "LFeelerF"
        },
        {
            "matrix": [
                1.0,
                0.0,
                0.0,
