{
    "asset": {
        "generator": "COLLADA2GLTF",
        "version": "2.0"
    },
    "scenes": [
        {
            "nodes": [
                0
            ]
        }
    ],
    "scene": 0,
    "nodes": [
        {
            "children": [
                37,
                1
            ],
            "matrix": [
                1.0,
                0.0,
                0.0,
                0.0,
                0.0,
                0.0,
                -1.0,
                0.0,
                0.0,
                1.0,
                0.0,
                0.0,
                0.0,
                0.0,
                0.0,
                1.0
            ],
            "name": "Z_UP"
        },
        {
            "mesh": 0,
            "skin": 0,
            "name": "Vulpix"
        },
        {
            "children": [
                33,
                29,
                25,
                20,
                16,
                12,
                8,
                3
            ],
            "matrix": [
                -0.9997264742851256,
                -0.0000019140761651215145,
                0.02338673919439316,
                0.0,
                0.0000018142739008908393,
                -1.0,
                -0.000004288689524400979,
                0.0,
                0.02338673919439316,
                -0.0000042450865294085819,
                0.9997264742851256,
                0.0,
                0.0,
                0.0,
                0.0,
                1.0
            ],
            "name": "_04_Hips"
        },
        {
            "children": [
                4
            ],
            "matrix": [
                0.15516991913318638,
                -0.00000621522940491559,
                0.9878877997398377,
                0.0,
                -2.645493566433288e-7,
                1.0,
                0.00000633298623142764,
                0.0,
                -0.9878877997398377,
                -0.0000012440340242392268,
                0.15516991913318638,
                0.0,
                0.2109878957271576,
                -0.1523938924074173,
                0.03767749667167664,
                1.0
            ],
            "name": "_44_RThigh"
        },
        {
            "children": [
                5
            ],
            "matrix": [
                0.8398471474647522,
                1.2906310686844336e-8,
                -0.5428229570388794,
                0.0,
                3.04134388784405e-8,
                1.0,
                7.083146869035774e-8,
                0.0,
                0.5428229570388794,
                -7.599671647540164e-8,
                0.8398471474647522,
                0.0,
                0.1995106339454651,
                -2.422331846219095e-8,
                -0.0000021316518541425468,
                1.0
            ],
            "name": "_45_RLeg"
        },
        {
            "children": [
                6
            ],
            "matrix": [
                -0.6665647625923157,
                0.000005406753643910633,
                0.7454470992088318,
                0.0,
                0.006032327190041542,
                0.9999672770500184,
                0.005386740434914827,
                0.0,
                -0.7454227209091187,
                0.008087392896413803,
                -0.6665430068969727,
                0.0,
                0.1798330545425415,
                -2.422331846219095e-8,
                5.813602683701902e-7,
                1.0
            ],
            "name": "_46_RFoot"
        },
        {
            "children": [
                7
            ],
            "matrix": [
                1.0,
                0.0,
                0.0,
                0.0,
                0.0,
                1.0,
                0.0,
                0.0,
                0.0,
                0.0,
                1.0,
                0.0,
                0.035450756549835208,
                0.0,
                -0.17570503056049348,
                1.0
            ],
            "name": "_48_RToe1"
        },
        {
            "matrix": [
                1.0,
                0.0,
                0.0,
                0.0,
                0.0,
                1.0,
                0.0,
                0.0,
                0.0,
                0.0,
                1.0,
                0.0,
                0.05701540410518646,
                0.0,
                -0.0349867194890976,
                1.0
            ],
            "name": "_50_RToe2"
        },
        {
            "children": [
                9
            ],
            "matrix": [
                0.3150486946105957,
                -0.8979170322418213,
                -0.3073912560939789,
                0.0,
                -0.7221795320510864,
                -0.4369553029537201,
                0.5362152457237244,
                0.0,
                -0.6157930493354797,
                0.05305774509906769,
                -0.7861194610595703,
                0.0,
                0.3226155638694763,
                1.155057359437592e-13,
                -0.05398871749639511,
                1.0
            ],
            "name": "_39_RTailC1"
        },
        {
            "children": [
                10
            ],
            "matrix": [
                0.9999999403953552,
                -0.00028514183941297233,
                0.00007103833922883496,
                0.0,
                0.0002851403842214495,
                0.9999999403953552,
                0.000020499226593528879,
                0.0,
                -0.00007104418182279915,
                -0.000020478968508541585,
                1.0,
                0.0,
                0.2539995014667511,
                0.0000012596138958542725,
                8.478164659209142e-7,
                1.0
            ],
            "name": "_40_RTailC2"
        },
        {
            "children": [
                11
            ],
            "matrix": [
                1.0,
                0.0,
                0.0,
                0.0,
                0.0,
                1.0,
                0.0,
                0.0,
                0.0,
                0.0,
                1.0,
                0.0,
                0.2539995610713959,
                -0.000002083206254610559,
                1.4534006709254758e-7,
                1.0
            ],
            "name": "_41_RTailC3"
        },
        {
            "matrix": [
                1.0,
                0.0,
                0.0,
                0.0,
                0.0,
                1.0,
                0.0,
                0.0,
                0.0,
                0.0,
                1.0,
                0.0,
                0.2539993226528168,
                0.0000018894197637564505,
                -2.906801341850951e-7,
                1.0
            ],
            "name": "_42_RTailC4"
        },
        {
            "children": [
                13
            ],
            "matrix": [
                0.5597324371337891,
                -0.6158068776130676,
                -0.5545101165771484,
                0.0,
                -0.4543682634830475,
                -0.7876667380332947,
                0.4160896837711334,
                0.0,
                -0.693000078201294,
                0.019052913412451745,
                -0.7206857204437256,
                0.0,
                0.3226155638694763,
                1.155057359437592e-13,
                -0.05398871749639511,
                1.0
            ],
            "name": "_34_RTailB1"
        },
        {
            "children": [
                14
            ],
            "matrix": [
                0.9999999403953552,
                -0.00015014341624919325,
                -0.0002525917370803654,
                0.0,
                0.00015010018250904977,
                1.0,
                -0.00017118862888310105,
                0.0,
                0.0002526174357626587,
                0.00017115070659201592,
                0.9999999403953552,
                0.0,
                0.2540000081062317,
                0.0,
                0.0000016714088815206197,
                1.0
            ],
            "name": "_35_RTailB2"
        },
        {
            "children": [
                15
            ],
            "matrix": [
                1.0,
                0.0,
                0.0,
                0.0,
                0.0,
                1.0,
                0.0,
                0.0,
                0.0,
                0.0,
                1.0,
                0.0,
                0.2540002465248108,
                5.813602683701902e-7,
                -0.0000012111660225855304,
                1.0
            ],
            "name": "_36_RTailB3"
        },
        {
            "matrix": [
                1.0,
                0.0,
                0.0,
                0.0,
                0.0,
                1.0,
                0.0,
                0.0,
                0.0,
                0.0,
                1.0,
                0.0,
                0.2539985477924347,
                0.000001937865135914763,
                3.875735217206966e-7,
                1.0
            ],
            "name": "_37_RTailB4"
        },
        {
            "children": [
                17
            ],
            "matrix": [
                0.6967805624008179,
                -0.2185858190059662,
                -0.6831669807434082,
                0.0,
                -0.12041836231946944,
                -0.974565088748932,
                0.18900348246097568,
                0.0,
                -0.7071041464805603,
                -0.04942810535430908,
                -0.7053797245025635,
                0.0,
                0.3226155638694763,
                1.155057359437592e-13,
                -0.05398871749639511,
                1.0
            ],
            "name": "_29_RTailA1"
        },
        {
            "children": [
                18
            ],
            "matrix": [
                0.9999999403953552,
                0.00024272284645121545,
                -0.00016216517542488873,
                0.0,
                -0.00024269735149573535,
                0.9999999403953552,
                0.00015721953241154552,
                0.0,
                0.0001622033305466175,
                -0.00015718015492893755,
                1.0,
                0.0,
                0.2540000081062317,
                0.0,
                -2.422331846219095e-8,
                1.0
            ],
            "name": "_30_RTailA2"
        },
        {
            "children": [
                19
            ],
            "matrix": [
                1.0,
                0.0,
                0.0,
                0.0,
                0.0,
                1.0,
                0.0,
                0.0,
                0.0,
                0.0,
                1.0,
                0.0,
                0.2540000081062317,
                8.478163948666406e-8,
                9.689338043017418e-8,
                1.0
            ],
            "name": "_31_RTailA3"
        },
        {
            "matrix": [
                1.0,
                0.0,
                0.0,
                0.0,
                0.0,
                1.0,
                0.0,
                0.0,
                0.0,
                0.0,
                1.0,
                0.0,
                0.2540002465248108,
                0.0000017440809187974085,
                0.0,
                1.0
            ],
            "name": "_32_RTailA4"
        },
        {
            "children": [
                21
            ],
            "matrix": [
                0.15516991913318638,
                -0.00000621522940491559,
                0.9878877997398377,
                0.0,
                -2.645493566433288e-7,
                1.0,
                0.00000633298623142764,
                0.0,
                -0.9878877997398377,
                -0.0000012440340242392268,
                0.15516991913318638,
                0.0,
                0.2109889090061188,
                0.1523938924074173,
                0.03767823055386543,
                1.0
            ],
            "name": "_21_LThigh"
        },
        {
            "children": [
                22
            ],
            "matrix": [
                0.8398471474647522,
                1.2906310686844336e-8,
                -0.5428229570388794,
                0.0,
                3.04134388784405e-8,
                1.0,
                7.083146869035774e-8,
                0.0,
                0.5428229570388794,
                -7.599671647540164e-8,
                0.8398471474647522,
                0.0,
                0.1995093673467636,
                -2.422331846219095e-8,
                0.0,
                1.0
            ],
            "name": "_22_LLeg"
        },
        {
            "children": [
                23
            ],
            "matrix": [
                -0.6665647625923157,
                0.000005406753643910633,
                0.7454470992088318,
                0.0,
                0.006032327190041542,
                0.9999672770500184,
                0.005386740434914827,
                0.0,
                -0.7454227209091187,
                0.008087392896413803,
                -0.6665430068969727,
                0.0,
                0.1798330545425415,
                -2.422331846219095e-8,
                0.0,
                1.0
            ],
            "name": "_23_LFoot"
        },
        {
            "children": [
                24
            ],
            "matrix": [
                1.0,
                0.0,
                0.0,
                0.0,
                0.0,
                1.0,
                0.0,
                0.0,
                0.0,
                0.0,
                1.0,
                0.0,
                0.03545044735074043,
                -2.422331846219095e-8,
                -0.17570576071739198,
                1.0
            ],
            "name": "_25_LToe1"
        },
        {
            "matrix": [
                1.0,
                0.0,
                0.0,
                0.0,
                0.0,
                1.0,
                0.0,
                0.0,
                0.0,
                0.0,
                1.0,
                0.0,
                0.05701535567641258,
                -1.2111659231095473e-8,
                -0.0349867194890976,
                1.0
            ],
            "name": "_27_LToe2"
        },
        {
            "children": [
                26
            ],
            "matrix": [
                0.31504809856414797,
                0.8979212641716003,
                -0.3073793351650238,
                0.0,
                0.7221797108650208,
                -0.4369477033615113,
                -0.5362212061882019,
                0.0,
                -0.6157931089401245,
                -0.05304763093590737,
                -0.7861200571060181,
                0.0,
                0.3226155638694763,
                9.240469446471918e-14,
                -0.05398889258503914,
                1.0
            ],
            "name": "_16_LTailC1"
        },
        {
            "children": [
                27
            ],
            "matrix": [
                0.9999999403953552,
                0.00028532076976262033,
                0.00007107568671926856,
                0.0,
                -0.00028531934367492795,
                0.9999999403953552,
                -0.000020037305148434826,
                0.0,
                -0.00007108140562195331,
                0.000020017025235574697,
                1.0,
                0.0,
                0.25399988889694216,
                4.844669021508708e-8,
                0.0,
                1.0
            ],
            "name": "_17_LTailC2"
        },
        {
            "children": [
                28
            ],
            "matrix": [
                1.0,
                0.0,
                0.0,
                0.0,
                0.0,
                1.0,
                0.0,
                0.0,
                0.0,
                0.0,
                1.0,
                0.0,
                0.25399985909461977,
                -1.4534006709254758e-7,
                -9.689338043017418e-8,
                1.0
            ],
            "name": "_18_LTailC3"
        },
        {
            "matrix": [
                1.0,
                0.0,
                0.0,
                0.0,
                0.0,
                1.0,
                0.0,
                0.0,
                0.0,
                0.0,
                1.0,
                0.0,
                0.2540000081062317,
                1.4534006709254758e-7,
                4.844669021508708e-8,
                1.0
            ],
            "name": "_19_LTailC4"
        },
        {
            "children": [
                30
            ],
            "matrix": [
                0.5597315430641174,
                0.6158148050308228,
                -0.5545022487640381,
                0.0,
                0.4543694853782654,
                -0.7876607179641724,
                -0.4160996675491333,
                0.0,
                -0.6930000185966492,
                -0.019044797867536546,
                -0.7206860184669495,
                0.0,
                0.3226155638694763,
                9.240469446471918e-14,
                -0.05398889258503914,
                1.0
            ],
            "name": "_11_LTailB1"
        },
        {
            "children": [
                31
            ],
            "matrix": [
                0.9999999403953552,
                0.00015028488996904343,
                -0.00025302378344349563,
                0.0,
                -0.00015024165622889996,
                1.0,
                0.00017092048074118793,
                0.0,
                0.00025304945302195847,
                -0.0001708824565866962,
                0.9999999403953552,
                0.0,
                0.2540002465248108,
                0.0,
                9.689338043017418e-8,
                1.0
            ],
            "name": "_12_LTailB2"
        },
        {
            "children": [
                32
            ],
            "matrix": [
                1.0,
                0.0,
                0.0,
                0.0,
                0.0,
                1.0,
                0.0,
                0.0,
                0.0,
                0.0,
                1.0,
                0.0,
                0.2540000081062317,
                -4.844669021508708e-8,
                4.844669021508708e-8,
                1.0
            ],
            "name": "_13_LTailB3"
        },
        {
            "matrix": [
                1.0,
                0.0,
                0.0,
                0.0,
                0.0,
                1.0,
                0.0,
                0.0,
                0.0,
                0.0,
                1.0,
                0.0,
                0.2540000081062317,
                1.4534006709254758e-7,
                -4.844669021508708e-8,
                1.0
            ],
            "name": "_14_LTailB4"
        },
        {
            "children": [
                34
            ],
            "matrix": [
                0.6967806220054627,
                0.2185947597026825,
                -0.6831640005111694,
                0.0,
                0.120419442653656,
                -0.9745627045631408,
                -0.18901516497135166,
                0.0,
                -0.7071039080619812,
                0.049435872584581378,
                -0.7053794860839844,
                0.0,
                0.3226155638694763,
                1.155057359437592e-13,
                -0.05398871749639511,
                1.0
            ],
            "name": "_06_LTailA1"
        },
        {
            "children": [
                35
            ],
            "matrix": [
                0.9999999403953552,
                -0.0002427153667667881,
                -0.00016183739353436977,
                0.0,
                0.0002426899882266298,
                0.9999999403953552,
                -0.00015687677660025656,
                0.0,
                0.00016187546134460715,
                0.00015683748642913997,
                1.0,
                0.0,
                0.2539990246295929,
                -1.4534006709254758e-7,
                2.422331846219095e-8,
                1.0
            ],
            "name": "_07_LTailA2"
        },
        {
            "children": [
                36
            ],
            "matrix": [
                1.0,
                0.0,
                0.0,
                0.0,
                0.0,
                1.0,
                0.0,
                0.0,
                0.0,
                0.0,
                1.0,
                0.0,
                0.2540025413036347,
                3.996842679043766e-7,
                9.689337048257585e-7,
                1.0
            ],
            "name": "_08_LTailA3"
        },
        {
            "matrix": [
                1.0,
                0.0,
                0.0,
                0.0,
                0.0,
                1.0,
                0.0,
                0.0,
                0.0,
                0.0,
                1.0,
                0.0,
                0.2539990246295929,
                -0.000003282264287918224,
                -0.0000025676604309410324,
                1.0
            ],
            "name": "_09_LTailA4"
        },
        {
            "children": [
                38
            ],
            "matrix": [
                1.0,
                -0.0,
                0.0,
                0.0,
                0.0,
                4.4896641959724089e-11,
                1.0,
                0.0,
                -0.0,
                -1.0,
                4.4896641959724089e-11,
                0.0,
                0.0,
                0.0,
                0.0,
                1.0
            ],
            "name": "_01_pm0037_00"
        },
        {
            "children": [
                39
            ],
            "name": "_02_Origin"
        },
        {
            "children": [
                2,
                40
            ],
            "matrix": [
                -1.4950458648854693e-8,
                -0.02338489517569542,
                0.9997265338897704,
                0.0,
                -1.0,
                0.000003969144017901272,
                7.7888856253594e-8,
                0.0,
                -0.000003969879799115006,
                -0.9997265338897704,
                -0.02338489517569542,
                0.0,
                0.0,
                0.6233540773391724,
                -0.13094182312488557,
                1.0
            ],
            "name": "_03_Waist"
        },
        {
            "children": [
                41
            ],
            "name": "_52_Spine1"
        },
        {
            "children": [
                53,
                47,
                42
            ],
            "matrix": [
                0.9616061449050904,
                1.623151746343865e-7,
                -0.2744331955909729,
                0.0,
                9.024024194559389e-8,
                1.0,
                9.076553055820114e-7,
                0.0,
                0.2744331955909729,
                -8.975718515102926e-7,
                0.9616061449050904,
                0.0,
                0.11355529725551604,
                3.696182628628447e-13,
                0.0,
                1.0
            ],
            "name": "_53_Spine2"
        },
        {
            "children": [
                43
            ],
            "matrix": [
                -0.06888061761856079,
                0.4684154689311981,
                0.8808192014694214,
                0.0,
                -0.119426891207695,
                -0.8804385662078857,
                0.4588738083839417,
                0.0,
                0.9904507398605348,
                -0.07358597964048386,
                0.11658655107021332,
                0.0,
                0.13359299302101136,
                0.08334019035100937,
                0.028498902916908265,
                1.0
            ],
            "name": "_71_RShoulder"
        },
        {
            "children": [
                44
            ],
            "matrix": [
                0.8540263772010803,
                0.4725433886051178,
                -0.21758148074150089,
                0.0,
                -0.4684111773967743,
                0.8804408311843872,
                0.07358622550964356,
                0.0,
                0.22634029388427738,
                0.039073020219802859,
                0.9732642769813538,
                0.0,
                0.13177870213985444,
                -2.180099727411289e-7,
                4.844669021508708e-8,
                1.0
            ],
            "name": "_72_RArm"
        },
        {
            "children": [
                45
            ],
            "matrix": [
                0.9407638907432556,
                3.369412127085525e-7,
                0.3390623927116394,
                0.0,
                -3.581569956168096e-7,
                1.0,
                -1.717255081624264e-13,
                0.0,
                -0.3390623927116394,
                -1.2143739525072309e-7,
                0.9407638907432556,
                0.0,
                0.2481791526079178,
                1.2111659231095473e-8,
                2.422331846219095e-8,
                1.0
            ],
            "name": "_73_RForeArm"
        },
        {
            "children": [
                46
            ],
            "matrix": [
                0.2603808045387268,
                0.0000014259526324167385,
                0.9655060172080994,
                0.0,
                4.825478683301299e-8,
                1.0,
                -0.0000014899102325216518,
                0.0,
                -0.9655060172080994,
                4.345343143086211e-7,
                0.2603808045387268,
                0.0,
                0.1874911338090897,
                2.422331846219095e-8,
                -3.512388104809361e-7,
                1.0
            ],
            "name": "_74_RHand"
        },
        {
            "matrix": [
                1.0,
                0.0,
                0.0,
                0.0,
                0.0,
                1.0,
                0.0,
                0.0,
                0.0,
                0.0,
                1.0,
                0.0,
                0.06557190418243408,
                -2.422331846219095e-8,
                -0.059749942272901538,
                1.0
            ],
            "name": "_76_RFinger"
        },
        {
            "children": [
                48
            ],
            "matrix": [
                0.8219028115272522,
                1.275795540323088e-7,
                -0.5696277022361755,
                0.0,
                5.2636256242522e-8,
                1.0,
                2.999177013407462e-7,
                0.0,
                0.5696277022361755,
                -2.764862756521325e-7,
                0.8219028115272522,
                0.0,
                0.18541255593299869,
                -3.696182628628447e-13,
                0.0,
                1.0
            ],
            "name": "_61_Neck"
        },
        {
            "children": [
                52,
                51,
                50,
                49
            ],
            "matrix": [
                0.9506230354309082,
                1.5568410560717897e-7,
                -0.31034794449806216,
                0.0,
                -1.6377069300688166e-7,
                1.0,
                -2.711268709543191e-13,
                0.0,
                0.31034794449806216,
                5.08261557286005e-8,
                0.9506230354309082,
                0.0,
                0.12088268995285034,
                1.4784756535365928e-12,
                0.0,
                1.0
            ],
            "name": "_62_Head"
        },
        {
            "matrix": [
                0.3864999413490296,
                0.7565701603889465,
                -0.5274650454521179,
                0.0,
                -0.8582517504692078,
                0.08565007895231247,
                -0.5060315728187561,
                0.0,
                -0.3376709818840027,
                0.6482790112495422,
                0.6824314594268799,
                0.0,
                0.32978343963623049,
                0.2236238420009613,
                -0.009718034416437148,
                1.0
            ],
            "name": "_69_REar"
        },
        {
            "matrix": [
                0.3865001201629639,
                -0.7565701007843018,
                -0.5274649858474731,
                0.0,
                0.8582518100738525,
                0.08565036207437515,
                0.5060315132141113,
                0.0,
                -0.3376707434654236,
                -0.6482790112495422,
                0.6824315190315247,
                0.0,
                0.32978343963623049,
                -0.2236236482858658,
                -0.009718082845211028,
                1.0
            ],
            "name": "_67_LEar"
        },
        {
            "matrix": [
                -0.6848916411399841,
                0.000002811735839713947,
                0.7286449670791626,
                0.0,
                -0.000003543482989698532,
                -1.0,
                5.281505082166404e-7,
                0.0,
                0.7286449670791626,
                -0.0000022202150375960629,
                0.6848916411399841,
                0.0,
                0.49326062202453616,
                4.303471001776416e-8,
                0.24344298243522645,
                1.0
            ],
            "name": "_65_Hair"
        },
        {
            "matrix": [
                0.92316073179245,
                -4.401978230816894e-7,
                -0.3844142258167267,
                0.0,
                4.768377266373136e-7,
                1.0,
                5.885006701790778e-14,
                0.0,
                0.3844142258167267,
                -1.833032570175419e-7,
                0.92316073179245,
                0.0,
                0.4741138219833374,
                -3.696182628628447e-13,
                4.844669021508708e-8,
                1.0
            ],
            "name": "_63_Feeler"
        },
        {
            "children": [
                54
            ],
            "matrix": [
                -0.06888040900230408,
                -0.4684156477451325,
                0.8808190822601318,
                0.0,
                0.11942702531814577,
                -0.8804384469985962,
                -0.458873987197876,
                0.0,
                0.9904507398605348,
                0.07358617335557938,
                0.11658644676208496,
                0.0,
                0.13359305262565614,
                -0.08334019035100937,
                0.02849885076284409,
                1.0
            ],
            "name": "_54_LShoulder"
        },
        {
            "children": [
                55
            ],
            "matrix": [
                0.8540262579917908,
                -0.4725435972213745,
                -0.2175813466310501,
                0.0,
                0.4684113562107086,
                0.8804407119750977,
                -0.07358640432357788,
                0.0,
                0.22634026408195496,
                -0.03907284513115883,
                0.9732642769813538,
                0.0,
                0.13177916407585145,
                0.0,
                -3.6334952824290677e-8,
                1.0
            ],
            "name": "_55_LArm"
        },
        {
            "children": [
                56
            ],
            "matrix": [
                0.9407638907432556,
                1.400253779593186e-7,
                0.3390623927116394,
                0.0,
                -1.4884221855027139e-7,
                1.0,
                3.2780229268850056e-14,
                0.0,
                -0.3390623927116394,
                -5.0466827161699266e-8,
                0.9407638907432556,
                0.0,
                0.2481799274682999,
                2.422331846219095e-8,
                -1.2111659231095473e-8,
                1.0
            ],
            "name": "_56_LForeArm"
        },
        {
            "children": [
                57
            ],
            "matrix": [
                0.2603808045387268,
                -3.724774444435752e-7,
                0.9655060172080994,
                0.0,
                3.031566109257256e-7,
                1.0,
                3.040284184407938e-7,
                0.0,
                -0.9655060172080994,
                2.1353636725507386e-7,
                0.2603808045387268,
                0.0,
                0.18749013543128968,
                0.0,
                3.6334952824290677e-8,
                1.0
            ],
            "name": "_57_LHand"
        },
        {
            "matrix": [
                1.0,
                0.0,
                0.0,
                0.0,
                0.0,
                1.0,
                0.0,
                0.0,
                0.0,
                0.0,
                1.0,
                0.0,
                0.0655718743801117,
                0.0,
                -0.059749942272901538,
                1.0
            ],
            "name": "_59_LFinger"
        }
    ],
    "meshes": [
        {
            "primitives": [
                {
                    "attributes": {
                        "COLOR_0": 1,
                        "JOINTS_0": 2,
                        "NORMAL": 3,
                        "POSITION": 4,
                        "TEXCOORD_0": 5,
                        "WEIGHTS_0": 6
                    },
                    "indices": 0,
                    "mode": 4,
                    "material": 0
                },
                {
                    "attributes": {
                        "COLOR_0": 8,
                        "JOINTS_0": 9,
                        "NORMAL": 10,
                        "POSITION": 11,
                        "TEXCOORD_0": 12,
                        "WEIGHTS_0": 13
                    },
                    "indices": 7,
                    "mode": 4,
                    "material": 1
                },
                {
                    "attributes": {
                        "COLOR_0": 15,
                        "JOINTS_0": 16,
                        "NORMAL": 17,
                        "POSITION": 18,
                        "TEXCOORD_0": 19,
                        "WEIGHTS_0": 20
                    },
                    "indices": 14,
                    "mode": 4,
                    "material": 2
                },
                {
                    "attributes": {
                        "COLOR_0": 22,
                        "JOINTS_0": 23,
                        "NORMAL": 24,
                        "POSITION": 25,
                        "TEXCOORD_0": 26,
                        "WEIGHTS_0": 27
                    },
                    "indices": 21,
                    "mode": 4,
                    "material": 3
                }
            ],
            "name": "Vulpix"
        }
    ],
    "skins": [
        {
            "inverseBindMatrices": 28,
            "skeleton": 2,
            "joints": [
                33,
                34,
                35,
                36,
                9,
                10,
                11,
                8,
                13,
                14,
                15,
                12,
                48,
                2,
                20,
                3,
                21,
                4,
                22,
                23,
                24,
                6,
                7,
                5,
                40,
                41,
                53,
                54,
                47,
                42,
                43,
                55,
                56,
                57,
                44,
                45,
                46,
                29,
                30,
                31,
                32,
                25,
                26,
                27,
                28,
                17,
                18,
                19,
                16,
                51,
                52,
                50,
                49
            ],
            "name": "geom-Vulpix-skin1"
        }
    ],
    "accessors": [
        {
            "bufferView": 0,
            "byteOffset": 0,
            "componentType": 5123,
            "count": 6516,
            "max": [
                1259
            ],
            "min": [
                0
            ],
            "type": "SCALAR"
        },
        {
            "bufferView": 1,
            "byteOffset": 0,
            "componentType": 5126,
            "count": 1260,
            "max": [
                1.0,
                1.0,
                1.0
            ],
            "min": [
                1.0,
                1.0,
                1.0
            ],
            "type": "VEC3"
        },
        {
            "bufferView": 2,
            "byteOffset": 0,
            "componentType": 5123,
            "count": 1260,
            "max": [
                48,
                47,
                48,
                48
            ],
            "min": [
                0,
                0,
                0,
                0
            ],
            "type": "VEC4"
        },
        {
            "bufferView": 1,
            "byteOffset": 15120,
            "componentType": 5126,
            "count": 1260,
            "max": [
                0.999394416809082,
                0.997449517250061,
                0.9998633861541748
            ],
            "min": [
                -0.999394416809082,
                -0.9974356293678284,
                -0.9999449253082277
            ],
            "type": "VEC3"
        },
        {
            "bufferView": 1,
            "byteOffset": 30240,
            "componentType": 5126,
            "count": 1260,
            "max": [
                0.9063583016395568,
                1.436585783958435,
                -0.4218228459358216
            ],
            "min": [
                -0.9063583016395568,
                0.6393204927444458,
                -1.220886468887329
            ],
            "type": "VEC3"
        },
        {
            "bufferView": 2,
            "byteOffset": 10080,
            "componentType": 5126,
            "count": 1260,
            "max": [
                0.9093443155288696,
                -0.011719942092895508
            ],
            "min": [
                0.06828060746192932,
                -0.9910799264907836
            ],
            "type": "VEC2"
        },
        {
            "bufferView": 3,
            "byteOffset": 0,
            "componentType": 5126,
            "count": 1260,
            "max": [
                1.0,
                0.9900000095367432,
                0.9099999666213988,
                0.3900000154972077
            ],
            "min": [
                0.010000000707805157,
                0.0,
                0.0,
