{
    "asset": {
        "generator": "COLLADA2GLTF",
        "version": "2.0"
    },
    "scenes": [
        {
            "nodes": [
                0
            ]
        }
    ],
    "scene": 0,
    "nodes": [
        {
            "children": [
                33,
                1
            ],
            "matrix": [
                1.0,
                0.0,
                0.0,
                0.0,
                0.0,
                0.0,
                -1.0,
                0.0,
                0.0,
                1.0,
                0.0,
                0.0,
                0.0,
                0.0,
                0.0,
                1.0
            ],
            "name": "Z_UP"
        },
        {
            "mesh": 0,
            "skin": 0,
            "name": "Wartortle"
        },
        {
            "children": [
                27,
                23,
                17,
                11,
                7,
                3
            ],
            "matrix": [
                -0.0000034620645692484688,
                1.0,
                0.0,
                0.0,
                -1.0,
                -0.0000034620645692484688,
                0.0,
                0.0,
                0.0,
                0.0,
                1.0,
                0.0,
                0.0,
                0.5394858121871948,
                0.4139234721660614,
                1.0
            ],
            "name": "Waist"
        },
        {
            "children": [
                4
            ],
            "matrix": [
                -0.895804226398468,
                0.4305572211742401,
                0.11025070399045944,
                0.0,
                -0.4343487918376923,
                -0.9006672501564026,
                -0.01181584130972624,
                0.0,
                0.09421180188655852,
                -0.05847194045782089,
                0.9938335418701172,
                0.0,
                0.03430727124214173,
                0.3755440413951874,
                0.0,
                1.0
            ],
            "name": "RThigh"
        },
        {
            "children": [
                5
            ],
            "matrix": [
                0.6338332295417786,
                -7.734697646810673e-7,
                -0.7734697461128235,
                0.0,
                7.734697646810673e-7,
                1.0,
                -3.661667733467766e-7,
                0.0,
                0.7734697461128235,
                -3.661667733467766e-7,
                0.6338332295417786,
                0.0,
                0.3354171514511109,
                -0.0000013970000054541745,
                -3.301999811355927e-7,
                1.0
            ],
            "name": "RLeg"
        },
        {
            "children": [
                6
            ],
            "matrix": [
                -0.6937397122383118,
                -0.000003184023626090493,
                0.7202258110046387,
                0.0,
                -0.321597695350647,
                0.8947733044624329,
                -0.30976709723472597,
                0.0,
                -0.6444377899169922,
                -0.4465206861495972,
                -0.6207408308982849,
                0.0,
                0.2516840398311615,
                0.000001676399961070274,
                -6.857999892417865e-7,
                1.0
            ],
            "name": "RFoot"
        },
        {
            "matrix": [
                1.0,
                0.0,
                0.0,
                0.0,
                0.0,
                1.0,
                0.0,
                0.0,
                0.0,
                0.0,
                1.0,
                0.0,
                0.1353410929441452,
                -7.619999564667523e-7,
                -0.0693577453494072,
                1.0
            ],
            "name": "RToe"
        },
        {
            "children": [
                8
            ],
            "matrix": [
                -0.8958043456077576,
                -0.430556982755661,
                0.11025070399045944,
                0.0,
                0.4343485534191132,
                -0.9006673693656921,
                0.011815856210887432,
                0.0,
                0.09421181678771973,
                0.05847192928195,
                0.9938335418701172,
                0.0,
                0.034308284521102908,
                -0.3755440413951874,
                7.620000275210259e-8,
                1.0
            ],
            "name": "LThigh"
        },
        {
            "children": [
                9
            ],
            "matrix": [
                0.6338332295417786,
                0.0,
                -0.7734697461128235,
                0.0,
                0.0,
                1.0,
                0.0,
                0.0,
                0.7734697461128235,
                0.0,
                0.6338332295417786,
                0.0,
                0.3354171514511109,
                2.5400000325248585e-8,
                -2.5400000325248585e-8,
                1.0
            ],
            "name": "LLeg"
        },
        {
            "children": [
                10
            ],
            "matrix": [
                -0.6937288045883179,
                -0.0000036726285088661827,
                0.7202363610267639,
                0.0,
                0.3215896487236023,
                0.8947792053222656,
                0.3097584545612335,
                0.0,
                -0.6444536447525024,
                0.4465089142322541,
                -0.6207329034805298,
                0.0,
                0.2516847848892212,
                0.0,
                -1.0160000130099435e-7,
                1.0
            ],
            "name": "LFoot"
        },
        {
            "matrix": [
                1.0,
                0.0,
                0.0,
                0.0,
                0.0,
                1.0,
                0.0,
                0.0,
                0.0,
                0.0,
                1.0,
                0.0,
                0.1353415995836258,
                -2.5400000325248585e-8,
                -0.0693577453494072,
                1.0
            ],
            "name": "LToe"
        },
        {
            "children": [
                12
            ],
            "matrix": [
                -0.08619530498981476,
                -0.6108330488204956,
                0.7870535850524902,
                0.0,
                0.6440622806549072,
                -0.6368828415870667,
                -0.4237499833106995,
                0.0,
                0.7601013779640198,
                0.470386266708374,
                0.4483108520507813,
                0.0,
                0.6688607335090637,
                -0.4364354610443115,
                0.29408371448516848,
                1.0
            ],
            "name": "LArm"
        },
        {
            "children": [
                13
            ],
            "matrix": [
                0.991355001926422,
                0.0,
                0.1312067210674286,
                0.0,
                0.0,
                1.0,
                0.0,
                0.0,
                -0.1312067210674286,
                0.0,
                0.991355001926422,
                0.0,
                0.2680741250514984,
                -7.620000275210259e-8,
                7.620000275210259e-8,
                1.0
            ],
            "name": "LForeArm"
        },
        {
            "children": [
                16,
                15,
                14
            ],
            "matrix": [
                1.0,
                0.0,
                0.0,
                0.0,
                0.0,
                1.0,
                0.0,
                0.0,
                0.0,
                0.0,
                1.0,
                0.0,
                0.20165592432022096,
                0.0,
                0.0,
                1.0
            ],
            "name": "LHand"
        },
        {
            "matrix": [
                0.8945323824882507,
                -0.0311843603849411,
                -0.445914089679718,
                0.0,
                0.1376893520355225,
                0.9682820439338684,
                0.2084982842206955,
                0.0,
                0.4252687394618988,
                -0.24790607392787937,
                0.8704533576965332,
                0.0,
                0.07911363244056702,
                0.04076750576496124,
                -0.07441641390323639,
                1.0
            ],
            "name": "LFingerC"
        },
        {
            "matrix": [
                0.943924069404602,
                -0.24596410989761353,
                0.22024767100811008,
                0.0,
                -0.06820673495531082,
                -0.7979697585105896,
                -0.5988256335258484,
                0.0,
                0.32304060459136965,
                0.5502235293388367,
                -0.7699992656707764,
                0.0,
                0.09758172184228896,
                -0.001896236906759441,
                0.03880586475133896,
                1.0
            ],
            "name": "LFingerA"
        },
        {
            "matrix": [
                0.9957761764526368,
                -0.02482031285762787,
                -0.08839576691389084,
                0.0,
                0.07680114358663559,
                -0.3024153709411621,
                0.9500771164894104,
                0.0,
                -0.050313450396060947,
                -0.95285302400589,
                -0.29923179745674136,
                0.0,
                0.07623225450515747,
                0.08361221849918366,
                -0.0038253413513302809,
                1.0
            ],
            "name": "LFingerB"
        },
        {
            "children": [
                18
            ],
            "matrix": [
                -0.08619517087936402,
                0.6108331680297852,
                0.7870534658432007,
                0.0,
                -0.6440623998641968,
                -0.6368826031684876,
                0.4237500727176666,
                0.0,
                0.760101318359375,
                -0.4703863561153412,
                0.448310911655426,
                0.0,
                0.6688607335090637,
                0.4364354610443115,
                0.29408371448516848,
                1.0
            ],
            "name": "RArm"
        },
        {
            "children": [
                19
            ],
            "matrix": [
                0.991355001926422,
                0.0,
                0.1312067210674286,
                0.0,
                0.0,
                1.0,
                0.0,
                0.0,
                -0.1312067210674286,
                0.0,
                0.991355001926422,
                0.0,
                0.2680741250514984,
                -5.588000249190372e-7,
                -4.826000008506526e-7,
                1.0
            ],
            "name": "RForeArm"
        },
        {
            "children": [
                22,
                21,
                20
            ],
            "matrix": [
                1.0,
                0.0,
                0.0,
                0.0,
                0.0,
                1.0,
                0.0,
                0.0,
                0.0,
                0.0,
                1.0,
                0.0,
                0.20165644586086274,
                0.000002108199851136306,
                -0.000001244599957317405,
                1.0
            ],
            "name": "RHand"
        },
        {
            "matrix": [
                0.8945323824882507,
                0.03118540532886982,
                -0.44591397047042849,
                0.0,
                -0.13769038021564485,
                0.9682819247245788,
                -0.20849816501140598,
                0.0,
                0.4252683222293854,
                0.247906431555748,
                0.8704534769058228,
                0.0,
                0.0791148990392685,
                -0.0407700464129448,
                -0.07441539317369461,
                1.0
            ],
            "name": "RFingerC"
        },
        {
            "matrix": [
                0.9957762956619264,
                0.024819357320666314,
                -0.08839447051286698,
                0.0,
                -0.07680019736289978,
                -0.3024153709411621,
                -0.9500771760940552,
                0.0,
                -0.05031215399503708,
                0.95285302400589,
                -0.29923194646835329,
                0.0,
                0.07623276114463806,
                -0.08361349254846573,
                -0.0038234111852943899,
                1.0
            ],
            "name": "RFingerB"
        },
        {
            "matrix": [
                0.943924069404602,
                0.2459641396999359,
                0.2202476263046265,
                0.0,
                0.06820669025182724,
                -0.7979695796966553,
                0.5988258123397827,
                0.0,
                0.32304060459136965,
                -0.550223708152771,
                -0.769999086856842,
                0.0,
                0.09758197516202928,
                0.0018937730928882957,
                0.038807641714811328,
                1.0
            ],
            "name": "RFingerA"
        },
        {
            "children": [
                24
            ],
            "matrix": [
                -0.8974353671073914,
                0.0000014562895103154006,
                -0.4411458969116211,
                0.0,
                0.000002338581225558301,
                1.0,
                -0.0000014562895103154006,
                0.0,
                0.4411458969116211,
                -0.000002338581225558301,
                -0.8974353671073914,
                0.0,
                -0.24460884928703309,
                0.0,
                -0.20501483976840977,
                1.0
            ],
            "name": "Tail1"
        },
        {
            "children": [
                25
            ],
            "matrix": [
                0.923462212085724,
                0.0,
                0.3836893737316132,
                0.0,
                0.0,
                1.0,
                0.0,
                0.0,
                -0.3836893737316132,
                0.0,
                0.923462212085724,
                0.0,
                0.2634284794330597,
                0.0,
                0.0,
                1.0
            ],
            "name": "Tail2"
        },
        {
            "children": [
                26
            ],
            "matrix": [
                0.7023916244506836,
                2.976083521843975e-7,
                0.7117906808853149,
                0.0,
                2.976083521843975e-7,
                1.0,
                -7.117906761777704e-7,
                0.0,
                -0.7117906808853149,
                7.117906761777704e-7,
                0.7023916244506836,
                0.0,
                0.5310987234115601,
                0.0,
                0.0,
                1.0
            ],
            "name": "Tail3"
        },
        {
            "matrix": [
                0.9745558500289916,
                0.0,
                0.22414489090442656,
                0.0,
                0.0,
                1.0,
                0.0,
                0.0,
                -0.22414489090442656,
                0.0,
                0.9745558500289916,
                0.0,
                0.6460921168327332,
                0.0,
                2.5400000325248585e-8,
                1.0
            ],
            "name": "Tail4"
        },
        {
            "children": [
                31,
                29,
                28
            ],
            "matrix": [
                0.9315555095672609,
                0.0,
                0.363599181175232,
                0.0,
                0.0,
                1.0,
                0.0,
                0.0,
                -0.363599181175232,
                0.0,
                0.9315555095672609,
                0.0,
                1.0591342449188233,
                0.0,
                0.395671010017395,
                1.0
            ],
            "name": "Head"
        },
        {
            "matrix": [
                -0.23273208737373353,
                -7.04957134334272e-11,
                0.9725409150123596,
                0.0,
                7.04957134334272e-11,
                -1.0,
                -5.5616275473902018e-11,
                0.0,
                0.9725409150123596,
                5.5616275473902018e-11,
                0.23273208737373353,
                0.0,
                0.1308529227972031,
                0.0,
                0.10187049955129624,
                1.0
            ],
            "name": "Jaw"
        },
        {
            "children": [
                30
            ],
            "matrix": [
                0.3228263854980469,
                -0.3368997573852539,
                -0.8844668865203857,
                0.0,
                0.11439269781112672,
                0.9415398836135864,
                -0.31688642501831057,
                0.0,
                0.9395198225975036,
                0.0011227449867874385,
                0.3424927592277527,
                0.0,
                0.4216323494911194,
                -0.4270171523094177,
                0.02458933182060719,
                1.0
            ],
            "name": "LEar1"
        },
        {
            "matrix": [
                0.9878856539726256,
                -0.07997438311576843,
                -0.132988840341568,
                0.0,
                0.07312999665737152,
                0.9957722425460817,
                -0.05558503419160843,
                0.0,
                0.13687196373939518,
                0.04518618807196617,
                0.9895576238632202,
                0.0,
                0.3705936074256897,
                7.620000275210259e-8,
                1.7780000405309696e-7,
                1.0
            ],
            "name": "LEar2"
        },
        {
            "children": [
                32
            ],
            "matrix": [
                0.3228263854980469,
                0.3368997573852539,
                -0.8844668865203857,
                0.0,
                -0.11439269781112672,
                0.9415398836135864,
                0.31688642501831057,
                0.0,
                0.9395198225975036,
                -0.0011227449867874385,
                0.3424927592277527,
                0.0,
                0.4216323494911194,
                0.4270171523094177,
                0.024588419124484067,
                1.0
            ],
            "name": "REar1"
        },
        {
            "matrix": [
                0.9878856539726256,
                0.07997444272041321,
                -0.13298888504505158,
                0.0,
                -0.07313001155853272,
                0.9957721829414368,
                0.05558539181947708,
                0.0,
                0.1368720382452011,
                -0.04518653079867363,
                0.9895575642585754,
                0.0,
                0.3705936074256897,
                0.000001346199951512972,
                0.000001142999963121838,
                1.0
            ],
            "name": "REar2"
        },
        {
            "children": [
                34
            ],
            "matrix": [
                1.0,
                0.0,
                0.0,
                0.0,
                0.0,
                4.4896641959724089e-11,
                1.0,
                0.0,
                0.0,
                -1.0,
                4.4896641959724089e-11,
                0.0,
                0.0,
                0.0,
                0.0,
                1.0
            ],
            "name": "pm0008_00"
        },
        {
            "children": [
                2
            ],
            "name": "Origin"
        }
    ],
    "meshes": [
        {
            "primitives": [
                {
                    "attributes": {
                        "JOINTS_0": 1,
                        "NORMAL": 2,
                        "POSITION": 3,
                        "TEXCOORD_0": 4,
                        "WEIGHTS_0": 5
                    },
                    "indices": 0,
                    "mode": 4,
                    "material": 0
                },
                {
                    "attributes": {
                        "JOINTS_0": 7,
                        "NORMAL": 8,
                        "POSITION": 9,
                        "TEXCOORD_0": 10,
                        "WEIGHTS_0": 11
                    },
                    "indices": 6,
                    "mode": 4,
                    "material": 1
                },
                {
                    "attributes": {
                        "JOINTS_0": 13,
                        "NORMAL": 14,
                        "POSITION": 15,
                        "TEXCOORD_0": 16,
                        "WEIGHTS_0": 17
                    },
                    "indices": 12,
                    "mode": 4,
                    "material": 2
                }
            ],
            "name": "Wartortle"
        }
    ],
    "skins": [
        {
            "inverseBindMatrices": 18,
            "skeleton": 2,
            "joints": [
                2,
                27,
                28,
                29,
                30,
                31,
                32,
                11,
                12,
                13,
                15,
                16,
                14,
                7,
                8,
                9,
                10,
                17,
                18,
                19,
                22,
                21,
                20,
                3,
                4,
                5,
                6,
                23,
                24,
                25,
                26
            ],
            "name": "Wartortle-mesh-skin"
        }
    ],
    "accessors": [
        {
            "bufferView": 0,
            "byteOffset": 0,
            "componentType": 5123,
            "count": 14706,
            "max": [
                3133
            ],
            "min": [
                0
            ],
            "type": "SCALAR"
        },
        {
            "bufferView": 1,
            "byteOffset": 0,
            "componentType": 5123,
            "count": 3134,
            "max": [
                29,
                30,
                30,
                26
            ],
            "min": [
                0,
                0,
                0,
                0
            ],
            "type": "VEC4"
        },
        {
            "bufferView": 2,
            "byteOffset": 0,
            "componentType": 5126,
            "count": 3134,
            "max": [
                0.9999589920043944,
                0.9999030232429504,
                0.9999769926071168
            ],
            "min": [
                -0.9999589920043944,
                -0.999360978603363,
                -1.0
            ],
            "type": "VEC3"
        },
        {
            "bufferView": 2,
            "byteOffset": 37608,
            "componentType": 5126,
            "count": 3134,
            "max": [
                0.9027286767959596,
                1.678805232048035,
                2.535471200942993
            ],
            "min": [
                -0.9027286767959596,
                -1.4693111181259156,
                -0.8627769947052002
            ],
            "type": "VEC3"
        },
        {
            "bufferView": 1,
            "byteOffset": 25072,
            "componentType": 5126,
            "count": 3134,
            "max": [
                0.9950609803199768,
                0.994292974472046
            ],
            "min": [
                0.0049390001222491268,
                0.006219029426574707
            ],
            "type": "VEC2"
        },
        {
            "bufferView": 3,
            "byteOffset": 0,
            "componentType": 5126,
            "count": 3134,
            "max": [
                1.0,
                1.0,
                0.8700000047683716,
                0.800000011920929
            ],
            "min": [
                0.0,
                0.0,
                0.0,
                0.0
            ],
            "type": "VEC4"
        },
        {
            "bufferView": 0,
            "byteOffset": 29412,
            "componentType": 5123,
            "count": 240,
            "max": [
                54
            ],
            "min": [
                0
            ],
            "type": "SCALAR"
        },
        {
            "bufferView": 1,
            "byteOffset": 50144,
            "componentType": 5123,
            "count": 55,
            "max": [
                1,
                0,
                0,
                0
            ],
            "min": [
                1,
                0,
                0,
                0
            ],
            "type": "VEC4"
        },
        {
            "bufferView": 2,
            "byteOffset": 75216,
            "componentType": 5126,
            "count": 55,
            "max": [
                0.8757179975509644,
                -0.4347650110721588,
                0.4916970133781433
            ],
            "min": [
                -0.8757179975509644,
                -0.9934390187263488,
                0.05993799865245819
            ],
            "type": "VEC3"
        },
        {
            "bufferView": 2,
            "byteOffset": 75876,
            "componentType": 5126,
            "count": 55,
            "max": [
                0.4048480689525604,
                -1.1556669473648072,
                2.042922019958496
            ],
            "min": [
                -0.4048480689525604,
                -1.4176932573318482,
                1.6636466979980469
            ],
            "type": "VEC3"
        },
        {
            "bufferView": 1,
            "byteOffset": 50584,
            "componentType": 5126,
            "count": 55,
            "max": [
                0.4904699921607971,
                -0.7760399580001831
            ],
            "min": [
                0.009529000148177149,
                -0.9704899787902832
            ],
            "type": "VEC2"
        },
        {
            "bufferView": 3,
            "byteOffset": 50144,
            "componentType": 5126,
            "count": 55,
            "max": [
                1.0,
                0.0,
                0.0,
                0.0
            ],
            "min": [
                1.0,
                0.0,
                0.0,
                0.0
            ],
            "type": "VEC4"
        },
        {
            "bufferView": 0,
            "byteOffset": 29892,
            "componentType": 5123,
            "count": 240,
            "max": [
                54
            ],
            "min": [
                0
            ],
            "type": "SCALAR"
        },
        {
            "bufferView": 1,
            "byteOffset": 51024,
            "componentType": 5123,
            "count": 55,
            "max": [
                0,
                1,
                0,
                0
            ],
            "min": [
                0,
                1,
                0,
                0
            ],
            "type": "VEC4"
        },
        {
            "bufferView": 2,
            "byteOffset": 76536,
            "componentType": 5126,
            "count": 55,
            "max": [
                0.8270699977874756,
                -0.5073379874229431,
                0.36010199785232546
            ],
            "min": [
                -0.8270699977874756,
                -0.9934229850769044,
                0.05719500035047531
            ],
            "type": "VEC3"
        },
        {
            "bufferView": 2,
            "byteOffset": 77196,
            "componentType": 5126,
            "count": 55,
            "max": [
                0.408947616815567,
                -1.1583237648010257,
                2.044755697250366
            ],
            "min": [
                -0.408947616815567,
                -1.4226971864700318,
                1.664050579071045
            ],
            "type": "VEC3"
        },
        {
            "bufferView": 1,
            "byteOffset": 51464,
            "componentType": 5126,
            "count": 55,
            "max": [
                1.0,
                -1.1041598320007325
            ],
            "min": [
                0.03811600059270859,
                -1.8819599151611329
            ],
            "type": "VEC2"
        },
        {
            "bufferView": 3,
            "byteOffset": 51024,
            "componentType": 5126,
            "count": 55,
            "max": [
                0.0,
                1.0,
                0.0,
                0.0
            ],
            "min": [
                0.0,
                1.0,
                0.0,
                0.0
            ],
            "type": "VEC4"
        },
        {
            "bufferView": 4,
            "byteOffset": 0,
            "componentType": 5126,
            "count": 31,
            "max": [
                0.7102959752082825,
                1.0,
                0.9468879699707032,
                0.0,
                0.9974160194396972,
                0.5167250037193298,
                0.8974369764328003,
                0.0,
                1.0,
                0.9729210138320924,
                0.9998419880867004,
                0.0,
                14.046899795532229,
                49.43939971923828,
                44.72629928588867,
                1.0
            ],
            "min": [
                -0.7102919816970825,
                -1.0,
                -0.9468860030174257,
                0.0,
                -0.999904990196228,
                -0.516726016998291,
                -1.0,
                0.0,
                -0.8974369764328003,
                -0.97292298078537,
                -0.8432790040969849,
                0.0,
                -70.21929931640625,
                -49.43939971923828,
                -88.62239837646485,
                1.0
            ],
            "type": "MAT4"
        }
    ],
    "materials": [
        {
            "pbrMetallicRoughness": {
                "baseColorFactor": [
                    1.0,
                    1.0,
                    1.0,
                    1.0
                ],
                "baseColorTexture": {
                    "index": 0
                },
                "metallicFactor": 0.0
            },
            "name": "Material__72"
        },
        {
            "pbrMetallicRoughness": {
                "baseColorFactor": [
                    1.0,
                    1.0,
                    1.0,
                    1.0
                ],
                "baseColorTexture": {
                    "index": 1
                },
                "metallicFactor": 0.0
            },
            "name": "Material__73"
        },
        {
            "pbrMetallicRoughness": {
                "baseColorTexture": {
                    "index": 2
                },
                "metallicFactor": 0.0
            },
            "name": "Material__74"
        }
    ],
    "textures": [
        {
            "sampler": 0,
            "source": 0
        },
        {
            "sampler": 0,
            "source": 1
        },
        {
            "sampler": 0,
            "source": 2
        }
    ],
    "images": [
        {
            "uri": "pm0008_00_Body1.png"
        },
        {
            "uri": "pm0008_00_Eye1.png"
        },
        {
            "uri": "pm0008_00_Iris1.png"
        }
    ],
    "samplers": [
        {
            "magFilter": 9729,
            "minFilter": 9986,
            "wrapS": 10497,
            "wrapT": 10497
        }
    ],
    "bufferViews": [
        {
            "buffer": 0,
            "byteOffset": 183648,
            "byteLength": 30372,
            "target": 34963
        },
        {
            "buffer": 0,
            "byteOffset": 131744,
            "byteLength": 51904,
            "byteStride": 8,
            "target": 34962
        },
        {
            "buffer": 0,
            "byteOffset": 53888,
            "byteLength": 77856,
            "byteStride": 12,
            "target": 34962
        },
        {
            "buffer": 0,
            "byteOffset": 1984,
            "byteLength": 51904,
            "byteStride": 16,
            "target": 34962
        },
        {
            "buffer": 0,
            "byteOffset": 0,
            "byteLength": 1984
        }
    ],
    "buffers": [
        {
            "byteLength": 214020,
            "uri": "Wartortle_ColladaMax0.bin"
        }
    ]
}
