{
    "asset": {
        "generator": "COLLADA2GLTF",
        "version": "2.0"
    },
    "scenes": [
        {
            "nodes": [
                0
            ]
        }
    ],
    "scene": 0,
    "nodes": [
        {
            "children": [
                15,
                1
            ],
            "matrix": [
                1.0,
                0.0,
                0.0,
                0.0,
                0.0,
                0.0,
                -1.0,
                0.0,
                0.0,
                1.0,
                0.0,
                0.0,
                0.0,
                0.0,
                0.0,
                1.0
            ],
            "name": "Z_UP"
        },
        {
            "mesh": 0,
            "skin": 0,
            "name": "PikachuF"
        },
        {
            "children": [
                12,
                8,
                4,
                3
            ],
            "matrix": [
                -0.9962778687477112,
                -8.970958698117926e-11,
                0.08619967848062515,
                0.0,
                8.970958698117926e-11,
                -1.0,
                -3.873677854177027e-12,
                0.0,
                0.08619967848062515,
                3.873677854177027e-12,
                0.9962778687477112,
                0.0,
                0.0,
                0.0,
                0.0,
                1.0
            ],
            "name": "Hips"
        },
        {
            "matrix": [
                1.0,
                0.0,
                0.0,
                0.0,
                0.0,
                1.0,
                0.0,
                0.0,
                0.0,
                0.0,
                1.0,
                0.0,
                0.10302569717168808,
                0.0,
                -0.000727836973965168,
                1.0
            ],
            "name": "Feeler"
        },
        {
            "children": [
                5
            ],
            "matrix": [
                0.6393742561340332,
                0.17141267657279969,
                0.7495453357696533,
                0.0,
                -1.9605117529408748e-7,
                0.9748336672782898,
                -0.22293344140052796,
                0.0,
                -0.76889568567276,
                0.14253775775432588,
                0.6232836246490479,
                0.0,
                0.08128964900970459,
                0.16238294541835786,
                -0.05025719851255417,
                1.0
            ],
            "name": "LThigh"
        },
        {
            "children": [
                6
            ],
            "matrix": [
                0.06658565253019333,
                0.0,
                -0.997780740261078,
                0.0,
                0.0,
                1.0,
                0.0,
                0.0,
                0.997780740261078,
                0.0,
                0.06658565253019333,
                0.0,
                0.15915511548519138,
                0.0,
                -7.620000275210259e-8,
                1.0
            ],
            "name": "LLeg"
        },
        {
            "children": [
                7
            ],
            "matrix": [
                -0.5867541432380676,
                -8.097651402749762e-7,
                0.8097651600837708,
                0.0,
                8.097651402749762e-7,
                1.0,
                0.000001586754137861135,
                0.0,
                -0.8097651600837708,
                0.000001586754137861135,
                -0.5867541432380676,
                0.0,
                0.167934387922287,
                0.0,
                2.5400000325248585e-8,
                1.0
            ],
            "name": "LFoot"
        },
        {
            "matrix": [
                1.0,
                0.0,
                0.0,
                0.0,
                0.0,
                1.0,
                0.0,
                0.0,
                0.0,
                0.0,
                1.0,
                0.0,
                0.1263929307460785,
                0.0,
                -0.027035757899284364,
                1.0
            ],
            "name": "LToe"
        },
        {
            "children": [
                9
            ],
            "matrix": [
                0.6393744349479675,
                -0.17141297459602357,
                0.749545156955719,
                0.0,
                -1.4671014980649489e-7,
                0.9748334884643556,
                0.2229341566562653,
                0.0,
                -0.7688955068588257,
                -0.14253850281238557,
                0.6232836246490479,
                0.0,
                0.0812893956899643,
                -0.16238294541835786,
                -0.05025745555758476,
                1.0
            ],
            "name": "RThigh"
        },
        {
            "children": [
                10
            ],
            "matrix": [
                0.06658724695444107,
                0.0,
                -0.9977806210517884,
                0.0,
                0.0,
                1.0,
                0.0,
                0.0,
                0.9977806210517884,
                0.0,
                0.06658724695444107,
                0.0,
                0.15915563702583314,
                -2.5400000325248585e-8,
                -1.2699999274445873e-7,
                1.0
            ],
            "name": "RLeg"
        },
        {
            "children": [
                11
            ],
            "matrix": [
                -0.5867541432380676,
                0.0,
                0.8097651600837708,
                0.0,
                0.0,
                1.0,
                0.0,
                0.0,
                -0.8097651600837708,
                0.0,
                -0.5867541432380676,
                0.0,
                0.167934387922287,
                -1.0160000130099435e-7,
                -7.620000275210259e-8,
                1.0
            ],
            "name": "RFoot"
        },
        {
            "matrix": [
                1.0,
                0.0,
                0.0,
                0.0,
                0.0,
                1.0,
                0.0,
                0.0,
                0.0,
                0.0,
                1.0,
                0.0,
                0.12639041244983674,
                2.032000026019887e-7,
                -0.027035757899284364,
                1.0
            ],
            "name": "RToe"
        },
        {
            "children": [
                13
            ],
            "matrix": [
                -0.3463591039180756,
                -7.367308152428365e-11,
                -0.9381020069122316,
                0.0,
                7.367308152428365e-11,
                -1.0,
                5.133315994498844e-11,
                0.0,
                -0.9381020069122316,
                -5.133315994498844e-11,
                0.3463591039180756,
                0.0,
                0.09948519617319109,
                0.0,
                -0.2291361838579178,
                1.0
            ],
            "name": "Tail1"
        },
        {
            "children": [
                14
            ],
            "matrix": [
                0.6990795731544495,
                0.0,
                0.7150439023971558,
                0.0,
                0.0,
                1.0,
                0.0,
                0.0,
                -0.7150439023971558,
                0.0,
                0.6990795731544495,
                0.0,
                0.1398203819990158,
                0.0,
                0.0,
                1.0
            ],
            "name": "Tail2"
        },
        {
            "matrix": [
                0.9704391360282898,
                0.0,
                0.241346076130867,
                0.0,
                0.0,
                1.0,
                0.0,
                0.0,
                -0.241346076130867,
                0.0,
                0.9704391360282898,
                0.0,
                0.32623761892318728,
                0.0,
                0.0,
                1.0
            ],
            "name": "Tail3"
        },
        {
            "children": [
                16
            ],
            "matrix": [
                1.0,
                0.0,
                0.0,
                0.0,
                0.0,
                4.4896641959724089e-11,
                1.0,
                0.0,
                0.0,
                -1.0,
                4.4896641959724089e-11,
                0.0,
                0.0,
                0.0,
                0.0,
                1.0
            ],
            "name": "pm0025_00_pikachu"
        },
        {
            "children": [
                17
            ],
            "name": "Origin"
        },
        {
            "children": [
                18,
                2
            ],
            "matrix": [
                -0.000003046228812308982,
                0.9962782263755798,
                0.08619596809148789,
                0.0,
                -1.0,
                -0.000003046228812308982,
                -1.3153108113783677e-7,
                0.0,
                1.3153108113783677e-7,
                -0.08619596809148789,
                0.9962782263755798,
                0.0,
                0.0,
                0.3628465831279755,
                0.006673138123005629,
                1.0
            ],
            "name": "Waist"
        },
        {
            "children": [
                19
            ],
            "name": "Spine1"
        },
        {
            "children": [
                28,
                24,
                20
            ],
            "matrix": [
                0.9883362650871276,
                0.0,
                0.15228725969791413,
                0.0,
                0.0,
                1.0,
                0.0,
                0.0,
                -0.15228725969791413,
                0.0,
                0.9883362650871276,
                0.0,
                0.1410050392150879,
                0.0,
                0.0,
                1.0
            ],
            "name": "Spine2"
        },
        {
            "children": [
                21
            ],
            "matrix": [
                0.3191622495651245,
                0.6583185791969299,
                0.6817273497581482,
                0.0,
                -0.9476978778839112,
                0.22014208137989045,
                0.23109792172908784,
                0.0,
                0.002059181453660131,
                -0.719829261302948,
                0.6941481232643127,
                0.0,
                0.08187613636255264,
                0.0898156613111496,
                0.0341884009540081,
                1.0
            ],
            "name": "RShoulder"
        },
        {
            "children": [
                22
            ],
            "matrix": [
                0.9813680648803712,
                -0.1661536693572998,
                0.09648678451776505,
                0.0,
                0.19038651883602146,
                0.9085578918457032,
                -0.3718542158603668,
                0.0,
                -0.02587888389825821,
                0.383295625448227,
                0.9232630729675292,
                0.0,
                0.1300159990787506,
                0.0000019304000034026105,
                3.048000110084104e-7,
                1.0
            ],
            "name": "RArm"
        },
        {
            "children": [
                23
            ],
            "matrix": [
                1.0,
                0.0,
                0.0,
                0.0,
                0.0,
                1.0,
                0.0,
                0.0,
                0.0,
                0.0,
                1.0,
                0.0,
                0.13772794604301454,
                -0.0000010667999958968722,
                -0.0000017779998415790033,
                1.0
            ],
            "name": "RForeArm"
        },
        {
            "matrix": [
                1.0,
                0.0,
                0.0,
                0.0,
                0.0,
                0.973645806312561,
                -0.2280653864145279,
                0.0,
                0.0,
                0.2280653864145279,
                0.973645806312561,
                0.0,
                0.11359895020723344,
                4.318000037528691e-7,
                0.000001676399961070274,
                1.0
            ],
            "name": "RHand"
        },
        {
            "children": [
                25
            ],
            "matrix": [
                0.3191622495651245,
                -0.6583185791969299,
                0.6817273497581482,
                0.0,
                0.9476978778839112,
                0.22014208137989045,
                -0.23109792172908784,
                0.0,
                0.002059181453660131,
                0.719829261302948,
                0.6941481232643127,
                0.0,
                0.08187537640333176,
                -0.0898156613111496,
                0.0341884009540081,
                1.0
            ],
            "name": "LShoulder"
        },
        {
            "children": [
                26
            ],
            "matrix": [
                0.9813678860664368,
                0.16615425050258637,
                0.09648729115724564,
                0.0,
                -0.1903872787952423,
                0.9085571765899658,
                0.37185558676719668,
                0.0,
                -0.02587883546948433,
                -0.3832970857620239,
                0.9232624769210817,
                0.0,
                0.1300162523984909,
                -7.620000275210259e-8,
                -2.5400000325248585e-8,
                1.0
            ],
            "name": "LArm"
        },
        {
            "children": [
                27
            ],
            "matrix": [
                1.0,
                0.0,
                0.0,
                0.0,
                0.0,
                1.0,
                0.0,
                0.0,
                0.0,
                0.0,
                1.0,
                0.0,
                0.13772845268249513,
                0.0,
                0.0,
                1.0
            ],
            "name": "LForeArm"
        },
        {
            "matrix": [
                1.0,
                0.0,
                0.0,
                0.0,
                0.0,
                0.973645806312561,
                0.2280653864145279,
                0.0,
                0.0,
                -0.2280653864145279,
                0.973645806312561,
                0.0,
                0.11359693109989166,
                0.0,
                -2.5400000325248585e-8,
                1.0
            ],
            "name": "LHand"
        },
        {
            "children": [
                32,
                29
            ],
            "matrix": [
                0.8873064517974854,
                0.0,
                -0.46118032932281496,
                0.0,
                0.0,
                1.0,
                0.0,
                0.0,
                0.46118032932281496,
                0.0,
                0.8873064517974854,
                0.0,
                0.2243500649929047,
                0.0,
                0.0,
                1.0
            ],
            "name": "Head"
        },
        {
            "children": [
                30
            ],
            "matrix": [
                0.7336488366127014,
                0.6574848294258118,
                -0.17167718708515168,
                0.0,
                -0.6693016886711121,
                0.6554989218711853,
                -0.34979483485221865,
                0.0,
                -0.11745059490203858,
                0.3715304136276245,
                0.9209617376327516,
                0.0,
                0.3034436404705048,
                0.15853561460971833,
                0.01390804909169674,
                1.0
            ],
            "name": "REar1"
        },
        {
            "children": [
                31
            ],
            "matrix": [
                1.0,
                0.0,
                0.0,
                0.0,
                0.0,
                1.0,
                0.0,
                0.0,
                0.0,
                0.0,
                1.0,
                0.0,
                0.13545793294906617,
                3.8099997823337619e-7,
                -1.0160000130099435e-7,
                1.0
            ],
            "name": "REar2"
        },
        {
            "matrix": [
                1.0,
                0.0,
                0.0,
                0.0,
                0.0,
                1.0,
                0.0,
                0.0,
                0.0,
                0.0,
                1.0,
                0.0,
                0.12959155440330506,
                -0.000001244599957317405,
                5.0800000650497177e-8,
                1.0
            ],
            "name": "REar3"
        },
        {
            "children": [
                33
            ],
            "matrix": [
                0.7336488366127014,
                -0.6574848294258118,
                -0.17167718708515168,
                0.0,
                0.6693016886711121,
                0.6554989218711853,
                0.34979483485221865,
                0.0,
                -0.11745059490203858,
                -0.3715304136276245,
                0.9209617376327516,
                0.0,
                0.3034436404705048,
                -0.15853561460971833,
                0.013908150605857373,
                1.0
            ],
            "name": "LEar1"
        },
        {
            "children": [
                34
            ],
            "matrix": [
                1.0,
                0.0,
                0.0,
                0.0,
                0.0,
                1.0,
                0.0,
                0.0,
                0.0,
                0.0,
                1.0,
                0.0,
                0.13545820116996766,
                2.5400000325248585e-8,
                0.0,
                1.0
            ],
            "name": "LEar2"
        },
        {
            "matrix": [
                1.0,
                0.0,
                0.0,
                0.0,
                0.0,
                1.0,
                0.0,
                0.0,
                0.0,
                0.0,
                1.0,
                0.0,
                0.12959080934524537,
                -1.7780000405309696e-7,
                0.0,
                1.0
            ],
            "name": "LEar3"
        }
    ],
    "meshes": [
        {
            "primitives": [
                {
                    "attributes": {
                        "JOINTS_0": 1,
                        "NORMAL": 2,
                        "POSITION": 3,
                        "TEXCOORD_0": 4,
                        "WEIGHTS_0": 5
                    },
                    "indices": 0,
                    "mode": 4,
                    "material": 0
                },
                {
                    "attributes": {
                        "JOINTS_0": 7,
                        "NORMAL": 8,
                        "POSITION": 9,
                        "TEXCOORD_0": 10,
                        "WEIGHTS_0": 11
                    },
                    "indices": 6,
                    "mode": 4,
                    "material": 1
                },
                {
                    "attributes": {
                        "JOINTS_0": 13,
                        "NORMAL": 14,
                        "POSITION": 15,
                        "TEXCOORD_0": 16,
                        "WEIGHTS_0": 17
                    },
                    "indices": 12,
                    "mode": 4,
                    "material": 2
                },
                {
                    "attributes": {
                        "JOINTS_0": 19,
                        "NORMAL": 20,
                        "POSITION": 21,
                        "TEXCOORD_0": 22,
                        "WEIGHTS_0": 23
                    },
                    "indices": 18,
                    "mode": 4,
                    "material": 3
                }
            ],
            "name": "PikachuF"
        }
    ],
    "skins": [
        {
            "inverseBindMatrices": 24,
            "skeleton": 2,
            "joints": [
                2,
                3,
                4,
                5,
                6,
                7,
                8,
                9,
                10,
                11,
                12,
                13,
                14,
                18,
                19,
                28,
                32,
                33,
                34,
                29,
                30,
                31,
                24,
                25,
                26,
                27,
                20,
                21,
                22,
                23
            ],
            "name": "PikachuF-mesh-skin"
        }
    ],
    "accessors": [
        {
            "bufferView": 0,
            "byteOffset": 0,
            "componentType": 5123,
            "count": 13086,
            "max": [
                2637
            ],
            "min": [
                0
            ],
            "type": "SCALAR"
        },
        {
            "bufferView": 1,
            "byteOffset": 0,
            "componentType": 5123,
            "count": 2638,
            "max": [
                29,
                29,
                29,
                29
            ],
            "min": [
                0,
                0,
                0,
                0
            ],
            "type": "VEC4"
        },
        {
            "bufferView": 2,
            "byteOffset": 0,
            "componentType": 5126,
            "count": 2638,
            "max": [
                1.0,
                0.999886989593506,
                0.9999989867210388
            ],
            "min": [
                -1.0,
                -0.9996619820594788,
                -1.0
            ],
            "type": "VEC3"
        },
        {
            "bufferView": 2,
            "byteOffset": 31656,
            "componentType": 5126,
            "count": 2638,
            "max": [
                0.4329506158828736,
                0.8002040982246399,
                1.3036168813705445
            ],
            "min": [
                -0.4329506158828736,
                -0.4155998826026917,
                -0.0003727703879121691
            ],
            "type": "VEC3"
        },
        {
            "bufferView": 1,
            "byteOffset": 21104,
            "componentType": 5126,
            "count": 2638,
            "max": [
                1.0,
                0.9955329895019532
            ],
            "min": [
                0.0,
                0.005568027496337891
            ],
            "type": "VEC2"
        },
        {
            "bufferView": 3,
            "byteOffset": 0,
            "componentType": 5126,
            "count": 2638,
            "max": [
                1.0,
                0.9900000095367432,
                0.9300000071525574,
                0.6899999976158142
            ],
            "min": [
                0.009999999776482582,
                0.0,
                0.0,
                0.0
            ],
            "type": "VEC4"
        },
        {
            "bufferView": 0,
            "byteOffset": 26172,
            "componentType": 5123,
            "count": 390,
            "max": [
                87
            ],
            "min": [
                0
            ],
            "type": "SCALAR"
        },
        {
            "bufferView": 1,
            "byteOffset": 42208,
            "componentType": 5123,
            "count": 88,
            "max": [
                15,
                15,
                0,
                0
            ],
            "min": [
                14,
                0,
                0,
                0
            ],
            "type": "VEC4"
        },
        {
            "bufferView": 2,
            "byteOffset": 63312,
            "componentType": 5126,
            "count": 88,
            "max": [
                0.9954040050506592,
                -0.032005999237298968,
                0.6270319819450378
            ],
            "min": [
                -0.9954040050506592,
                -0.8358049988746643,
                -0.364439994096756
            ],
            "type": "VEC3"
        },
        {
            "bufferView": 2,
            "byteOffset": 64368,
            "componentType": 5126,
            "count": 88,
            "max": [
                0.2560701072216034,
                -0.12152756005525588,
                0.9275749325752258
            ],
            "min": [
                -0.2560701072216034,
                -0.3085058629512787,
                0.7596555352210999
            ],
            "type": "VEC3"
        },
        {
            "bufferView": 1,
            "byteOffset": 42912,
            "componentType": 5126,
            "count": 88,
            "max": [
                0.987559974193573,
                -2.777239799499512
            ],
            "min": [
                0.012439999729394913,
                -2.9727299213409426
            ],
            "type": "VEC2"
        },
        {
            "bufferView": 3,
            "byteOffset": 42208,
            "componentType": 5126,
            "count": 88,
            "max": [
                1.0,
                0.9900000095367432,
                0.0,
                0.0
            ],
            "min": [
                0.010000000707805157,
                0.0,
                0.0,
                0.0
            ],
            "type": "VEC4"
        },
        {
            "bufferView": 0,
            "byteOffset": 26952,
            "componentType": 5123,
            "count": 336,
            "max": [
                71
            ],
            "min": [
                0
            ],
            "type": "SCALAR"
        },
        {
            "bufferView": 1,
            "byteOffset": 43616,
            "componentType": 5123,
            "count": 72,
            "max": [
                15,
                15,
                0,
                0
            ],
            "min": [
                14,
                0,
                0,
                0
            ],
            "type": "VEC4"
        },
        {
            "bufferView": 2,
            "byteOffset": 65424,
            "componentType": 5126,
            "count": 72,
            "max": [
                0.6033999919891357,
                -0.20524199306964878,
                0.9787110090255736
            ],
            "min": [
                -0.6033999919891357,
                -0.9996979832649232,
                -0.4197370111942291
            ],
            "type": "VEC3"
        },
        {
            "bufferView": 2,
            "byteOffset": 66288,
            "componentType": 5126,
            "count": 72,
            "max": [
                0.14816352725028993,
                -0.2831566333770752,
                0.9614381790161132
            ],
            "min": [
                -0.14816352725028993,
                -0.366806447505951,
                0.7582458853721619
            ],
            "type": "VEC3"
        },
        {
            "bufferView": 1,
            "byteOffset": 44192,
            "componentType": 5126,
            "count": 72,
            "max": [
                0.42576998472213747,
                -1.7560498714447022
            ],
            "min": [
                0.07423300296068192,
                -1.9943499565124512
            ],
            "type": "VEC2"
        },
        {
            "bufferView": 3,
            "byteOffset": 43616,
            "componentType": 5126,
            "count": 72,
            "max": [
                1.0,
                0.9900000095367432,
                0.0,
                0.0
            ],
            "min": [
                0.010000000707805157,
                0.0,
                0.0,
                0.0
            ],
            "type": "VEC4"
        },
        {
            "bufferView": 0,
            "byteOffset": 27624,
            "componentType": 5123,
            "count": 192,
            "max": [
                49
            ],
            "min": [
                0
            ],
            "type": "SCALAR"
        },
        {
            "bufferView": 1,
            "byteOffset": 44768,
            "componentType": 5123,
            "count": 50,
            "max": [
                15,
                0,
                0,
                0
            ],
            "min": [
                15,
                0,
                0,
                0
            ],
            "type": "VEC4"
        },
        {
            "bufferView": 2,
            "byteOffset": 67152,
            "componentType": 5126,
            "count": 50,
            "max": [
                0.7468209862709045,
                -0.355567991733551,
                0.8694959878921509
            ],
            "min": [
                -0.7468209862709045,
                -0.7840319871902466,
                0.42040199041366579
            ],
            "type": "VEC3"
        },
        {
            "bufferView": 2,
            "byteOffset": 67752,
            "componentType": 5126,
            "count": 50,
            "max": [
                0.1963386982679367,
                -0.1728045791387558,
                1.0557889938354493
            ],
            "min": [
                -0.1963386982679367,
                -0.31150561571121218,
                0.9181007146835328
            ],
            "type": "VEC3"
        },
        {
            "bufferView": 1,
            "byteOffset": 45168,
            "componentType": 5126,
            "count": 50,
            "max": [
                0.4938199818134308,
                -0.766279935836792
            ],
            "min": [
                0.006174999754875898,
                -0.985859990119934
            ],
            "type": "VEC2"
        },
        {
            "bufferView": 3,
            "byteOffset": 44768,
            "componentType": 5126,
            "count": 50,
            "max": [
                1.0,
                0.0,
                0.0,
                0.0
            ],
            "min": [
                1.0,
                0.0,
                0.0,
                0.0
            ],
            "type": "VEC4"
        },
        {
            "bufferView": 4,
            "byteOffset": 0,
            "componentType": 5126,
            "count": 30,
            "max": [
                0.6583179831504822,
                1.0,
                0.7198290228843689,
                0.0,
                0.938103973865509,
                0.2453009933233261,
                0.0,
                0.0,
                0.9962779879570008,
                0.9754670262336732,
                1.0,
                0.0,
                14.28529930114746,
                25.431299209594728,
                15.64479923248291,
                1.0
            ],
            "min": [
                -0.6583189964294434,
                -1.0,
                -0.7198280096054077,
                0.0,
                -0.9748340249061585,
                -0.2453009933233261,
                -1.0,
                0.0,
                -1.0,
                -0.9754689931869508,
                -0.6957160234451294,
                0.0,
                -41.31869888305664,
                -25.43120002746582,
                -9.506420135498049,
                1.0
            ],
            "type": "MAT4"
        }
    ],
    "materials": [
        {
            "pbrMetallicRoughness": {
                "baseColorFactor": [
                    1.0,
                    1.0,
                    1.0,
                    1.0
                ],
                "baseColorTexture": {
                    "index": 0
                },
                "metallicFactor": 0.0
            },
            "name": "Material__160"
        },
        {
            "pbrMetallicRoughness": {
                "baseColorFactor": [
                    1.0,
                    1.0,
                    1.0,
                    1.0
                ],
                "baseColorTexture": {
                    "index": 1
                },
                "metallicFactor": 0.0
            },
            "name": "Material__161"
        },
        {
            "pbrMetallicRoughness": {
                "baseColorFactor": [
                    1.0,
                    1.0,
                    1.0,
                    1.0
                ],
                "baseColorTexture": {
                    "index": 2
                },
                "metallicFactor": 0.0
            },
            "name": "Material__162"
        },
        {
            "pbrMetallicRoughness": {
                "baseColorFactor": [
                    1.0,
                    1.0,
                    1.0,
                    1.0
                ],
                "baseColorTexture": {
                    "index": 3
                },
                "metallicFactor": 0.0
            },
            "name": "Material__163"
        }
    ],
    "textures": [
        {
            "sampler": 0,
            "source": 0
        },
        {
            "sampler": 0,
            "source": 1
        },
        {
            "sampler": 0,
            "source": 2
        },
        {
            "sampler": 0,
            "source": 3
        }
    ],
    "images": [
        {
            "uri": "pm0025_00_BodyA1.png"
        },
        {
            "uri": "pm0025_00_BodyB1.png"
        },
        {
            "uri": "pm0025_00_Mouth1.png"
        },
        {
            "uri": "pm0025_00_Eye1.png"
        }
    ],
    "samplers": [
        {
            "magFilter": 9729,
            "minFilter": 9986,
            "wrapS": 10497,
            "wrapT": 10497
        }
    ],
    "bufferViews": [
        {
            "buffer": 0,
            "byteOffset": 161408,
            "byteLength": 28008,
            "target": 34963
        },
        {
            "buffer": 0,
            "byteOffset": 115840,
            "byteLength": 45568,
            "byteStride": 8,
            "target": 34962
        },
        {
            "buffer": 0,
            "byteOffset": 47488,
            "byteLength": 68352,
            "byteStride": 12,
            "target": 34962
        },
        {
            "buffer": 0,
            "byteOffset": 1920,
            "byteLength": 45568,
            "byteStride": 16,
            "target": 34962
        },
        {
            "buffer": 0,
            "byteOffset": 0,
            "byteLength": 1920
        }
    ],
    "buffers": [
        {
            "byteLength": 189416,
            "uri": "PikachuF_ColladaMax0.bin"
        }
    ]
}
