{
    "asset": {
        "generator": "COLLADA2GLTF",
        "version": "2.0"
    },
    "scenes": [
        {
            "nodes": [
                0
            ]
        }
    ],
    "scene": 0,
    "nodes": [
        {
            "children": [
                42,
                41,
                40,
                12,
                1
            ],
            "matrix": [
                1.0,
                0.0,
                0.0,
                0.0,
                0.0,
                0.0,
                -1.0,
                0.0,
                0.0,
                1.0,
                0.0,
                0.0,
                0.0,
                0.0,
                0.0,
                1.0
            ],
            "name": "Z_UP"
        },
        {
            "mesh": 0,
            "skin": 0,
            "name": "Gengar_TongueB"
        },
        {
            "children": [
                8,
                4,
                3
            ],
            "matrix": [
                -1.0,
                -8.979318677493353e-11,
                0.0,
                0.0,
                8.979318677493353e-11,
                -1.0,
                0.0,
                0.0,
                0.0,
                0.0,
                1.0,
                0.0,
                0.0,
                0.0,
                0.0,
                1.0
            ],
            "name": "Hips"
        },
        {
            "matrix": [
                0.5162075161933899,
                0.0,
                -0.8564635515213013,
                0.0,
                0.0,
                1.0,
                0.0,
                0.0,
                0.8564635515213013,
                0.0,
                0.5162075161933899,
                0.0,
                0.4548962116241455,
                0.0,
                -0.718972384929657,
                1.0
            ],
            "name": "Tail"
        },
        {
            "children": [
                5
            ],
            "matrix": [
                0.9992839097976684,
                0.0,
                0.037837035953998569,
                0.0,
                0.0,
                1.0,
                0.0,
                0.0,
                -0.037837035953998569,
                0.0,
                0.9992839097976684,
                0.0,
                0.2689859867095947,
                -0.9309811592102052,
                0.11815673857927324,
                1.0
            ],
            "name": "RThigh"
        },
        {
            "children": [
                6
            ],
            "matrix": [
                0.99319189786911,
                0.0,
                -0.116489939391613,
                0.0,
                0.0,
                1.0,
                0.0,
                0.0,
                0.116489939391613,
                0.0,
                0.99319189786911,
                0.0,
                0.5885560512542725,
                7.620000275210259e-8,
                0.0,
                1.0
            ],
            "name": "RLeg"
        },
        {
            "children": [
                7
            ],
            "matrix": [
                -0.07882627099752426,
                0.000001242702182935318,
                0.9968883395195008,
                0.0,
                0.000005230255737842526,
                1.0,
                -8.330126775035751e-7,
                0.0,
                -0.9968883395195008,
                0.0000051483175411704,
                -0.07882627099752426,
                0.0,
                0.3855186700820923,
                0.0,
                2.5400000325248585e-8,
                1.0
            ],
            "name": "RFoot"
        },
        {
            "matrix": [
                1.0,
                0.0,
                0.0,
                0.0,
                0.0,
                1.0,
                0.0,
                0.0,
                0.0,
                0.0,
                1.0,
                0.0,
                0.21146313846111296,
                0.0004343653854448348,
                -0.062096141278743747,
                1.0
            ],
            "name": "RToe"
        },
        {
            "children": [
                9
            ],
            "matrix": [
                0.9992839097976684,
                0.0,
                0.037837035953998569,
                0.0,
                0.0,
                1.0,
                0.0,
                0.0,
                -0.037837035953998569,
                0.0,
                0.9992839097976684,
                0.0,
                0.2689859867095947,
                0.9309811592102052,
                0.11815673857927324,
                1.0
            ],
            "name": "LThigh"
        },
        {
            "children": [
                10
            ],
            "matrix": [
                0.9931917786598206,
                0.0,
                -0.11649081110954285,
                0.0,
                0.0,
                1.0,
                0.0,
                0.0,
                0.11649081110954285,
                0.0,
                0.9931917786598206,
                0.0,
                0.5885560512542725,
                0.0,
                2.5400000325248585e-8,
                1.0
            ],
            "name": "LLeg"
        },
        {
            "children": [
                11
            ],
            "matrix": [
                -0.07882627099752426,
                0.0000022395904579752825,
                0.9968883395195008,
                0.0,
                0.000004233367235428887,
                1.0,
                -0.000001911839035528829,
                0.0,
                -0.9968883395195008,
                0.000004069491296831984,
                -0.07882627099752426,
                0.0,
                0.3855186700820923,
                -1.7780000405309696e-7,
                0.0,
                1.0
            ],
            "name": "LFoot"
        },
        {
            "matrix": [
                1.0,
                0.0,
                0.0,
                0.0,
                0.0,
                1.0,
                0.0,
                0.0,
                0.0,
                0.0,
                1.0,
                0.0,
                0.2114618420600891,
                -0.0004344669869169593,
                -0.062096141278743747,
                1.0
            ],
            "name": "LToe"
        },
        {
            "mesh": 1,
            "skin": 1,
            "name": "Gengar_TongueA"
        },
        {
            "children": [
                2,
                14
            ],
            "matrix": [
                -0.0000034620645692484688,
                1.0,
                0.0,
                0.0,
                -1.0,
                -0.0000034620645692484688,
                0.0,
                0.0,
                0.0,
                0.0,
                1.0,
                0.0,
                0.0,
                1.3714450597763062,
                0.0966152474284172,
                1.0
            ],
            "name": "Waist"
        },
        {
            "children": [
                15
            ],
            "name": "Spine"
        },
        {
            "children": [
                39,
                32,
                31,
                30,
                23,
                19,
                18,
                16
            ],
            "matrix": [
                0.9785683155059816,
                0.0,
                0.20592239499092106,
                0.0,
                0.0,
                1.0,
                0.0,
                0.0,
                -0.20592239499092106,
                0.0,
                0.9785683155059816,
                0.0,
                0.7655153274536133,
                0.0,
                0.0,
                1.0
            ],
            "name": "Head"
        },
        {
            "children": [
                17
            ],
            "matrix": [
                0.20592018961906434,
                -5.6579674972967449e-11,
                0.9785687923431397,
                0.0,
                5.6579674972967449e-11,
                -1.0,
                -6.972485783185434e-11,
                0.0,
                0.9785687923431397,
                6.972485783185434e-11,
                -0.20592018961906434,
                0.0,
                -0.0011834368342533708,
                0.0,
                0.575779914855957,
                1.0
            ],
            "name": "FeelerA"
        },
        {
            "name": "FeelerA1"
        },
        {
            "matrix": [
                0.5871824026107788,
                0.6681625247001648,
                -0.45691978931427,
                0.0,
                -0.6916800141334534,
                0.7073848247528076,
                0.14555226266384126,
                0.0,
                0.4204706847667694,
                0.2305765450000763,
                0.8775185942649841,
                0.0,
                0.9983977675437928,
                0.741855263710022,
                0.0300741083920002,
                1.0
            ],
            "name": "REar"
        },
        {
            "children": [
                20
            ],
            "matrix": [
                0.5186792016029358,
                0.0,
                0.8549689054489136,
                0.0,
                0.0,
                1.0,
                0.0,
                0.0,
                -0.8549689054489136,
                0.0,
                0.5186792016029358,
                0.0,
                -1.33601450920105,
                0.0,
                0.007247280329465866,
                1.0
            ],
            "name": "Tongue1"
        },
        {
            "children": [
                21
            ],
            "matrix": [
                0.9434971809387208,
                -0.00013304546882864088,
                0.33138054609298708,
                0.0,
                0.0002314734738320112,
                0.9999999403953552,
                -0.00025755615206435323,
                0.0,
                -0.3313805162906647,
                0.0003197093028575182,
                0.943497121334076,
                0.0,
                0.6331026554107666,
                0.0,
                -7.620000275210259e-8,
                1.0
            ],
            "name": "Tongue2"
        },
        {
            "children": [
                22
            ],
            "matrix": [
                1.0,
                0.0,
                0.0,
                0.0,
                0.0,
                1.0,
                0.0,
                0.0,
                0.0,
                0.0,
                1.0,
                0.0,
                0.8885909914970398,
                0.0,
                7.620000275210259e-8,
                1.0
            ],
            "name": "Tongue3"
        },
        {
            "matrix": [
                1.0,
                0.0,
                0.0,
                0.0,
                0.0,
                1.0,
                0.0,
                0.0,
                0.0,
                0.0,
                1.0,
                0.0,
                0.920617938041687,
                0.0,
                2.794000124595186e-7,
                1.0
            ],
            "name": "Tongue4"
        },
        {
            "children": [
                24
            ],
            "matrix": [
                -0.0182929914444685,
                0.9998252391815186,
                0.003848887514322996,
                0.0,
                -0.978397250175476,
                -0.01869351416826248,
                0.20588675141334537,
                0.0,
                0.20592272281646729,
                5.434154104477784e-7,
                0.9785682559013368,
                0.0,
                0.26371803879737856,
                0.8281339406967163,
                0.17379899322986604,
                1.0
            ],
            "name": "RShoulder"
        },
        {
            "children": [
                25
            ],
            "matrix": [
                0.9998252987861632,
                -0.01868999190628529,
                0.0,
                0.0,
                0.01868999190628529,
                0.9998252987861632,
                0.0,
                0.0,
                0.0,
                0.0,
                1.0,
                0.0,
                0.3205987811088562,
                -3.8099997823337619e-7,
                0.0,
                1.0
            ],
            "name": "RArm"
        },
        {
            "children": [
                26
            ],
            "matrix": [
                1.0,
                0.0,
                0.0,
                0.0,
                0.0,
                1.0,
                0.0,
                0.0,
                0.0,
                0.0,
                1.0,
                0.0,
                0.6248196363449097,
                0.0014214094262570145,
                0.0000033019998681993458,
                1.0
            ],
            "name": "RForeArm"
        },
        {
            "children": [
                29,
                28,
                27
            ],
            "matrix": [
                1.0,
                0.0,
                0.0,
                0.0,
                0.0,
                1.0,
                0.0,
                0.0,
                0.0,
                0.0,
                1.0,
                0.0,
                0.4342282414436341,
                0.000958646764047444,
                -0.000003352799922140548,
                1.0
            ],
            "name": "RHand"
        },
        {
            "matrix": [
                0.989187717437744,
                0.0,
                0.1466548591852188,
                0.0,
                0.0,
                1.0,
                0.0,
                0.0,
                -0.1466548591852188,
                0.0,
                0.989187717437744,
                0.0,
                0.1368841528892517,
                -0.04795443639159203,
                0.18588684499263764,
                1.0
            ],
            "name": "RFingerB"
        },
        {
            "matrix": [
                1.0,
                0.0,
                0.0,
                0.0,
                0.0,
                1.0,
                0.0,
                0.0,
                0.0,
                0.0,
                1.0,
                0.0,
                0.14765401184558869,
                -0.05334888771176338,
                0.004959146957844496,
                1.0
            ],
            "name": "RFingerA"
        },
        {
            "matrix": [
                0.9921855926513672,
                0.0,
                -0.12477097660303116,
                0.0,
                0.0,
                1.0,
                0.0,
                0.0,
                0.12477097660303116,
                0.0,
                0.9921855926513672,
                0.0,
                0.14243735373020173,
                -0.049584608525037768,
                -0.14830449223518372,
                1.0
            ],
            "name": "RFingerC"
        },
        {
            "matrix": [
                0.5357339382171631,
                0.0,
                -0.8443868160247803,
                0.0,
                0.0,
                1.0,
                0.0,
                0.0,
                0.8443868160247803,
                0.0,
                0.5357339382171631,
                0.0,
                1.184950590133667,
                0.0,
                0.0,
                1.0
            ],
            "name": "FeelerB"
        },
        {
            "matrix": [
                0.5871824026107788,
                -0.6681625247001648,
                -0.45691978931427,
                0.0,
                0.6916800141334534,
                0.7073848247528076,
                -0.14555226266384126,
                0.0,
                0.4204706847667694,
                -0.2305765450000763,
                0.8775185942649841,
                0.0,
                0.9983927011489868,
                -0.741855263710022,
                0.03007664903998375,
                1.0
            ],
            "name": "LEar"
        },
        {
            "children": [
                33
            ],
            "matrix": [
                -0.01829301193356514,
                -0.9998252391815186,
                0.0038488858845084907,
                0.0,
                0.9783973097801209,
                -0.018693534657359124,
                -0.20588654279708866,
                0.0,
                0.20592252910137177,
                -5.456099074763188e-7,
                0.9785683155059816,
                0.0,
                0.26371803879737856,
                -0.8281339406967163,
                0.17379924654960633,
                1.0
            ],
            "name": "LShoulder"
        },
        {
            "children": [
                34
            ],
            "matrix": [
                0.9998252987861632,
                0.01868999190628529,
                0.0,
                0.0,
                -0.01868999190628529,
                0.9998252987861632,
                0.0,
                0.0,
                0.0,
                0.0,
                1.0,
                0.0,
                0.3205987811088562,
                1.7780000405309696e-7,
                0.0,
                1.0
            ],
            "name": "LArm"
        },
        {
            "children": [
                35
            ],
            "matrix": [
                1.0,
                0.0,
                0.0,
                0.0,
                0.0,
                1.0,
                0.0,
                0.0,
                0.0,
                0.0,
                1.0,
                0.0,
                0.624822199344635,
                -0.001415008562617004,
                0.000002082799937852542,
                1.0
            ],
            "name": "LForeArm"
        },
        {
            "children": [
                38,
                37,
                36
            ],
            "matrix": [
                1.0,
                0.0,
                0.0,
                0.0,
                0.0,
                1.0,
                0.0,
                0.0,
                0.0,
                0.0,
                1.0,
                0.0,
                0.4342257082462311,
                -0.0009638792253099382,
                -0.000002082799937852542,
                1.0
            ],
            "name": "LHand"
        },
        {
            "matrix": [
                0.9921855926513672,
                0.0,
                -0.12477097660303116,
                0.0,
                0.0,
                1.0,
                0.0,
                0.0,
                0.12477097660303116,
                0.0,
                0.9921855926513672,
                0.0,
                0.1424378603696823,
                0.04958003759384155,
                -0.1483050137758255,
                1.0
            ],
            "name": "LFingerC"
        },
        {
            "matrix": [
                0.989187717437744,
                0.0,
                0.1466548591852188,
                0.0,
                0.0,
                1.0,
                0.0,
                0.0,
                -0.1466548591852188,
                0.0,
                0.989187717437744,
                0.0,
                0.13688364624977113,
                0.0479559637606144,
                0.18588709831237794,
                1.0
            ],
            "name": "LFingerB"
        },
        {
            "matrix": [
                1.0,
                0.0,
                0.0,
                0.0,
                0.0,
                1.0,
                0.0,
                0.0,
                0.0,
                0.0,
                1.0,
                0.0,
                0.1476537585258484,
                0.053347621113061908,
                0.004959019832313061,
                1.0
            ],
            "name": "LFingerA"
        },
        {
            "matrix": [
                -0.2081506848335266,
                -4.6010782739358559e-7,
                0.9780967831611632,
                0.0,
                -0.000004372494913695846,
                1.0,
                -4.6010782739358559e-7,
                0.0,
                -0.9780967831611632,
                -0.000004372494913695846,
                -0.2081506848335266,
                0.0,
                -0.3007563352584839,
                0.0,
                -0.33395159244537356,
                1.0
            ],
            "name": "Jaw"
        },
        {
            "mesh": 2,
            "skin": 2,
            "name": "Gengar"
        },
        {
            "mesh": 3,
            "skin": 3,
            "name": "Gengar_Mask"
        },
        {
            "children": [
                43
            ],
            "matrix": [
                1.0,
                0.0,
                0.0,
                0.0,
                0.0,
                4.4896641959724089e-11,
                1.0,
                0.0,
                0.0,
                -1.0,
                4.4896641959724089e-11,
                0.0,
                0.0,
                0.0,
                0.0,
                1.0
            ],
            "name": "pm0094_00"
        },
        {
            "children": [
                13
            ],
            "name": "Origin"
        }
    ],
    "meshes": [
        {
            "primitives": [
                {
                    "attributes": {
                        "JOINTS_0": 1,
                        "NORMAL": 2,
                        "POSITION": 3,
                        "TEXCOORD_0": 4,
                        "WEIGHTS_0": 5
                    },
                    "indices": 0,
                    "mode": 4,
                    "material": 0
                }
            ],
            "name": "Gengar_TongueB"
        },
        {
            "primitives": [
                {
                    "attributes": {
                        "JOINTS_0": 7,
                        "NORMAL": 8,
                        "POSITION": 9,
                        "TEXCOORD_0": 10,
                        "WEIGHTS_0": 11
                    },
                    "indices": 6,
                    "mode": 4,
                    "material": 1
                }
            ],
            "name": "Gengar_TongueA"
        },
        {
            "primitives": [
                {
                    "attributes": {
                        "JOINTS_0": 13,
                        "NORMAL": 14,
                        "POSITION": 15,
                        "TEXCOORD_0": 16,
                        "WEIGHTS_0": 17
                    },
                    "indices": 12,
                    "mode": 4,
                    "material": 2
                },
                {
                    "attributes": {
                        "JOINTS_0": 19,
                        "NORMAL": 20,
                        "POSITION": 21,
                        "TEXCOORD_0": 22,
                        "WEIGHTS_0": 23
                    },
                    "indices": 18,
                    "mode": 4,
                    "material": 3
                }
            ],
            "name": "Gengar"
        },
        {
            "primitives": [
                {
                    "attributes": {
                        "JOINTS_0": 25,
                        "NORMAL": 26,
                        "POSITION": 27,
                        "TEXCOORD_0": 28,
                        "WEIGHTS_0": 29
                    },
                    "indices": 24,
                    "mode": 4,
                    "material": 4
                }
            ],
            "name": "Gengar_Mask"
        }
    ],
    "skins": [
        {
            "inverseBindMatrices": 30,
            "skeleton": 2,
            "joints": [
                2,
                15,
                19,
                20,
                21,
                22
            ],
            "name": "Gengar_TongueB-mesh-skin"
        },
        {
            "inverseBindMatrices": 31,
            "skeleton": 13,
            "joints": [
                13,
                15,
                39
            ],
            "name": "Gengar_TongueA-mesh-skin"
        },
        {
            "inverseBindMatrices": 32,
            "skeleton": 2,
            "joints": [
                2,
                8,
                9,
                10,
                11,
                4,
                5,
                6,
                7,
                3,
                15,
                16,
                17,
                30,
                39,
                31,
                32,
                33,
                34,
                35,
                38,
                37,
                36,
                18,
                23,
                24,
                25,
                26,
                28,
                27,
                29
            ],
            "name": "Gengar-mesh-skin"
        },
        {
            "inverseBindMatrices": 33,
            "skeleton": 15,
            "joints": [
                15,
                16,
                17,
                39
            ],
            "name": "Gengar_Mask-mesh-skin"
        }
    ],
    "accessors": [
        {
            "bufferView": 0,
            "byteOffset": 0,
            "componentType": 5123,
            "count": 1488,
            "max": [
                295
            ],
            "min": [
                0
            ],
            "type": "SCALAR"
        },
        {
            "bufferView": 1,
            "byteOffset": 0,
            "componentType": 5123,
            "count": 296,
            "max": [
                4,
                5,
                5,
                3
            ],
            "min": [
                0,
                1,
                0,
                0
            ],
            "type": "VEC4"
        },
        {
            "bufferView": 2,
            "byteOffset": 0,
            "componentType": 5126,
            "count": 296,
            "max": [
                0.9999510049819946,
                0.4659309983253479,
                0.999805986881256
            ],
            "min": [
                -0.9999510049819946,
                -1.0,
                -0.999966025352478
            ],
            "type": "VEC3"
        },
        {
            "bufferView": 2,
            "byteOffset": 3552,
            "componentType": 5126,
            "count": 296,
            "max": [
                0.7291374802589417,
                0.1712457835674286,
                1.2740944623947144
            ],
            "min": [
                -0.7291374802589417,
                -2.986531972885132,
                0.752170205116272
            ],
            "type": "VEC3"
        },
        {
            "bufferView": 1,
            "byteOffset": 2368,
            "componentType": 5126,
            "count": 296,
            "max": [
                0.9909780025482178,
                0.28854501247406008
            ],
            "min": [
                0.00902200024574995,
                0.007241010665893555
            ],
            "type": "VEC2"
        },
        {
            "bufferView": 3,
            "byteOffset": 0,
            "componentType": 5126,
            "count": 296,
            "max": [
                0.6899999976158142,
                0.7699999809265137,
                0.9800000190734864,
                0.239999994635582
            ],
            "min": [
                0.009999999776482582,
                0.009999999776482582,
                0.0,
                0.0
            ],
            "type": "VEC4"
        },
        {
            "bufferView": 0,
            "byteOffset": 2976,
            "componentType": 5123,
            "count": 744,
            "max": [
                155
            ],
            "min": [
                0
            ],
            "type": "SCALAR"
        },
        {
            "bufferView": 1,
            "byteOffset": 4736,
            "componentType": 5123,
            "count": 156,
            "max": [
                1,
                1,
                2,
                0
            ],
            "min": [
                0,
                0,
                0,
                0
            ],
            "type": "VEC4"
        },
        {
            "bufferView": 2,
            "byteOffset": 7104,
            "componentType": 5126,
            "count": 156,
            "max": [
                0.7506870031356812,
                0.07064200192689896,
                0.9985169768333436
            ],
            "min": [
                -0.7506870031356812,
                -0.9916579723358154,
                -0.2684549987316132
            ],
            "type": "VEC3"
        },
        {
            "bufferView": 2,
            "byteOffset": 8976,
            "componentType": 5126,
            "count": 156,
            "max": [
                0.6894118785858154,
                0.4431385397911072,
                1.7717567682266236
            ],
            "min": [
                -0.6894118785858154,
                -0.856884241104126,
                0.6999732255935669
            ],
            "type": "VEC3"
        },
        {
            "bufferView": 1,
            "byteOffset": 5984,
            "componentType": 5126,
            "count": 156,
            "max": [
                0.9883300065994264,
                0.48336899280548098
            ],
            "min": [
                0.011669999919831753,
                0.3002769947052002
            ],
            "type": "VEC2"
        },
        {
            "bufferView": 3,
            "byteOffset": 4736,
            "componentType": 5126,
            "count": 156,
            "max": [
                1.0,
                0.9900000095367432,
                0.21000000834465028,
                0.0
            ],
            "min": [
                0.009999999776482582,
                0.0,
                0.0,
                0.0
            ],
            "type": "VEC4"
        },
        {
            "bufferView": 0,
            "byteOffset": 4464,
            "componentType": 5123,
            "count": 13122,
            "max": [
                2649
            ],
            "min": [
                0
            ],
            "type": "SCALAR"
        },
        {
            "bufferView": 1,
            "byteOffset": 7232,
            "componentType": 5123,
            "count": 2650,
            "max": [
                30,
                30,
                30,
                26
            ],
            "min": [
                0,
                0,
                0,
                0
            ],
            "type": "VEC4"
        },
        {
            "bufferView": 2,
            "byteOffset": 10848,
            "componentType": 5126,
            "count": 2650,
            "max": [
                0.9997509717941284,
                0.9999979734420776,
                1.0
            ],
            "min": [
                -0.9997509717941284,
                -0.9999819993972778,
                -1.0
            ],
            "type": "VEC3"
        },
        {
            "bufferView": 2,
            "byteOffset": 42648,
            "componentType": 5126,
            "count": 2650,
            "max": [
                2.5857961177825929,
                1.70403254032135,
                3.9643304347991945
            ],
            "min": [
                -2.5857961177825929,
                -1.602209210395813,
                -0.0006843776209279895
            ],
            "type": "VEC3"
        },
        {
            "bufferView": 1,
            "byteOffset": 28432,
            "componentType": 5126,
            "count": 2650,
            "max": [
                0.9896640181541444,
                0.9920120239257813
            ],
            "min": [
                0.01033599954098463,
                0.017786026000976564
            ],
            "type": "VEC2"
        },
        {
            "bufferView": 3,
            "byteOffset": 7232,
            "componentType": 5126,
            "count": 2650,
            "max": [
                1.0,
                0.9900000095367432,
                0.9800000190734864,
                0.7599999904632568
            ],
            "min": [
                0.009999999776482582,
                0.0,
                0.0,
                0.0
            ],
            "type": "VEC4"
        },
        {
            "bufferView": 0,
            "byteOffset": 30708,
            "componentType": 5123,
            "count": 360,
            "max": [
                83
            ],
            "min": [
                0
            ],
            "type": "SCALAR"
        },
        {
            "bufferView": 1,
            "byteOffset": 49632,
            "componentType": 5123,
            "count": 84,
            "max": [
                10,
                24,
                25,
                0
            ],
            "min": [
                10,
                0,
                0,
                0
            ],
            "type": "VEC4"
        },
        {
            "bufferView": 2,
            "byteOffset": 74448,
            "componentType": 5126,
            "count": 84,
            "max": [
                0.6939470171928406,
                -0.6766160130500794,
                0.577534019947052
            ],
            "min": [
                -0.6939470171928406,
                -0.9958639740943908,
                -0.3845820128917694
            ],
            "type": "VEC3"
        },
        {
            "bufferView": 2,
            "byteOffset": 75456,
            "componentType": 5126,
            "count": 84,
            "max": [
                1.0627055168151856,
                -1.092123866081238,
                2.8446476459503176
            ],
            "min": [
                -1.0627055168151856,
                -1.602209210395813,
                1.954646706581116
            ],
            "type": "VEC3"
        },
        {
            "bufferView": 1,
            "byteOffset": 50304,
            "componentType": 5126,
            "count": 84,
            "max": [
                0.4893800020217896,
                -0.7754199504852295
            ],
            "min": [
                0.010625000111758708,
                -0.9594199657440186
            ],
            "type": "VEC2"
        },
        {
            "bufferView": 3,
            "byteOffset": 49632,
            "componentType": 5126,
            "count": 84,
            "max": [
                1.0,
                0.10999999940395357,
                0.019999999552965165,
                0.0
            ],
            "min": [
                0.8799999952316284,
                0.0,
                0.0,
                0.0
            ],
            "type": "VEC4"
        },
        {
            "bufferView": 0,
            "byteOffset": 31428,
            "componentType": 5123,
            "count": 102,
            "max": [
                35
            ],
            "min": [
                0
            ],
            "type": "SCALAR"
        },
        {
            "bufferView": 1,
            "byteOffset": 50976,
            "componentType": 5123,
            "count": 36,
            "max": [
                3,
                2,
                0,
                0
            ],
            "min": [
                0,
                0,
                0,
                0
            ],
            "type": "VEC4"
        },
        {
            "bufferView": 2,
            "byteOffset": 76464,
            "componentType": 5126,
            "count": 36,
            "max": [
                0.814657986164093,
                -0.5651770234107971,
                -0.06556999683380127
            ],
            "min": [
                -0.814657986164093,
                -0.9522749781608582,
                -0.3630200028419495
            ],
            "type": "VEC3"
        },
        {
            "bufferView": 2,
            "byteOffset": 76896,
            "componentType": 5126,
            "count": 36,
            "max": [
                0.9077197909355164,
                -1.1738532781600953,
                2.1257588863372804
            ],
            "min": [
                -0.9077197909355164,
                -1.5274213552474976,
                1.4999665021896365
            ],
            "type": "VEC3"
        },
        {
            "bufferView": 1,
            "byteOffset": 51264,
            "componentType": 5126,
            "count": 36,
            "max": [
                0.7049859762191773,
                -0.04162001609802246
            ],
            "min": [
                0.6515870094299316,
                -0.07808995246887207
            ],
            "type": "VEC2"
        },
        {
            "bufferView": 3,
            "byteOffset": 50976,
            "componentType": 5126,
            "count": 36,
            "max": [
                1.0,
                0.800000011920929,
                0.0,
                0.0
            ],
            "min": [
                0.20000000298023225,
                0.0,
                0.0,
                0.0
            ],
            "type": "VEC4"
        },
        {
            "bufferView": 4,
            "byteOffset": 0,
            "componentType": 5126,
            "count": 6,
            "max": [
                0.00013299999409355223,
                1.0,
                0.000003000000106112566,
                0.0,
                0.0,
                0.00017600000137463212,
                0.00017600000137463212,
                0.0,
                0.9785680174827576,
                0.0007280000136233866,
                0.0,
                0.0,
                53.99390029907227,
                0.013852999545633792,
                40.87850189208985,
                1.0
            ],
            "min": [
                -0.00017600000137463212,
                -1.0,
                -0.0007280000136233866,
                0.0,
                -1.0,
                -0.00013299999409355223,
                -1.0,
                0.0,
                -1.0,
                -0.000003000000106112566,
                -1.0,
                0.0,
                -87.99739837646485,
                -0.03402400016784668,
                -3.8037500381469728,
                1.0
            ],
            "type": "MAT4"
        },
        {
            "bufferView": 4,
            "byteOffset": 384,
            "componentType": 5126,
            "count": 3,
            "max": [
                0.0000019999999949504856,
                -1.0,
                0.000007999999979801942,
                0.0,
                0.0,
                9.999999974752428e-7,
                0.40509501099586489,
                0.0,
                1.0,
                -0.000003000000106112566,
                0.0,
                0.0,
                40.99909973144531,
                0.0005600000149570406,
                64.1427993774414,
                1.0
            ],
            "min": [
