{
    "asset": {
        "generator": "COLLADA2GLTF",
        "version": "2.0"
    },
    "scenes": [
        {
            "nodes": [
                0
            ]
        }
    ],
    "scene": 0,
    "nodes": [
        {
            "children": [
                30,
                1
            ],
            "matrix": [
                1.0,
                0.0,
                0.0,
                0.0,
                0.0,
                0.0,
                -1.0,
                0.0,
                0.0,
                1.0,
                0.0,
                0.0,
                0.0,
                0.0,
                0.0,
                1.0
            ],
            "name": "Z_UP"
        },
        {
            "mesh": 0,
            "skin": 0,
            "name": "Weepinbell"
        },
        {
            "children": [
                23,
                20,
                19,
                7,
                4,
                3
            ],
            "matrix": [
                -0.000003295670694569708,
                0.9349767565727234,
                -0.35470902919769289,
                0.0,
                -1.0,
                -0.000003295670694569708,
                6.041437927706284e-7,
                0.0,
                -6.041437927706284e-7,
                0.35470902919769289,
                0.9349767565727234,
                0.0,
                0.0,
                0.5593562722206116,
                0.21507754921913148,
                1.0
            ],
            "name": "Waist"
        },
        {
            "matrix": [
                0.037488389760255817,
                0.1605912446975708,
                0.9863088130950928,
                0.0,
                -0.017738640308380128,
                0.9869540333747864,
                -0.1600220799446106,
                0.0,
                -0.9991396069526672,
                -0.011496806517243386,
                0.03984798863530159,
                0.0,
                0.2906979322433472,
                0.2728315591812134,
                0.4054017663002014,
                1.0
            ],
            "name": "RFeeler"
        },
        {
            "children": [
                5
            ],
            "matrix": [
                0.024427758529782296,
                0.999692976474762,
                0.00414471747353673,
                0.0,
                -0.354601263999939,
                0.004788251128047705,
                0.9350053668022156,
                0.0,
                0.9346984624862672,
                -0.02430980652570725,
                0.3546093702316284,
                0.0,
                0.009466681629419329,
                0.5500878095626831,
                -0.21812936663627625,
                1.0
            ],
            "name": "RArm"
        },
        {
            "children": [
                6
            ],
            "matrix": [
                0.9805318117141724,
                0.0,
                -0.1963603049516678,
                0.0,
                0.0,
                1.0,
                0.0,
                0.0,
                0.1963603049516678,
                0.0,
                0.9805318117141724,
                0.0,
                0.5054270029067993,
                0.0,
                -0.0000012954000112586073,
                1.0
            ],
            "name": "RForeArm"
        },
        {
            "matrix": [
                0.9548748135566713,
                -1.1701569491151533e-7,
                -0.29700854420661929,
                0.0,
                -0.0004129632434342057,
                0.9999990463256836,
                -0.001328060170635581,
                0.0,
                0.2970082461833954,
                0.0013907848624512554,
                0.9548739194869996,
                0.0,
                0.538977861404419,
                0.0,
                0.0000012954000112586073,
                1.0
            ],
            "name": "RHand"
        },
        {
            "children": [
                8
            ],
            "matrix": [
                -0.9150604605674744,
                -8.786574939856351e-11,
                0.4033166766166687,
                0.0,
                8.786574939856351e-11,
                -1.0,
                -1.8504755019965736e-11,
                0.0,
                0.4033166766166687,
                1.8504755019965736e-11,
                0.9150604605674744,
                0.0,
                0.0,
                0.0,
                0.0,
                1.0
            ],
            "name": "Tail1"
        },
        {
            "children": [
                9
            ],
            "matrix": [
                0.9908355474472046,
                0.0,
                0.13507384061813358,
                0.0,
                0.0,
                1.0,
                0.0,
                0.0,
                -0.13507384061813358,
                0.0,
                0.9908355474472046,
                0.0,
                0.2634970545768738,
                0.0,
                -2.5400000325248585e-8,
                1.0
            ],
            "name": "Tail2"
        },
        {
            "children": [
                10
            ],
            "matrix": [
                1.0,
                0.0,
                0.0,
                0.0,
                0.0,
                1.0,
                0.0,
                0.0,
                0.0,
                0.0,
                1.0,
                0.0,
                0.2915869355201721,
                -2.5400000325248585e-8,
                -2.5400000325248585e-8,
                1.0
            ],
            "name": "Tail3"
        },
        {
            "children": [
                18,
                17,
                16,
                15,
                14,
                13,
                12,
                11
            ],
            "matrix": [
                0.9999971985816956,
                0.0,
                0.002360852435231209,
                0.0,
                0.0,
                1.0,
                0.0,
                0.0,
                -0.002360852435231209,
                0.0,
                0.9999971985816956,
                0.0,
                0.0,
                0.0,
                0.0,
                1.0
            ],
            "name": "Jaw"
        },
        {
            "matrix": [
                3.0139557516406509e-10,
                0.0003439919091761112,
                0.9999999403953552,
                0.0,
                -0.0000017523407223052346,
                -0.9999999403953552,
                0.0003439919091761112,
                0.0,
                1.0,
                -0.0000017523407223052346,
                3.0139557516406509e-10,
                0.0,
                -1.0160000130099435e-7,
                0.0,
                0.49263301491737368,
                1.0
            ],
            "name": "UpperJaw"
        },
        {
            "matrix": [
                -0.00001090166551875882,
                -0.7071031332015991,
                0.7071104049682617,
                0.0,
                0.005033798050135374,
                -0.7071015238761902,
                -0.707094132900238,
                0.0,
                0.9999873042106628,
                0.003551742760464549,
                0.003567123087123037,
                0.0,
                8.128000104079547e-7,
                -0.3410559594631195,
                0.3410559594631195,
                1.0
            ],
            "name": "RJawB"
        },
        {
            "matrix": [
                -0.0000029529437597375365,
                -0.7071067094802856,
                -0.7071068286895752,
                0.0,
                -4.881737325490577e-8,
                0.7071068286895752,
                -0.7071067094802856,
                0.0,
                1.0,
                -0.0000020535273961286299,
                -0.00000212256577469816,
                0.0,
                -0.0000011683999900924392,
                -0.3530549108982086,
                -0.3530549108982086,
                1.0
            ],
            "name": "RJawA"
        },
        {
            "matrix": [
                -0.000006899821073602652,
                -1.0,
                0.000003366811824889737,
                0.0,
                0.005032680928707123,
                -0.00000340149381372612,
                -0.9999873638153076,
                0.0,
                0.9999873638153076,
                -0.000006882789875817252,
                0.005032680928707123,
                0.0,
                -5.079999709778349e-7,
                -0.4823282063007355,
                -4.826000008506526e-7,
                1.0
            ],
            "name": "RJaw"
        },
        {
            "matrix": [
                4.4896641959724089e-11,
                0.0,
                -1.0,
                0.0,
                0.0,
                1.0,
                0.0,
                0.0,
                1.0,
                0.0,
                4.4896641959724089e-11,
                0.0,
                -6.857999892417865e-7,
                0.0,
                -0.4992954432964325,
                1.0
            ],
            "name": "LowerJaw"
        },
        {
            "matrix": [
                -0.000001749737521095085,
                0.7071075439453125,
                0.7071059942245483,
                0.0,
                -0.005564031191170216,
                -0.7070950865745544,
                0.7070966362953186,
                0.0,
                0.9999845027923584,
                -0.003933122381567955,
                0.003935605753213167,
                0.0,
                -1.524000055042052e-7,
                0.3410559594631195,
                0.3410559594631195,
                1.0
            ],
            "name": "LJawB"
        },
        {
            "matrix": [
                -0.000002846872121153865,
                0.7071061134338379,
                -0.707107424736023,
                0.0,
                0.000001179211494672927,
                0.707107424736023,
                0.7071061134338379,
                0.0,
                1.0,
                0.000001179211494672927,
                -0.000002846872121153865,
                0.0,
                -7.3659998633957e-7,
                0.3530549108982086,
                -0.3530549108982086,
                1.0
            ],
            "name": "LJawA"
        },
        {
            "matrix": [
                -0.000006899821073602652,
                1.0,
                0.000003366811824889737,
                0.0,
                -0.005032680928707123,
                -0.00000340149381372612,
                0.9999873638153076,
                0.0,
                0.9999873638153076,
                0.000006882789875817252,
                0.005032680928707123,
                0.0,
                -5.0800000650497177e-8,
                0.4823282063007355,
                -7.620000275210259e-8,
                1.0
            ],
            "name": "LJaw"
        },
        {
            "matrix": [
                0.03748666867613793,
                -0.16059137880802158,
                0.9863088726997376,
                0.0,
                0.01773851737380028,
                0.9869540333747864,
                0.16002222895622254,
                0.0,
                -0.999139666557312,
                0.011496955528855324,
                0.039846271276474,
                0.0,
                0.2906979322433472,
                -0.2728315591812134,
                0.4054017663002014,
                1.0
            ],
            "name": "LFeeler"
        },
        {
            "children": [
                21
            ],
            "matrix": [
                0.024427758529782296,
                -0.999692976474762,
                0.00414471747353673,
                0.0,
                0.354601263999939,
                0.004788251128047705,
                -0.9350053668022156,
                0.0,
                0.9346984624862672,
                0.02430980652570725,
                0.3546093702316284,
                0.0,
                0.009465793147683144,
                -0.5500878095626831,
                -0.21812985837459565,
                1.0
            ],
            "name": "LArm"
        },
        {
            "children": [
                22
            ],
            "matrix": [
                0.9805318117141724,
                0.0,
                -0.1963603049516678,
                0.0,
                0.0,
                1.0,
                0.0,
                0.0,
                0.1963603049516678,
                0.0,
                0.9805318117141724,
                0.0,
                0.5054270029067993,
                0.0,
                -2.5400000325248585e-8,
                1.0
            ],
            "name": "LForeArm"
        },
        {
            "matrix": [
                0.9548748135566713,
                1.1701569491151533e-7,
                -0.29700854420661929,
                0.0,
                0.0004129632434342057,
                0.9999990463256836,
                0.001328060170635581,
                0.0,
                0.2970082461833954,
                -0.0013907848624512554,
                0.9548739194869996,
                0.0,
                0.5389803647994995,
                0.0,
                -7.620000275210259e-8,
                1.0
            ],
            "name": "LHand"
        },
        {
            "children": [
                24
            ],
            "matrix": [
                0.949165940284729,
                0.0,
                0.31477612257003786,
                0.0,
                0.0,
                1.0,
                0.0,
                0.0,
                -0.31477612257003786,
                0.0,
                0.949165940284729,
                0.0,
                0.5593206882476807,
                0.0,
                0.0,
                1.0
            ],
            "name": "Head1"
        },
        {
            "children": [
                25
            ],
            "matrix": [
                0.9990130066871644,
                0.0,
                0.044418495148420337,
                0.0,
                0.0,
                1.0,
                0.0,
                0.0,
                -0.044418495148420337,
                0.0,
                0.9990130066871644,
                0.0,
                0.4189679324626923,
                0.0,
                0.0,
                1.0
            ],
            "name": "Head2"
        },
        {
            "children": [
                26
            ],
            "matrix": [
                1.0,
                0.0,
                0.0,
                0.0,
                0.0,
                1.0,
                0.0,
                0.0,
                0.0,
                0.0,
                1.0,
                0.0,
                0.3106039166450501,
                0.0,
                0.0,
                1.0
            ],
            "name": "Hair1"
        },
        {
            "children": [
                27
            ],
            "matrix": [
                1.0,
                0.0,
                0.0,
                0.0,
                0.0,
                1.0,
                0.0,
                0.0,
                0.0,
                0.0,
                1.0,
                0.0,
                0.13198551535606385,
                0.0,
                0.0,
                1.0
            ],
            "name": "Hair2"
        },
        {
            "children": [
                28
            ],
            "matrix": [
                1.0,
                0.0,
                0.0,
                0.0,
                0.0,
                1.0,
                0.0,
                0.0,
                0.0,
                0.0,
                1.0,
                0.0,
                0.17519040405750276,
                0.0,
                0.0,
                1.0
            ],
            "name": "Hair3"
        },
        {
            "children": [
                29
            ],
            "matrix": [
                1.0,
                0.0,
                0.0,
                0.0,
                0.0,
                1.0,
                0.0,
                0.0,
                0.0,
                0.0,
                1.0,
                0.0,
                0.19053402543067933,
                0.0,
                0.0,
                1.0
            ],
            "name": "Hair4"
        },
        {
            "matrix": [
                1.0,
                0.0,
                0.0,
                0.0,
                0.0,
                1.0,
                0.0,
                0.0,
                0.0,
                0.0,
                1.0,
                0.0,
                0.1901959627866745,
                0.0,
                -0.0,
                1.0
            ],
            "name": "Hair5"
        },
        {
            "children": [
                31
            ],
            "matrix": [
                1.0,
                0.0,
                0.0,
                0.0,
                0.0,
                4.4896641959724089e-11,
                1.0,
                0.0,
                0.0,
                -1.0,
                4.4896641959724089e-11,
                0.0,
                0.0,
                0.0,
                0.0,
                1.0
            ],
            "name": "pm0070_00"
        },
        {
            "children": [
                2
            ],
            "name": "Origin"
        }
    ],
    "meshes": [
        {
            "primitives": [
                {
                    "attributes": {
                        "JOINTS_0": 1,
                        "NORMAL": 2,
                        "POSITION": 3,
                        "TEXCOORD_0": 4,
                        "WEIGHTS_0": 5
                    },
                    "indices": 0,
                    "mode": 4,
                    "material": 0
                },
                {
                    "attributes": {
                        "JOINTS_0": 7,
                        "NORMAL": 8,
                        "POSITION": 9,
                        "TEXCOORD_0": 10,
                        "WEIGHTS_0": 11
                    },
                    "indices": 6,
                    "mode": 4,
                    "material": 1
                }
            ],
            "name": "Weepinbell"
        }
    ],
    "skins": [
        {
            "inverseBindMatrices": 12,
            "skeleton": 2,
            "joints": [
                2,
                23,
                24,
                25,
                26,
                27,
                28,
                29,
                20,
                21,
                22,
                19,
                4,
                5,
                6,
                3,
                7,
                8,
                18,
                17,
                16,
                15,
                14,
                13,
                12,
                11
            ],
            "name": "Weepinbell-mesh-skin"
        }
    ],
    "accessors": [
        {
            "bufferView": 0,
            "byteOffset": 0,
            "componentType": 5123,
            "count": 9408,
            "max": [
                1858
            ],
            "min": [
                0
            ],
            "type": "SCALAR"
        },
        {
            "bufferView": 1,
            "byteOffset": 0,
            "componentType": 5123,
            "count": 1859,
            "max": [
                24,
                25,
                25,
                25
            ],
            "min": [
                0,
                0,
                0,
                0
            ],
            "type": "VEC4"
        },
        {
            "bufferView": 2,
            "byteOffset": 0,
            "componentType": 5126,
            "count": 1859,
            "max": [
                1.0,
                0.9997699856758118,
                1.0
            ],
            "min": [
                -1.0,
                -0.9991400241851808,
                -0.9996240139007568
            ],
            "type": "VEC3"
        },
        {
            "bufferView": 2,
            "byteOffset": 22308,
            "componentType": 5126,
            "count": 1859,
            "max": [
                1.9918018579483033,
                0.5479161143302918,
                2.6436574459075929
            ],
            "min": [
                -1.9918018579483033,
                -1.0948771238327029,
                -0.3563188314437866
            ],
            "type": "VEC3"
        },
        {
            "bufferView": 1,
            "byteOffset": 14872,
            "componentType": 5126,
            "count": 1859,
            "max": [
                0.9944999814033508,
                0.994009017944336
            ],
            "min": [
                0.005499999970197678,
                0.006829977035522461
            ],
            "type": "VEC2"
        },
        {
            "bufferView": 3,
            "byteOffset": 0,
            "componentType": 5126,
            "count": 1859,
            "max": [
                1.0,
                0.9900000095367432,
                0.959999978542328,
                0.7599999904632568
            ],
            "min": [
                0.009999999776482582,
                0.0,
                0.0,
                0.0
            ],
            "type": "VEC4"
        },
        {
            "bufferView": 0,
            "byteOffset": 18816,
            "componentType": 5123,
            "count": 576,
            "max": [
                113
            ],
            "min": [
                0
            ],
            "type": "SCALAR"
        },
        {
            "bufferView": 1,
            "byteOffset": 29744,
            "componentType": 5123,
            "count": 114,
            "max": [
                15,
                0,
                0,
                0
            ],
            "min": [
                11,
                0,
                0,
                0
            ],
            "type": "VEC4"
        },
        {
            "bufferView": 2,
            "byteOffset": 44616,
            "componentType": 5126,
            "count": 114,
            "max": [
                0.9763950109481812,
                0.42493799328804018,
                0.984914004802704
            ],
            "min": [
                -0.9763950109481812,
                -0.9881420135498048,
                -0.924925982952118
            ],
            "type": "VEC3"
        },
        {
            "bufferView": 2,
            "byteOffset": 45984,
            "componentType": 5126,
            "count": 114,
            "max": [
                0.458345502614975,
                -0.4747894704341889,
                1.175514578819275
            ],
            "min": [
                -0.458345502614975,
                -0.6816623210906982,
                0.8272449374198914
            ],
            "type": "VEC3"
        },
        {
            "bufferView": 1,
            "byteOffset": 30656,
            "componentType": 5126,
            "count": 114,
            "max": [
                0.4946100115776062,
                -0.755020022392273
            ],
            "min": [
                0.005392999853938818,
                -0.994979977607727
            ],
            "type": "VEC2"
        },
        {
            "bufferView": 3,
            "byteOffset": 29744,
            "componentType": 5126,
            "count": 114,
            "max": [
                1.0,
                0.0,
                0.0,
                0.0
            ],
            "min": [
                1.0,
                0.0,
                0.0,
                0.0
            ],
            "type": "VEC4"
        },
        {
            "bufferView": 4,
            "byteOffset": 0,
            "componentType": 5126,
            "count": 26,
            "max": [
                1.0,
                1.0,
                0.4572409987449646,
                0.0,
                0.6093220114707947,
                0.9999909996986388,
                0.0009369999752379954,
                0.0,
                0.9999979734420776,
                0.7959809899330139,
                0.9997050166130066,
                0.0,
                9.749119758605956,
                21.092500686645509,
                27.867000579833986,
                1.0
            ],
            "min": [
                -1.0,
                -1.0,
                -0.4572480022907257,
                0.0,
                -0.9088780283927918,
                -0.9999909996986388,
                -0.9999979734420776,
                0.0,
                -0.7929229736328125,
                -0.7959809899330139,
                -0.9200379848480224,
                0.0,
                -98.40170288085938,
                -21.092500686645509,
                -42.916500091552737,
                1.0
            ],
            "type": "MAT4"
        }
    ],
    "materials": [
        {
            "pbrMetallicRoughness": {
                "baseColorFactor": [
                    1.0,
                    1.0,
                    1.0,
                    1.0
                ],
                "baseColorTexture": {
                    "index": 0
                },
                "metallicFactor": 0.0
            },
            "name": "Material__64"
        },
        {
            "pbrMetallicRoughness": {
                "baseColorFactor": [
                    1.0,
                    1.0,
                    1.0,
                    1.0
                ],
                "baseColorTexture": {
                    "index": 1
                },
                "metallicFactor": 0.0
            },
            "name": "Material__65"
        }
    ],
    "textures": [
        {
            "sampler": 0,
            "source": 0
        },
        {
            "sampler": 0,
            "source": 1
        }
    ],
    "images": [
        {
            "uri": "pm0070_00_Body1.png"
        },
        {
            "uri": "pm0070_00_Eye1.png"
        }
    ],
    "samplers": [
        {
            "magFilter": 9729,
            "minFilter": 9986,
            "wrapS": 10497,
            "wrapT": 10497
        }
    ],
    "bufferViews": [
        {
            "buffer": 0,
            "byteOffset": 112152,
            "byteLength": 19968,
            "target": 34963
        },
        {
            "buffer": 0,
            "byteOffset": 80584,
            "byteLength": 31568,
            "byteStride": 8,
            "target": 34962
        },
        {
            "buffer": 0,
            "byteOffset": 33232,
            "byteLength": 47352,
            "byteStride": 12,
            "target": 34962
        },
        {
            "buffer": 0,
            "byteOffset": 1664,
            "byteLength": 31568,
            "byteStride": 16,
            "target": 34962
        },
        {
            "buffer": 0,
            "byteOffset": 0,
            "byteLength": 1664
        }
    ],
    "buffers": [
        {
            "byteLength": 132120,
