{
    "asset": {
        "generator": "COLLADA2GLTF",
        "version": "2.0"
    },
    "scenes": [
        {
            "nodes": [
                0
            ]
        }
    ],
    "scene": 0,
    "nodes": [
        {
            "children": [
                29,
                1
            ],
            "matrix": [
                1.0,
                0.0,
                0.0,
                0.0,
                0.0,
                0.0,
                -1.0,
                0.0,
                0.0,
                1.0,
                0.0,
                0.0,
                0.0,
                0.0,
                0.0,
                1.0
            ],
            "name": "Z_UP"
        },
        {
            "mesh": 0,
            "skin": 0,
            "name": "Parasect"
        },
        {
            "children": [
                27,
                25,
                22,
                18,
                14,
                11,
                7,
                3
            ],
            "matrix": [
                -0.000003595222551666666,
                1.0,
                0.0,
                0.0,
                -1.0,
                -0.000003595222551666666,
                0.0,
                0.0,
                0.0,
                0.0,
                1.0,
                0.0,
                0.0,
                0.8461044430732727,
                0.1212763637304306,
                1.0
            ],
            "name": "_03_Waist"
        },
        {
            "children": [
                4
            ],
            "matrix": [
                -0.16265524923801426,
                0.890657365322113,
                -0.42458537220954897,
                0.0,
                -0.09165038168430329,
                0.4148172736167908,
                0.9052771925926209,
                0.0,
                0.9824171662330629,
                0.18616150319576264,
                0.014156883582472802,
                0.0,
                -0.07394389063119888,
                0.5169405341148377,
                -0.4150334298610687,
                1.0
            ],
            "name": "_38_RThigh2"
        },
        {
            "children": [
                5
            ],
            "matrix": [
                0.803314208984375,
                3.223952305120292e-8,
                -0.5955554246902466,
                0.0,
                1.367910726912669e-7,
                1.0,
                2.3864399167905506e-7,
                0.0,
                0.5955554246902466,
                -2.731727875016077e-7,
                0.803314208984375,
                0.0,
                0.47328099608421328,
                -0.0000014291766774476856,
                0.0000014534006140820566,
                1.0
            ],
            "name": "_39_RLeg2"
        },
        {
            "children": [
                6
            ],
            "matrix": [
                0.8058558106422424,
                -0.01361264567822218,
                -0.591955304145813,
                0.0,
                -0.1484832912683487,
                0.9631451964378356,
                -0.2242856472730637,
                0.0,
                0.5731920599937439,
                0.26863735914230349,
                0.7741349339485169,
                0.0,
                0.3591788411140442,
                9.931552540365374e-7,
                -2.906801341850951e-7,
                1.0
            ],
            "name": "_40_RFoot2"
        },
        {
            "matrix": [
                0.7927129864692688,
                0.15286728739738465,
                -0.5901166796684265,
                0.0,
                -0.24734623730182649,
                0.9654365181922912,
                -0.0821717381477356,
                0.0,
                0.5571587681770325,
                0.2111017405986786,
                0.8031252026557922,
                0.0,
                0.3281400501728058,
                4.844669092562981e-7,
                -6.782536843275011e-7,
                1.0
            ],
            "name": "_41_RToe2"
        },
        {
            "children": [
                8
            ],
            "matrix": [
                -0.1918400079011917,
                0.9671013951301576,
                0.16706982254981996,
                0.0,
                -0.08885185420513153,
                -0.1866470128297806,
                0.9784008860588074,
                0.0,
                0.9773958921432496,
                0.17285196483135224,
                0.121735118329525,
                0.0,
                0.02391956746578217,
                0.5112334489822388,
                0.1385960876941681,
                1.0
            ],
            "name": "_33_RThigh"
        },
        {
            "children": [
                9
            ],
            "matrix": [
                0.8380768895149231,
                -4.012464582814346e-9,
                -0.545552134513855,
                0.0,
                1.0436527730917079e-7,
                1.0,
                1.5297102606837146e-7,
                0.0,
                0.545552134513855,
                -1.851381767892235e-7,
                0.8380768895149231,
                0.0,
                0.5694603323936462,
                9.749892342370004e-7,
                -0.0000013565073686550025,
                1.0
            ],
            "name": "_34_RLeg"
        },
        {
            "children": [
                10
            ],
            "matrix": [
                0.37575042247772219,
                -1.8015761327205843e-7,
                -0.926720917224884,
                0.0,
                0.13199792802333833,
                0.9898040890693665,
                0.053519997745752338,
                0.0,
                0.91727215051651,
                -0.14243540167808534,
                0.371919333934784,
                0.0,
                0.44659778475761416,
                -0.0000013141146837369889,
                0.0000011627205367403804,
                1.0
            ],
            "name": "_35_RFoot"
        },
        {
            "matrix": [
                0.7470127940177918,
                -0.0992421954870224,
                -0.6573605537414551,
                0.0,
                0.006532080937176943,
                0.9898430705070496,
                -0.14201438426971436,
                0.0,
                0.6647775769233704,
                0.1017926260828972,
                0.7400736808776856,
                0.0,
                0.36197564005851748,
                7.509230499636033e-7,
                0.0000016471875596835162,
                1.0
            ],
            "name": "_36_RToe"
        },
        {
            "children": [
                12
            ],
            "matrix": [
                -0.3425485491752625,
                0.8520005345344544,
                0.3959237635135651,
                0.0,
                0.2100862413644791,
                -0.34128323197364809,
                0.9161820411682128,
                0.0,
                0.915709674358368,
                0.3970149755477905,
                -0.06208750605583191,
                0.0,
                0.08674150705337525,
                0.450888067483902,
                0.4310634136199951,
                1.0
            ],
            "name": "_27_RArm"
        },
        {
            "children": [
                13
            ],
            "matrix": [
                0.317315012216568,
                1.1483264117373439e-8,
                -0.948320209980011,
                0.0,
                -9.033934702529224e-7,
                1.0,
                -2.901731477322756e-7,
                0.0,
                0.948320209980011,
                9.487825423093454e-7,
                0.317315012216568,
                0.0,
                0.5419140458106995,
                -9.689338043017418e-8,
                -7.751470434413932e-7,
                1.0
            ],
            "name": "_28_RForeArm"
        },
        {
            "matrix": [
                0.9243693947792052,
                -0.11422746628522872,
                -0.3639963269233704,
                0.0,
                0.05936582759022713,
                0.9855684041976928,
                -0.15852639079093934,
                0.0,
                0.376851350069046,
                0.12492800503969193,
                0.9178104400634766,
                0.0,
                0.4152493476867676,
                -0.02322498708963394,
                0.03037809394299984,
                1.0
            ],
            "name": "_29_RFinger"
        },
        {
            "children": [
                15
            ],
            "matrix": [
                -0.1626553386449814,
                -0.8906572461128235,
                -0.4245856106281281,
                0.0,
                0.09165029972791672,
                0.4148175418376923,
                -0.905277132987976,
                0.0,
                0.9824171662330629,
                -0.18616154789924625,
                0.01415671780705452,
                0.0,
                -0.07394292950630188,
                -0.5169408321380615,
                -0.41503092646598818,
                1.0
            ],
            "name": "_22_LThigh2"
        },
        {
            "children": [
                16
            ],
            "matrix": [
                0.803314208984375,
                4.6052399227392019e-8,
                -0.5955554246902466,
                0.0,
                -6.623326953558717e-8,
                1.0,
                -1.201185195753851e-8,
                0.0,
                0.5955554246902466,
                4.9094872167643198e-8,
                0.803314208984375,
                0.0,
                0.4732832610607147,
                -8.478163948666406e-8,
                -9.689338043017418e-8,
                1.0
            ],
            "name": "_23_LLeg2"
        },
        {
            "children": [
                17
            ],
            "matrix": [
                0.8058555722236633,
                0.01361287757754326,
                -0.5919556617736816,
                0.0,
                0.148483082652092,
                0.9631452560424804,
                0.2242855429649353,
                0.0,
                0.5731924176216126,
                -0.2686371505260468,
                0.7741346955299377,
                0.0,
                0.3591788411140442,
                7.266990564858135e-8,
                9.689338043017418e-8,
                1.0
            ],
            "name": "_24_LFoot2"
        },
        {
            "matrix": [
                0.7927131056785584,
                -0.15286727249622346,
                -0.590116560459137,
                0.0,
                0.24734604358673097,
                0.965436577796936,
                0.08217155933380127,
                0.0,
                0.5571587681770325,
                -0.2111014723777771,
                0.8031253218650818,
                0.0,
                0.3281400501728058,
                0.0,
                -1.9378650506496346e-7,
                1.0
            ],
            "name": "_25_LToe2"
        },
        {
            "children": [
                19
            ],
            "matrix": [
                -0.19183985888957978,
                -0.9671014547348024,
                0.16706965863704682,
                0.0,
                0.08885202556848526,
                -0.18664686381816865,
                -0.9784008860588074,
                0.0,
                0.9773959517478944,
                -0.1728518009185791,
                0.12173523008823396,
                0.0,
                0.023918790742754937,
                -0.5112331509590149,
                0.13859711587429048,
                1.0
            ],
            "name": "_17_LThigh"
        },
        {
            "children": [
                20
            ],
            "matrix": [
                0.8380765318870544,
                3.385891123031115e-9,
                -0.545552670955658,
                0.0,
                -8.276497709402975e-9,
                1.0,
                -6.507983041359466e-9,
                0.0,
                0.545552670955658,
                9.969452818836544e-9,
                0.8380765318870544,
                0.0,
                0.5694606304168701,
                4.239081974333203e-8,
                1.9378650506496346e-7,
                1.0
            ],
            "name": "_18_LLeg"
        },
        {
            "children": [
                21
            ],
            "matrix": [
                0.375749945640564,
                2.1582360787419934e-8,
                -0.9267210960388184,
                0.0,
                -0.1319970041513443,
                0.9898042678833008,
                -0.05351971089839935,
                0.0,
                0.917272448539734,
                0.14243443310260774,
                0.3719189167022705,
                0.0,
                0.4466005563735962,
                4.844669021508708e-8,
                0.0,
                1.0
            ],
            "name": "_19_LFoot"
        },
        {
            "matrix": [
                0.7470124363899231,
                0.09924160689115524,
                -0.6573609709739685,
                0.0,
                -0.006531987804919481,
                0.9898431897163392,
                0.1420135200023651,
                0.0,
                0.664777934551239,
                -0.10179200023412705,
                0.7400734424591065,
                0.0,
                0.3619754016399384,
                -2.422331846219095e-8,
                5.813602683701902e-7,
                1.0
            ],
            "name": "_20_LToe"
        },
        {
            "children": [
                23
            ],
            "matrix": [
                -0.342548131942749,
                -0.8520013093948364,
                0.39592245221138,
                0.0,
                -0.21008437871932984,
                -0.3412826657295227,
                -0.9161826968193054,
                0.0,
                0.9157102704048156,
                -0.397013783454895,
                -0.062086429446935657,
                0.0,
                0.0867425724864006,
                -0.4508878290653229,
                0.4310634136199951,
                1.0
            ],
            "name": "_11_LArm"
        },
        {
            "children": [
                24
            ],
            "matrix": [
                0.31731513142585757,
                1.975758578964815e-8,
                -0.9483201503753662,
                0.0,
                -8.967919029601035e-7,
                1.0,
                -2.792390887407237e-7,
                0.0,
                0.9483201503753662,
                9.390526543029408e-7,
                0.31731513142585757,
                0.0,
                0.54191654920578,
                4.844669021508708e-8,
                0.0,
                1.0
            ],
            "name": "_12_LForeArm"
        },
        {
            "matrix": [
                0.9243691563606262,
                0.11422709375619888,
                -0.3639971017837525,
                0.0,
                -0.05936544761061669,
                0.9855684638023377,
                0.1585260778665543,
                0.0,
                0.37685203552246096,
                -0.12492776662111284,
                0.9178102016448976,
                0.0,
                0.4152493476867676,
                0.02322479523718357,
                0.030378196388483049,
                1.0
            ],
            "name": "_13_LFinger"
        },
        {
            "children": [
                26
            ],
            "matrix": [
                -0.18678252398967744,
                1.4821151239630129e-7,
                0.9824013113975524,
                0.0,
                -0.0000023134302864491475,
                -1.0,
                -2.889825623242359e-7,
                0.0,
                0.9824013113975524,
                -0.0000023266936750587776,
                0.18678252398967744,
                0.0,
                0.05493946373462677,
                0.0,
                0.5639079213142395,
                1.0
            ],
            "name": "_08_Head"
        },
        {
            "matrix": [
                0.9128518104553224,
                1.593137284316981e-7,
                -0.4082910716533661,
                0.0,
                -6.890302728379538e-8,
                1.0,
                2.3614394706328316e-7,
                0.0,
                0.4082910716533661,
                -1.8743193663794958e-7,
                0.9128518104553224,
                0.0,
                0.1055893525481224,
                1.8480938892943836e-13,
                -9.689338043017418e-8,
                1.0
            ],
            "name": "_09_Jaw"
        },
        {
            "children": [
                28
            ],
            "matrix": [
                0.9468202590942384,
                7.545318680968195e-8,
                -0.3217630386352539,
                0.0,
                -7.589319750422875e-8,
                1.0,
                1.1175830039178436e-8,
                0.0,
                0.3217630386352539,
                1.3838123535947489e-8,
                0.9468202590942384,
                0.0,
                0.18221929669380189,
                -0.0034357307013124229,
                -0.07974684983491898,
                1.0
            ],
            "name": "_05_Feeler1"
        },
        {
            "matrix": [
                0.9895402789115906,
                -6.723588293110552e-14,
                0.14425696432590486,
                0.0,
                -1.1262352828111944e-8,
                1.0,
                7.725532213953558e-8,
                0.0,
                -0.14425696432590486,
                -7.807192758946259e-8,
                0.9895402789115906,
                0.0,
                0.6281676292419434,
                0.0,
                0.0,
                1.0
            ],
            "name": "_06_Feeler2"
        },
        {
            "children": [
                30
            ],
            "matrix": [
                1.0,
                -0.0,
                0.0,
                0.0,
                0.0,
                4.4896641959724089e-11,
                1.0,
                0.0,
                -0.0,
                -1.0,
                4.4896641959724089e-11,
                0.0,
                0.0,
                0.0,
                0.0,
                1.0
            ],
            "name": "_01_pm0047_00"
        },
        {
            "children": [
                2
            ],
            "name": "_02_Origin"
        }
    ],
    "meshes": [
        {
            "primitives": [
                {
                    "attributes": {
                        "COLOR_0": 1,
                        "JOINTS_0": 2,
                        "NORMAL": 3,
                        "POSITION": 4,
                        "TEXCOORD_0": 5,
                        "WEIGHTS_0": 6
                    },
                    "indices": 0,
                    "mode": 4,
                    "material": 0
                },
                {
                    "attributes": {
                        "COLOR_0": 8,
                        "JOINTS_0": 9,
                        "NORMAL": 10,
                        "POSITION": 11,
                        "TEXCOORD_0": 12,
                        "WEIGHTS_0": 13
                    },
                    "indices": 7,
                    "mode": 4,
                    "material": 1
                },
                {
                    "attributes": {
                        "COLOR_0": 15,
                        "JOINTS_0": 16,
                        "NORMAL": 17,
                        "POSITION": 18,
                        "TEXCOORD_0": 19,
                        "WEIGHTS_0": 20
                    },
                    "indices": 14,
                    "mode": 4,
                    "material": 2
                }
            ],
            "name": "Parasect"
        }
    ],
    "skins": [
        {
            "inverseBindMatrices": 21,
            "skeleton": 2,
            "joints": [
                8,
                9,
                10,
                7,
                2,
                27,
                22,
                19,
                20,
                21,
                18,
                11,
                28,
                25,
                26,
                3,
                4,
                5,
                6,
                14,
                15,
                16,
                17,
                12,
                13,
                23,
                24
            ],
            "name": "geom-Parasect-skin1"
        }
    ],
    "accessors": [
        {
            "bufferView": 0,
            "byteOffset": 0,
            "componentType": 5123,
            "count": 4608,
            "max": [
                1076
            ],
            "min": [
                0
            ],
            "type": "SCALAR"
        },
        {
            "bufferView": 1,
            "byteOffset": 0,
            "componentType": 5126,
            "count": 1077,
            "max": [
                1.0,
                1.0,
                1.0
            ],
            "min": [
                1.0,
                1.0,
                1.0
            ],
            "type": "VEC3"
        },
        {
            "bufferView": 2,
            "byteOffset": 0,
            "componentType": 5123,
            "count": 1077,
            "max": [
                11,
                11,
                10,
                0
            ],
            "min": [
                0,
                0,
                0,
                0
            ],
            "type": "VEC4"
        },
        {
            "bufferView": 1,
            "byteOffset": 12924,
            "componentType": 5126,
            "count": 1077,
            "max": [
                0.9999191164970398,
                0.9959375262260436,
                0.9999675154685974
            ],
            "min": [
                -0.9999191164970398,
                -0.9998760223388672,
                -0.9987189173698424
            ],
            "type": "VEC3"
        },
        {
            "bufferView": 1,
            "byteOffset": 25848,
            "componentType": 5126,
            "count": 1077,
            "max": [
                1.4469008445739749,
                1.127632975578308,
                0.8616950511932373
            ],
            "min": [
                -1.4469008445739749,
                0.004480788484215736,
                -0.7803896069526672
            ],
            "type": "VEC3"
        },
        {
            "bufferView": 2,
            "byteOffset": 8616,
            "componentType": 5126,
            "count": 1077,
            "max": [
                0.99757581949234,
                0.9921875596046448
            ],
            "min": [
                0.0,
                0.01014798879623413
            ],
            "type": "VEC2"
        },
        {
            "bufferView": 3,
            "byteOffset": 0,
            "componentType": 5126,
            "count": 1077,
            "max": [
                1.0,
                0.9900000095367432,
                0.04999999701976776,
                0.0
            ],
            "min": [
                0.009999999776482582,
                0.0,
                0.0,
                0.0
            ],
            "type": "VEC4"
        },
        {
            "bufferView": 0,
            "byteOffset": 9216,
            "componentType": 5123,
            "count": 1764,
            "max": [
                359
            ],
            "min": [
                0
            ],
            "type": "SCALAR"
        },
        {
            "bufferView": 1,
            "byteOffset": 38772,
            "componentType": 5126,
            "count": 360,
            "max": [
                1.0,
                1.0,
                1.0
            ],
            "min": [
                1.0,
                1.0,
                1.0
            ],
            "type": "VEC3"
        },
        {
            "bufferView": 2,
            "byteOffset": 17232,
            "componentType": 5123,
            "count": 360,
            "max": [
                5,
                12,
                12,
                0
            ],
            "min": [
                4,
                5,
                0,
                0
            ],
            "type": "VEC4"
        },
        {
            "bufferView": 1,
            "byteOffset": 43092,
            "componentType": 5126,
            "count": 360,
            "max": [
                0.992072582244873,
                0.9998748898506165,
                0.9937766194343568
            ],
            "min": [
                -0.992072582244873,
                -0.9972419142723084,
                -0.9866688847541808
            ],
            "type": "VEC3"
        },
        {
            "bufferView": 1,
            "byteOffset": 47412,
            "componentType": 5126,
            "count": 360,
            "max": [
                1.256489634513855,
                2.598902702331543,
                1.2551181316375733
            ],
            "min": [
                -1.256489634513855,
                0.6946365833282471,
                -1.3012775182724
            ],
            "type": "VEC3"
        },
        {
            "bufferView": 2,
            "byteOffset": 20112,
            "componentType": 5126,
            "count": 360,
            "max": [
                0.9804689884185792,
                -0.007809996604919434
            ],
            "min": [
                0.01953130029141903,
                -0.9921900033950806
            ],
            "type": "VEC2"
        },
        {
            "bufferView": 3,
            "byteOffset": 17232,
            "componentType": 5126,
            "count": 360,
            "max": [
                0.9700000286102296,
                0.8899999856948853,
                0.019999999552965165,
                0.0
            ],
            "min": [
                0.10999999940395357,
                0.030000001192092897,
                0.0,
                0.0
            ],
            "type": "VEC4"
        },
        {
            "bufferView": 0,
            "byteOffset": 12744,
            "componentType": 5123,
            "count": 8568,
            "max": [
                1805
            ],
            "min": [
                0
            ],
            "type": "SCALAR"
        },
        {
            "bufferView": 1,
            "byteOffset": 51732,
            "componentType": 5126,
            "count": 1806,
            "max": [
                1.0,
                1.0,
                1.0
            ],
            "min": [
                1.0,
                1.0,
                1.0
            ],
            "type": "VEC3"
        },
        {
            "bufferView": 2,
            "byteOffset": 22992,
            "componentType": 5123,
            "count": 1806,
            "max": [
                26,
                26,
                22,
                0
            ],
            "min": [
                4,
                0,
                0,
                0
            ],
            "type": "VEC4"
        },
        {
            "bufferView": 1,
            "byteOffset": 73404,
            "componentType": 5126,
            "count": 1806,
            "max": [
                1.0,
                0.998994529247284,
                0.999743640422821
            ],
            "min": [
                -1.0,
                -0.9973987340927124,
                -0.999434530735016
            ],
            "type": "VEC3"
        },
        {
            "bufferView": 1,
            "byteOffset": 95076,
            "componentType": 5126,
            "count": 1806,
            "max": [
                1.4385416507720948,
                1.1809808015823365,
                1.3738071918487549
            ],
            "min": [
                -1.438541889190674,
                -0.5259859561920166,
                -0.7038543224334717
            ],
            "type": "VEC3"
        },
        {
            "bufferView": 2,
            "byteOffset": 37440,
            "componentType": 5126,
            "count": 1806,
            "max": [
                0.9975839257240297,
                0.9921875
            ],
            "min": [
                0.0,
                0.007812023162841797
            ],
            "type": "VEC2"
        },
        {
            "bufferView": 3,
            "byteOffset": 22992,
            "componentType": 5126,
            "count": 1806,
            "max": [
                1.0,
                0.9800000190734864,
                0.12999999523162845,
                0.0
            ],
            "min": [
                0.020000001415610318,
                0.0,
                0.0,
                0.0
            ],
            "type": "VEC4"
        },
        {
            "bufferView": 4,
            "byteOffset": 0,
            "componentType": 5126,
            "count": 27,
            "max": [
                0.9671019911766052,
                1.0,
                0.9843894839286804,
                0.0,
                1.0,
                0.210086852312088,
                0.9824179410934448,
                0.0,
                0.982401430606842,
                0.9933654069900512,
                1.0,
                0.0,
                47.87295913696289,
                23.340620040893556,
                -4.774660110473633,
                1.0
            ],
            "min": [
                -0.9671003818511964,
                -1.0,
                -0.9843899607658386,
                0.0,
                -0.985364019870758,
                -0.2100842446088791,
                -0.8929972052574158,
                0.0,
                -0.42458540201187136,
                -0.9933652877807616,
                -0.2414922267198563,
                0.0,
                -63.98548889160156,
                -23.34056854248047,
                -52.2153205871582,
                1.0
            ],
            "type": "MAT4"
        }
    ],
    "materials": [
        {
            "pbrMetallicRoughness": {
                "baseColorFactor": [
                    1.0,
                    1.0,
                    1.0,
                    1.0
                ],
                "baseColorTexture": {
                    "index": 0
                },
                "metallicFactor": 0.0
            },
            "emissiveFactor": [
                0.0,
                0.0,
                0.0
            ],
            "occlusionTexture": {
                "index": 0
            },
            "name": "BodyASpc00"
        },
        {
            "pbrMetallicRoughness": {
                "baseColorFactor": [
                    1.0,
                    1.0,
                    1.0,
                    1.0
                ],
                "baseColorTexture": {
                    "index": 1
                },
                "metallicFactor": 0.0
            },
            "emissiveFactor": [
                0.0,
                0.0,
                0.0
            ],
            "occlusionTexture": {
                "index": 1
            },
            "name": "BodyB"
        },
        {
            "pbrMetallicRoughness": {
                "baseColorFactor": [
                    1.0,
                    1.0,
                    1.0,
                    1.0
                ],
                "baseColorTexture": {
                    "index": 2
                },
                "metallicFactor": 0.0
            },
            "emissiveFactor": [
                0.0,
                0.0,
                0.0
            ],
            "occlusionTexture": {
                "index": 2
            },
            "name": "BodyAVcoSpc01"
        }
    ],
    "textures": [
        {
            "sampler": 0,
            "source": 0
        },
        {
            "sampler": 0,
            "source": 1
        },
        {
            "sampler": 0,
            "source": 0
        }
    ],
    "images": [
        {
            "uri": "pm0047_00_BodyA1.png"
        },
        {
            "uri": "pm0047_00_BodyB1.png"
        }
    ],
    "samplers": [
        {
            "magFilter": 9729,
            "minFilter": 9986,
            "wrapS": 10497,
            "wrapT": 10497
        }
    ],
    "bufferViews": [
        {
            "buffer": 0,
            "byteOffset": 222252,
            "byteLength": 29880,
            "target": 34963
        },
        {
            "buffer": 0,
            "byteOffset": 53616,
            "byteLength": 116748,
            "byteStride": 12,
            "target": 34962
        },
        {
            "buffer": 0,
            "byteOffset": 170364,
            "byteLength": 51888,
            "byteStride": 8,
            "target": 34962
        },
        {
            "buffer": 0,
            "byteOffset": 1728,
            "byteLength": 51888,
            "byteStride": 16,
            "target": 34962
        },
        {
            "buffer": 0,
            "byteOffset": 0,
            "byteLength": 1728
        }
    ],
    "buffers": [
        {
            "byteLength": 252132,
            "uri": "Parasect0.bin"
        }
    ]
}
