{
    "asset": {
        "generator": "COLLADA2GLTF",
        "version": "2.0"
    },
    "scenes": [
        {
            "nodes": [
                0
            ]
        }
    ],
    "scene": 0,
    "nodes": [
        {
            "children": [
                17,
                1
            ],
            "matrix": [
                1.0,
                0.0,
                0.0,
                0.0,
                0.0,
                0.0,
                -1.0,
                0.0,
                0.0,
                1.0,
                0.0,
                0.0,
                0.0,
                0.0,
                0.0,
                1.0
            ],
            "name": "Z_UP"
        },
        {
            "mesh": 0,
            "skin": 0,
            "name": "Slowbro"
        },
        {
            "children": [
                13,
                8,
                3
            ],
            "matrix": [
                -0.975507378578186,
                -8.924167654855708e-11,
                0.2199666053056717,
                0.0,
                8.924167654855708e-11,
                -1.0,
                -9.936783167130426e-12,
                0.0,
                0.2199666053056717,
                9.936783167130426e-12,
                0.975507378578186,
                0.0,
                0.0,
                0.0,
                2.5400000325248585e-8,
                1.0
            ],
            "name": "Hips"
        },
        {
            "children": [
                4
            ],
            "matrix": [
                0.8798621296882629,
                0.47222790122032168,
                -0.05332436785101891,
                0.0,
                -0.4746685922145844,
                0.8678263425827026,
                -0.1468576341867447,
                0.0,
                -0.02307397685945034,
                0.15452586114406589,
                0.9877192378044128,
                0.0,
                0.436077356338501,
                0.8908618092536926,
                -0.08284667134284973,
                1.0
            ],
            "name": "LHips"
        },
        {
            "children": [
                5
            ],
            "matrix": [
                0.7513887286186218,
                -0.5952682495117188,
                0.2847290635108948,
                0.0,
                0.634272038936615,
                0.7705492377281189,
                -0.06287161260843277,
                0.0,
                -0.18197228014469148,
                0.2278367131948471,
                0.956544041633606,
                0.0,
                0.30623000860214236,
                -7.620000275210259e-8,
                -7.620000275210259e-8,
                1.0
            ],
            "name": "LThigh"
        },
        {
            "children": [
                6
            ],
            "matrix": [
                0.7515727281570435,
                -6.596501975764113e-7,
                -0.6596502065658569,
                0.0,
                6.596501975764113e-7,
                1.0,
                -2.4842725565576986e-7,
                0.0,
                0.6596502065658569,
                -2.4842725565576986e-7,
                0.7515727281570435,
                0.0,
                0.4350740611553192,
                -2.5400000325248585e-8,
                0.0,
                1.0
            ],
            "name": "LLeg"
        },
        {
            "children": [
                7
            ],
            "matrix": [
                -0.3851859867572785,
                0.000001386007284054358,
                0.9228389859199524,
                0.0,
                -0.16091880202293397,
                0.9846794605255128,
                -0.06716776639223099,
                0.0,
                -0.9087006449699402,
                -0.17437422275543214,
                -0.37928450107574465,
                0.0,
                0.411472350358963,
                7.620000275210259e-8,
                1.2699999274445873e-7,
                1.0
            ],
            "name": "LFoot"
        },
        {
            "matrix": [
                1.0,
                0.0,
                0.0,
                0.0,
                0.0,
                1.0,
                0.0,
                0.0,
                0.0,
                0.0,
                1.0,
                0.0,
                0.3905859589576721,
                2.5400000325248585e-8,
                -0.11530405282974245,
                1.0
            ],
            "name": "LToe"
        },
        {
            "children": [
                9
            ],
            "matrix": [
                0.8798621296882629,
                -0.47222790122032168,
                -0.05332436785101891,
                0.0,
                0.4746685922145844,
                0.8678263425827026,
                0.1468576341867447,
                0.0,
                -0.02307397685945034,
                -0.15452586114406589,
                0.9877192378044128,
                0.0,
                0.436077356338501,
                -0.8908618092536926,
                -0.08284667134284973,
                1.0
            ],
            "name": "RHips"
        },
        {
            "children": [
                10
            ],
            "matrix": [
                0.7513888478279114,
                0.5952680706977844,
                0.2847292423248291,
                0.0,
                -0.6342719793319702,
                0.7705492377281189,
                0.06287229061126709,
                0.0,
                -0.18197201192379,
                -0.22783732414245609,
                0.9565439820289612,
                0.0,
                0.30623000860214236,
                3.8099997823337619e-7,
                -2.5400000325248585e-8,
                1.0
            ],
            "name": "RThigh"
        },
        {
            "children": [
                11
            ],
            "matrix": [
                0.7515727281570435,
                0.0,
                -0.6596502065658569,
                0.0,
                0.0,
                1.0,
                0.0,
                0.0,
                0.6596502065658569,
                0.0,
                0.7515727281570435,
                0.0,
                0.4350740611553192,
                -0.0000020319998839113397,
                7.620000275210259e-8,
                1.0
            ],
            "name": "RLeg"
        },
        {
            "children": [
                12
            ],
            "matrix": [
                -0.3851856589317322,
                4.433320270891272e-7,
                0.922839105129242,
                0.0,
                0.1609224379062653,
                0.9846789240837096,
                0.067167267203331,
                0.0,
                -0.908700168132782,
                0.17437738180160526,
                -0.3792842626571655,
                0.0,
                0.411472350358963,
                0.0000014478000593953766,
                8.38199980535137e-7,
                1.0
            ],
            "name": "RFoot"
        },
        {
            "matrix": [
                1.0,
                0.0,
                0.0,
                0.0,
                0.0,
                1.0,
                0.0,
                0.0,
                0.0,
                0.0,
                1.0,
                0.0,
                0.3905859589576721,
                -0.000001244599957317405,
                -0.11530379951000214,
                1.0
            ],
            "name": "RToe"
        },
        {
            "children": [
                14
            ],
            "matrix": [
                -0.19383972883224488,
                -6.937474206214489e-11,
                -0.981033205986023,
                0.0,
                6.937474206214489e-11,
                -1.0,
                5.7008429227289877e-11,
                0.0,
                -0.981033205986023,
                -5.7008429227289877e-11,
                0.19383972883224488,
                0.0,
                0.8761805891990662,
                2.5400000325248585e-8,
                -0.7632572650909424,
                1.0
            ],
            "name": "Tail1"
        },
        {
            "children": [
                15
            ],
            "matrix": [
                0.9858129620552064,
                7.093525056234286e-8,
                0.1678476333618164,
                0.0,
                7.093525056234286e-8,
                1.0,
                -8.392381687372108e-7,
                0.0,
                -0.1678476333618164,
                8.392381687372108e-7,
                0.9858129620552064,
                0.0,
                0.9518929719924928,
                0.0,
                -2.2860000115088042e-7,
                1.0
            ],
            "name": "Tail2"
        },
        {
            "children": [
                16
            ],
            "matrix": [
                -0.3887219727039337,
                -0.0000018560888292995517,
                0.921355128288269,
                0.0,
                -0.000003698798991536023,
                1.0,
                4.5398823544928759e-7,
                0.0,
                -0.921355128288269,
                -0.000003231432174288784,
                -0.3887219727039337,
                0.0,
                0.8791499137878418,
                2.5400000325248585e-8,
                1.2699999274445873e-7,
                1.0
            ],
            "name": "FeelerA"
        },
        {
            "matrix": [
                0.2531028985977173,
                0.0,
                0.967439353466034,
                0.0,
                0.0,
                1.0,
                0.0,
                0.0,
                -0.967439353466034,
                0.0,
                0.2531028985977173,
                0.0,
                -0.3646576404571533,
                0.0,
                0.07941386103630066,
                1.0
            ],
            "name": "FeelerB"
        },
        {
            "children": [
                18
            ],
            "matrix": [
                1.0,
                0.0,
                0.0,
                0.0,
                0.0,
                4.4896641959724089e-11,
                1.0,
                0.0,
                0.0,
                -1.0,
                4.4896641959724089e-11,
                0.0,
                0.0,
                0.0,
                0.0,
                1.0
            ],
            "name": "pm0080_00"
        },
        {
            "children": [
                19
            ],
            "name": "Origin"
        },
        {
            "children": [
                2,
                20
            ],
            "matrix": [
                -0.000003882361852447502,
                0.9755075573921204,
                0.2199659049510956,
                0.0,
                -1.0,
                -0.000003882361852447502,
                -4.322874929130194e-7,
                0.0,
                4.322874929130194e-7,
                -0.2199659049510956,
                0.9755075573921204,
                0.0,
                0.0,
                1.718988060951233,
                0.431479960680008,
                1.0
            ],
            "name": "Waist"
        },
        {
            "children": [
                32,
                25,
                21
            ],
            "matrix": [
                1.0,
                0.0,
                0.0,
                0.0,
                0.0,
                1.0,
                0.0,
                0.0,
                0.0,
                0.0,
                1.0,
                0.0,
                0.0,
                0.0,
                2.5400000325248585e-8,
                1.0
            ],
            "name": "Spine"
        },
        {
            "children": [
                24,
                23,
                22
            ],
            "matrix": [
                0.9791895151138306,
                0.0,
                0.2029479444026947,
                0.0,
                0.0,
                1.0,
                0.0,
                0.0,
                -0.2029479444026947,
                0.0,
                0.9791895151138306,
                0.0,
                0.9049232602119446,
                5.0800000650497177e-8,
                -2.5400000325248585e-8,
                1.0
            ],
            "name": "Head"
        },
        {
            "matrix": [
                0.6225453019142151,
                0.7568686604499817,
                -0.19896526634693149,
                0.0,
                -0.7304502129554749,
                0.6532222032546997,
                0.1993570774793625,
                0.0,
                0.280855655670166,
                0.021225417032837869,
                0.9595152735710144,
                0.0,
                0.8078368306159973,
                0.5377637147903442,
                -0.05350814759731293,
                1.0
            ],
            "name": "REar"
        },
        {
            "matrix": [
                0.6225453019142151,
                -0.7568686604499817,
                -0.19896526634693149,
                0.0,
                0.7304502129554749,
                0.6532222032546997,
                -0.1993570774793625,
                0.0,
                0.280855655670166,
                -0.021225417032837869,
                0.9595152735710144,
                0.0,
                0.8078368306159973,
                -0.5377637147903442,
                -0.05350916087627411,
                1.0
            ],
            "name": "LEar"
        },
        {
            "matrix": [
                -0.2652701139450073,
                0.0,
                0.9641741514205932,
                0.0,
                0.0,
                1.0,
                0.0,
                0.0,
                -0.9641741514205932,
                0.0,
                -0.2652701139450073,
                0.0,
                0.4555337727069855,
                -2.5400000325248585e-8,
                0.23821033537387849,
                1.0
            ],
            "name": "Jaw"
        },
        {
            "children": [
                26
            ],
            "matrix": [
                -0.22991909086704258,
                -0.7984171509742737,
                0.5564776062965393,
                0.0,
                0.808326780796051,
                0.161766916513443,
                0.5660735368728638,
                0.0,
                -0.5419824719429016,
                0.5799668431282044,
                0.6081886887550354,
                0.0,
                0.565767228603363,
                -0.28990036249160769,
                0.07753502577543259,
                1.0
            ],
            "name": "LShoulder"
        },
        {
            "children": [
                27
            ],
            "matrix": [
                0.99299293756485,
                0.09450295567512512,
                -0.07095234841108322,
                0.0,
                -0.09421738982200624,
                0.9955244064331056,
                0.0073682707734406,
                0.0,
                0.07133111357688904,
                -0.0006316953804343939,
                0.9974524974822998,
                0.0,
                0.38888925313949587,
                1.7780000405309696e-7,
                4.826000008506526e-7,
                1.0
            ],
            "name": "LArm"
        },
        {
            "children": [
                28
            ],
            "matrix": [
                1.0,
                0.0,
                0.0,
                0.0,
                0.0,
                1.0,
                0.0,
                0.0,
                0.0,
                0.0,
                1.0,
                0.0,
                0.5341975688934326,
                -3.8099997823337619e-7,
                0.0,
                1.0
            ],
            "name": "LForeArm"
        },
        {
            "children": [
                31,
                30,
                29
            ],
            "matrix": [
                1.0,
                0.0,
                0.0,
                0.0,
                0.0,
                1.0,
                0.0,
                0.0,
                0.0,
                0.0,
                1.0,
                0.0,
                0.3810482621192932,
                0.0,
                0.0,
                1.0
            ],
            "name": "LHand"
        },
        {
            "matrix": [
                0.9533808827400208,
                -0.29970407485961916,
                0.03524760901927948,
                0.0,
                0.3006156086921692,
                0.9534394145011902,
                -0.02415759302675724,
                0.0,
                -0.026366328820586209,
                0.03362736850976944,
                0.999086618423462,
                0.0,
                0.1830318868160248,
                -0.09573564678430556,
                0.018748857080936433,
                1.0
            ],
            "name": "LFingerC"
        },
        {
            "matrix": [
                0.998052716255188,
                -0.03536191955208779,
                0.05138419196009636,
                0.0,
                0.03619801998138428,
                0.9992254376411438,
                -0.015432817861437798,
                0.0,
                -0.05079865828156471,
                0.017262771725654607,
                0.9985597133636476,
                0.0,
                0.2152484804391861,
                -0.004472787491977215,
                0.01539189089089632,
                1.0
            ],
            "name": "LFingerB"
        },
        {
            "matrix": [
                0.9668135046958925,
                0.2522652745246887,
                0.04042194411158562,
                0.0,
                -0.2512674927711487,
                0.967507004737854,
                -0.02819334715604782,
                0.0,
                -0.04622071608901024,
                0.017100989818573,
                0.998784840106964,
                0.0,
                0.19569937884807588,
                0.08867470175027847,
                0.012094616889953614,
                1.0
            ],
            "name": "LFingerA"
        },
        {
            "children": [
                33
            ],
            "matrix": [
                -0.22991907596588136,
                0.7984169125556946,
                0.5564779043197632,
                0.0,
                -0.8083279728889465,
                0.1617659479379654,
                -0.5660721659660339,
                0.0,
                -0.5419807434082031,
                -0.5799674391746521,
                0.608189582824707,
                0.0,
                0.565767228603363,
                0.28990036249160769,
                0.07753603905439377,
                1.0
            ],
            "name": "RShoulder"
        },
        {
            "children": [
                34
            ],
            "matrix": [
                0.99299293756485,
                -0.09450282156467438,
                -0.07095222920179367,
                0.0,
                0.09421724081039428,
                0.9955244064331056,
                -0.007368490565568209,
                0.0,
                0.07133101671934128,
                0.0006319361855275929,
                0.9974524974822998,
                0.0,
                0.38888925313949587,
                5.588000249190372e-7,
                -3.8099997823337619e-7,
                1.0
            ],
            "name": "RArm"
        },
        {
            "children": [
                35
            ],
            "matrix": [
                1.0,
                0.0,
                0.0,
                0.0,
                0.0,
                1.0,
                0.0,
                0.0,
                0.0,
                0.0,
                1.0,
                0.0,
                0.5341975688934326,
                -9.652000017013052e-7,
                2.794000124595186e-7,
                1.0
            ],
            "name": "RForeArm"
        },
        {
            "children": [
                38,
                37,
                36
            ],
            "matrix": [
                1.0,
                0.0,
                0.0,
                0.0,
                0.0,
                1.0,
                0.0,
                0.0,
                0.0,
                0.0,
                1.0,
                0.0,
                0.3810482621192932,
                0.0000017272000150114764,
                -8.636000075057382e-7,
                1.0
            ],
            "name": "RHand"
        },
        {
            "matrix": [
                0.9533808827400208,
                0.2997041046619416,
                0.0352475643157959,
                0.0,
                -0.3006156086921692,
                0.9534394145011902,
                0.024157293140888219,
                0.0,
                -0.026366377249360089,
                -0.03362707048654556,
                0.999086618423462,
                0.0,
                0.183030366897583,
                0.0957343727350235,
                0.018749238923192025,
                1.0
            ],
            "name": "RFingerC"
        },
        {
            "matrix": [
                0.998052716255188,
                0.03536182269454003,
                0.05138421803712845,
                0.0,
                -0.03619793057441712,
                0.9992254376411438,
                0.015432936139404774,
                0.0,
                -0.0507986843585968,
                -0.017262885347008706,
                0.9985597133636476,
                0.0,
                0.215249240398407,
                0.004472990520298481,
                0.015392857603728772,
                1.0
            ],
            "name": "RFingerB"
        },
        {
            "matrix": [
                0.9668134450912476,
                -0.2522652745246887,
                0.0404219776391983,
                0.0,
                0.2512674927711487,
                0.967507004737854,
                0.02819309383630753,
                0.0,
                -0.04622068628668785,
                -0.017100734636187558,
                0.998784840106964,
                0.0,
                0.195698618888855,
                -0.08867724239826203,
                0.012095377780497074,
                1.0
            ],
            "name": "RFingerA"
        }
    ],
    "meshes": [
        {
            "primitives": [
                {
                    "attributes": {
                        "JOINTS_0": 1,
                        "NORMAL": 2,
                        "POSITION": 3,
                        "TEXCOORD_0": 4,
                        "WEIGHTS_0": 5
                    },
                    "indices": 0,
                    "mode": 4,
                    "material": 0
                },
                {
                    "attributes": {
                        "JOINTS_0": 7,
                        "NORMAL": 8,
                        "POSITION": 9,
                        "TEXCOORD_0": 10,
                        "WEIGHTS_0": 11
                    },
                    "indices": 6,
                    "mode": 4,
                    "material": 1
                },
                {
                    "attributes": {
                        "JOINTS_0": 13,
                        "NORMAL": 14,
                        "POSITION": 15,
                        "TEXCOORD_0": 16,
                        "WEIGHTS_0": 17
                    },
                    "indices": 12,
                    "mode": 4,
                    "material": 2
                },
                {
                    "attributes": {
                        "JOINTS_0": 19,
                        "NORMAL": 20,
                        "POSITION": 21,
                        "TEXCOORD_0": 22,
                        "WEIGHTS_0": 23
                    },
                    "indices": 18,
                    "mode": 4,
                    "material": 3
                }
            ],
            "name": "Slowbro"
        }
    ],
    "skins": [
        {
            "inverseBindMatrices": 24,
            "skeleton": 2,
            "joints": [
                2,
                4,
                5,
                6,
                7,
                9,
                10,
                11,
                12,
                13,
                14,
                15,
                16,
                20,
                21,
                24,
                23,
                22,
                25,
                26,
                27,
                28,
                31,
                30,
                29,
                32,
                33,
                34,
                35,
                38,
                37,
                36
            ],
            "name": "Slowbro-mesh-skin"
        }
    ],
    "accessors": [
        {
            "bufferView": 0,
            "byteOffset": 0,
            "componentType": 5123,
            "count": 11220,
            "max": [
                2333
            ],
            "min": [
                0
            ],
            "type": "SCALAR"
        },
        {
            "bufferView": 1,
            "byteOffset": 0,
            "componentType": 5123,
            "count": 2334,
            "max": [
                31,
                31,
                31,
                31
            ],
            "min": [
                0,
                0,
                0,
                0
            ],
            "type": "VEC4"
        },
        {
            "bufferView": 2,
            "byteOffset": 0,
            "componentType": 5126,
            "count": 2334,
            "max": [
                0.9998440146446228,
                0.9983180165290833,
                0.9988080263137816
            ],
            "min": [
                -0.9998440146446228,
                -0.9999330043792724,
                -1.0
            ],
            "type": "VEC3"
        },
        {
            "bufferView": 2,
            "byteOffset": 28008,
            "componentType": 5126,
            "count": 2334,
            "max": [
                1.6128288507461548,
                2.527279615402222,
                3.756202936172486
            ],
            "min": [
                -1.6128288507461548,
                -1.9337934255599976,
                -0.0000913637995836325
            ],
            "type": "VEC3"
        },
        {
            "bufferView": 1,
            "byteOffset": 18672,
            "componentType": 5126,
            "count": 2334,
            "max": [
                0.9954599738121032,
                0.9936670064926148
            ],
            "min": [
                0.004540000110864639,
                0.00480198860168457
            ],
            "type": "VEC2"
        },
        {
            "bufferView": 3,
            "byteOffset": 0,
            "componentType": 5126,
            "count": 2334,
            "max": [
                1.0,
                0.9900000095367432,
                0.9800000190734864,
                0.5799999833106995
            ],
            "min": [
                0.009999999776482582,
                0.0,
                0.0,
                0.0
            ],
            "type": "VEC4"
        },
        {
            "bufferView": 0,
            "byteOffset": 22440,
            "componentType": 5123,
            "count": 384,
            "max": [
                84
            ],
            "min": [
                0
            ],
            "type": "SCALAR"
        },
        {
            "bufferView": 1,
            "byteOffset": 37344,
            "componentType": 5123,
            "count": 85,
            "max": [
                14,
                15,
                0,
                0
            ],
            "min": [
                13,
                0,
                0,
                0
            ],
            "type": "VEC4"
        },
        {
            "bufferView": 2,
            "byteOffset": 56016,
            "componentType": 5126,
            "count": 85,
            "max": [
                0.9824029803276062,
                0.266620010137558,
                0.9594759941101074
            ],
            "min": [
                -0.9824029803276062,
                -0.8788020014762878,
                -0.0972990021109581
            ],
            "type": "VEC3"
        },
        {
            "bufferView": 2,
            "byteOffset": 57036,
            "componentType": 5126,
            "count": 85,
            "max": [
                0.7632243037223816,
                -0.8932036757469177,
                3.579723596572876
            ],
            "min": [
                -0.7632243037223816,
                -1.6741191148757937,
                2.8564839363098146
            ],
            "type": "VEC3"
        },
        {
            "bufferView": 1,
            "byteOffset": 38024,
            "componentType": 5126,
            "count": 85,
            "max": [
                0.4954099953174591,
                -1.819540023803711
            ],
            "min": [
                0.004586999770253897,
                -1.9662699699401856
            ],
            "type": "VEC2"
        },
        {
            "bufferView": 3,
            "byteOffset": 37344,
            "componentType": 5126,
            "count": 85,
            "max": [
                1.0,
                0.9900000095367432,
                0.0,
                0.0
            ],
            "min": [
                0.009999999776482582,
                0.0,
                0.0,
                0.0
            ],
            "type": "VEC4"
        },
        {
            "bufferView": 0,
            "byteOffset": 23208,
            "componentType": 5123,
            "count": 4302,
            "max": [
                934
            ],
            "min": [
                0
            ],
            "type": "SCALAR"
        },
        {
            "bufferView": 1,
            "byteOffset": 38704,
            "componentType": 5123,
            "count": 935,
            "max": [
                12,
                12,
                0,
                0
            ],
            "min": [
                11,
                0,
                0,
                0
            ],
            "type": "VEC4"
        },
        {
            "bufferView": 2,
            "byteOffset": 58056,
            "componentType": 5126,
            "count": 935,
            "max": [
                0.9999750256538392,
                0.9999769926071168,
                0.9994630217552184
            ],
            "min": [
                -0.9998319745063782,
                -0.9958289861679076,
                -0.9983739852905272
            ],
            "type": "VEC3"
        },
        {
            "bufferView": 2,
            "byteOffset": 69276,
            "componentType": 5126,
            "count": 935,
            "max": [
                1.1823928356170657,
                3.4664394855499269,
                2.9928059577941896
            ],
            "min": [
                -1.1167898178100589,
                0.6795820593833923,
                0.2056785225868225
            ],
            "type": "VEC3"
        },
        {
            "bufferView": 1,
            "byteOffset": 46184,
            "componentType": 5126,
            "count": 935,
            "max": [
                0.99405699968338,
                -0.0053299665451049809
            ],
            "min": [
                0.004920999985188246,
                -0.9944499731063844
            ],
            "type": "VEC2"
        },
        {
            "bufferView": 3,
            "byteOffset": 38704,
            "componentType": 5126,
            "count": 935,
            "max": [
                1.0,
                0.9900000095367432,
                0.0,
                0.0
            ],
            "min": [
                0.009999999776482582,
                0.0,
                0.0,
                0.0
            ],
            "type": "VEC4"
        },
        {
            "bufferView": 0,
            "byteOffset": 31812,
            "componentType": 5123,
            "count": 48,
            "max": [
                14
            ],
            "min": [
                0
            ],
            "type": "SCALAR"
        },
        {
            "bufferView": 1,
            "byteOffset": 53664,
            "componentType": 5123,
            "count": 15,
            "max": [
                11,
                0,
                0,
                0
            ],
            "min": [
                11,
                0,
                0,
                0
            ],
            "type": "VEC4"
        },
        {
            "bufferView": 2,
            "byteOffset": 80496,
            "componentType": 5126,
            "count": 15,
            "max": [
                0.7613840103149414,
                -0.0478379987180233,
                0.988752007484436
            ],
            "min": [
                -0.7613840103149414,
                -0.8869600296020508,
                0.07290799915790558
            ],
            "type": "VEC3"
        },
        {
            "bufferView": 2,
            "byteOffset": 80676,
            "componentType": 5126,
            "count": 15,
            "max": [
                0.7868589758872986,
                1.4904719591140748,
                2.2143490314483644
            ],
            "min": [
                -0.7868589758872986,
                0.7159523367881775,
                1.626590609550476
            ],
            "type": "VEC3"
        },
        {
            "bufferView": 1,
            "byteOffset": 53784,
            "componentType": 5126,
            "count": 15,
            "max": [
                0.4906199872493744,
                -2.786089897155762
            ],
            "min": [
                0.00938200019299984,
                -2.9786300659179689
            ],
            "type": "VEC2"
        },
        {
            "bufferView": 3,
            "byteOffset": 53664,
            "componentType": 5126,
            "count": 15,
            "max": [
                1.0,
                0.0,
                0.0,
                0.0
            ],
            "min": [
                1.0,
                0.0,
                0.0,
                0.0
            ],
            "type": "VEC4"
        },
        {
            "bufferView": 4,
            "byteOffset": 0,
            "componentType": 5126,
            "count": 32,
            "max": [
                0.8342310190200806,
                1.0,
                0.5799700021743774,
                0.0,
                0.9810330271720886,
                0.7973319888114929,
                0.6401050090789795,
                0.0,
                0.9755079746246338,
                0.7475280165672302,
                0.9995160102844238,
                0.0,
                98.06500244140624,
                89.38150024414063,
                114.36599731445313,
                1.0
            ],
            "min": [
                -0.834227979183197,
                -1.0,
                -0.5799649953842163,
                0.0,
                -0.9777439832687378,
                -0.7973319888114929,
                -1.0,
                0.0,
                -1.0,
                -0.7475330233573914,
                -0.8741700053215027,
                0.0,
                -104.6240005493164,
                -89.3812026977539,
                -34.21720123291016,
                1.0
            ],
            "type": "MAT4"
        }
    ],
    "materials": [
        {
            "pbrMetallicRoughness": {
                "baseColorFactor": [
                    1.0,
                    1.0,
                    1.0,
                    1.0
                ],
                "baseColorTexture": {
                    "index": 0
                },
                "metallicFactor": 0.0
            },
            "name": "Material__34"
        },
        {
            "pbrMetallicRoughness": {
                "baseColorFactor": [
                    1.0,
                    1.0,
                    1.0,
                    1.0
                ],
                "baseColorTexture": {
                    "index": 1
                },
                "metallicFactor": 0.0
            },
            "name": "Material__35"
        },
        {
            "pbrMetallicRoughness": {
                "baseColorFactor": [
                    1.0,
                    1.0,
                    1.0,
                    1.0
                ],
                "baseColorTexture": {
                    "index": 2
                },
                "metallicFactor": 0.0
            },
            "name": "Material__36"
        },
        {
            "pbrMetallicRoughness": {
                "baseColorFactor": [
                    1.0,
                    1.0,
                    1.0,
                    1.0
                ],
                "baseColorTexture": {
                    "index": 3
                },
                "metallicFactor": 0.0
            },
            "name": "Material__37"
        }
    ],
    "textures": [
        {
            "sampler": 0,
            "source": 0
        },
        {
            "sampler": 0,
            "source": 1
        },
        {
            "sampler": 0,
            "source": 2
        },
        {
            "sampler": 0,
            "source": 3
        }
    ],
    "images": [
        {
            "uri": "pm0080_00_BodyA1.png"
        },
        {
            "uri": "pm0080_00_EyeA1.png"
        },
        {
            "uri": "pm0080_00_BodyB1.png"
        },
        {
            "uri": "pm0080_00_EyeB1.png"
        }
    ],
    "samplers": [
        {
            "magFilter": 9729,
            "minFilter": 9986,
            "wrapS": 10497,
            "wrapT": 10497
        }
    ],
    "bufferViews": [
        {
            "buffer": 0,
            "byteOffset": 190712,
            "byteLength": 31908,
            "target": 34963
        },
        {
            "buffer": 0,
            "byteOffset": 136808,
            "byteLength": 53904,
            "byteStride": 8,
            "target": 34962
        },
        {
            "buffer": 0,
            "byteOffset": 55952,
            "byteLength": 80856,
            "byteStride": 12,
            "target": 34962
        },
        {
            "buffer": 0,
            "byteOffset": 2048,
            "byteLength": 53904,
            "byteStride": 16,
            "target": 34962
        },
        {
            "buffer": 0,
            "byteOffset": 0,
            "byteLength": 2048
        }
    ],
    "buffers": [
        {
            "byteLength": 222620,
            "uri": "Slowbro_ColladaMax0.bin"
        }
    ]
}
