{
    "asset": {
        "generator": "COLLADA2GLTF",
        "version": "2.0"
    },
    "scenes": [
        {
            "nodes": [
                0
            ]
        }
    ],
    "scene": 0,
    "nodes": [
        {
            "children": [
                5,
                1
            ],
            "matrix": [
                1.0,
                0.0,
                0.0,
                0.0,
                0.0,
                0.0,
                -1.0,
                0.0,
                0.0,
                1.0,
                0.0,
                0.0,
                0.0,
                0.0,
                0.0,
                1.0
            ],
            "name": "Z_UP"
        },
        {
            "mesh": 0,
            "skin": 0,
            "name": "Metapod"
        },
        {
            "children": [
                3
            ],
            "matrix": [
                -0.9857950806617736,
                -8.947374091627936e-11,
                -0.16795243322849277,
                0.0,
                8.947374091627936e-11,
                -1.0,
                7.567413709552718e-12,
                0.0,
                -0.16795243322849277,
                -7.567413709552718e-12,
                0.9857950806617736,
                0.0,
                0.0,
                0.0,
                0.0,
                1.0
            ],
            "name": "Hips"
        },
        {
            "children": [
                4
            ],
            "matrix": [
                0.9986841678619384,
                -4.5804402049043356e-8,
                -0.05128248780965805,
                0.0,
                -0.0010899327462539077,
                0.9997740983963012,
                -0.021226434037089349,
                0.0,
                0.05127090215682984,
                0.0212543997913599,
                0.9984585642814636,
                0.0,
                0.2511691749095917,
                -5.0800000650497177e-8,
                0.0,
                1.0
            ],
            "name": "Tail1"
        },
        {
            "matrix": [
                1.0,
                0.0,
                0.0,
                0.0,
                0.0,
                1.0,
                0.0,
                0.0,
                0.0,
                0.0,
                1.0,
                0.0,
                0.21735236048698426,
                0.0,
                -0.0,
                1.0
            ],
            "name": "Tail2"
        },
        {
            "children": [
                6
            ],
            "matrix": [
                1.0,
                0.0,
                0.0,
                0.0,
                0.0,
                4.4896641959724089e-11,
                1.0,
                0.0,
                0.0,
                -1.0,
                4.4896641959724089e-11,
                0.0,
                0.0,
                0.0,
                0.0,
                1.0
            ],
            "name": "pm0011_00"
        },
        {
            "children": [
                7
            ],
            "name": "Origin"
        },
        {
            "children": [
                2,
                8
            ],
            "matrix": [
                -4.134195989990985e-7,
                0.21828432381153108,
                0.9758852124214172,
                0.0,
                -1.0,
                -0.0000033139353945443874,
                3.17619878842379e-7,
                0.0,
                0.000003303352059447207,
                -0.9758852124214172,
                0.21828432381153108,
                0.0,
                0.0,
                0.20197951793670658,
                -0.3340404629707337,
                1.0
            ],
            "name": "Waist"
        },
        {
            "children": [
                9
            ],
            "name": "Spine1"
        },
        {
            "children": [
                10
            ],
            "matrix": [
                0.8840725421905518,
                0.0,
                -0.46734973788261416,
                0.0,
                0.0,
                1.0,
                0.0,
                0.0,
                0.46734973788261416,
                0.0,
                0.8840725421905518,
                0.0,
                0.3061995208263397,
                0.0,
                -2.5400000325248585e-8,
                1.0
            ],
            "name": "Spine2"
        },
        {
            "matrix": [
                0.8828967809677124,
                0.0,
                -0.46956709027290347,
                0.0,
                0.0,
                1.0,
                0.0,
                0.0,
                0.46956709027290347,
                0.0,
                0.8828967809677124,
                0.0,
                0.3625468909740448,
                0.0,
                7.620000275210259e-8,
                1.0
            ],
            "name": "Head"
        }
    ],
    "meshes": [
        {
            "primitives": [
                {
                    "attributes": {
                        "JOINTS_0": 1,
                        "NORMAL": 2,
                        "POSITION": 3,
                        "TEXCOORD_0": 4,
                        "WEIGHTS_0": 5
                    },
                    "indices": 0,
                    "mode": 4,
                    "material": 0
                },
                {
                    "attributes": {
                        "JOINTS_0": 7,
                        "NORMAL": 8,
                        "POSITION": 9,
                        "TEXCOORD_0": 10,
                        "WEIGHTS_0": 11
                    },
                    "indices": 6,
                    "mode": 4,
                    "material": 1
                }
            ],
            "name": "Metapod"
        }
    ],
    "skins": [
        {
            "inverseBindMatrices": 12,
            "skeleton": 2,
            "joints": [
                2,
                3,
                4,
                8,
                9,
                10
            ],
            "name": "Metapod-mesh-skin"
        }
    ],
    "accessors": [
        {
            "bufferView": 0,
            "byteOffset": 0,
            "componentType": 5123,
            "count": 10116,
            "max": [
                2045
            ],
            "min": [
                0
            ],
            "type": "SCALAR"
        },
        {
            "bufferView": 1,
            "byteOffset": 0,
            "componentType": 5123,
            "count": 2046,
            "max": [
                5,
                5,
                5,
                0
            ],
            "min": [
                0,
                0,
                0,
                0
            ],
            "type": "VEC4"
        },
        {
            "bufferView": 2,
            "byteOffset": 0,
            "componentType": 5126,
            "count": 2046,
            "max": [
                0.999109983444214,
                0.9999240040779114,
                0.9998760223388672
            ],
            "min": [
                -0.999109983444214,
                -0.9999719858169556,
                -0.9999899864196776
            ],
            "type": "VEC3"
        },
        {
            "bufferView": 2,
            "byteOffset": 24552,
            "componentType": 5126,
            "count": 2046,
            "max": [
                0.3624097406864166,
                0.9654539227485656,
                1.458711862564087
            ],
            "min": [
                -0.3624097406864166,
                -0.810917854309082,
                0.0002645663917064667
            ],
            "type": "VEC3"
        },
        {
            "bufferView": 1,
            "byteOffset": 16368,
            "componentType": 5126,
            "count": 2046,
            "max": [
                0.9960960149765016,
                0.9960939884185792
            ],
            "min": [
                0.003903999924659729,
                0.0039060115814208986
            ],
            "type": "VEC2"
        },
        {
            "bufferView": 3,
            "byteOffset": 0,
            "componentType": 5126,
            "count": 2046,
            "max": [
                1.0,
                0.9800000190734864,
                0.5,
                0.0
            ],
            "min": [
                0.020000001415610318,
                0.0,
                0.0,
                0.0
            ],
            "type": "VEC4"
        },
        {
            "bufferView": 0,
            "byteOffset": 20232,
            "componentType": 5123,
            "count": 1038,
            "max": [
                231
            ],
            "min": [
                0
            ],
            "type": "SCALAR"
        },
        {
            "bufferView": 1,
            "byteOffset": 32736,
            "componentType": 5123,
            "count": 232,
            "max": [
                5,
                0,
                0,
                0
            ],
            "min": [
                5,
                0,
                0,
                0
            ],
            "type": "VEC4"
        },
        {
            "bufferView": 2,
            "byteOffset": 49104,
            "componentType": 5126,
            "count": 232,
            "max": [
                0.999550998210907,
                0.5975859761238098,
                0.7676119804382324
            ],
            "min": [
                -0.999550998210907,
                -0.7601109743118286,
                -0.40585997700691225
            ],
            "type": "VEC3"
        },
        {
            "bufferView": 2,
            "byteOffset": 51888,
            "componentType": 5126,
            "count": 232,
            "max": [
                0.2691485285758972,
                -0.34838131070137026,
                1.094404697418213
            ],
            "min": [
                -0.2691485285758972,
                -0.6281851530075073,
                0.8225764036178589
            ],
            "type": "VEC3"
        },
        {
            "bufferView": 1,
            "byteOffset": 34592,
            "componentType": 5126,
            "count": 232,
            "max": [
                0.4918899834156037,
                -0.7586699724197388
            ],
            "min": [
                0.008112999610602856,
                -0.9945099353790284
            ],
            "type": "VEC2"
        },
        {
            "bufferView": 3,
            "byteOffset": 32736,
            "componentType": 5126,
            "count": 232,
            "max": [
                1.0,
                0.0,
                0.0,
                0.0
            ],
            "min": [
                1.0,
                0.0,
                0.0,
                0.0
            ],
            "type": "VEC4"
        },
        {
            "bufferView": 4,
            "byteOffset": 0,
            "componentType": 5126,
            "count": 6,
            "max": [
                0.0,
                1.0,
                0.021257000043988229,
                0.0,
                1.0,
                0.0000019999999949504856,
                0.0000019999999949504856,
                0.0,
                0.9302699565887452,
                0.021257000043988229,
                -0.3668760061264038,
                0.0,
                11.098299980163576,
                0.000025999999706982636,
                10.630899429321288,
                1.0
            ],
            "min": [
                -0.0000019999999949504856,
                -1.0,
                9.999999974752428e-7,
                0.0,
                -0.975884974002838,
                0.0,
                -0.9302699565887452,
                0.0,
                -0.05127999931573868,
                -0.000003000000106112566,
                -0.9997739791870116,
                0.0,
                -31.583898544311525,
                -0.15828700363636018,
                -1.5294699668884278,
                1.0
            ],
            "type": "MAT4"
        }
    ],
    "materials": [
        {
            "pbrMetallicRoughness": {
                "baseColorFactor": [
                    1.0,
                    1.0,
                    1.0,
                    1.0
                ],
                "baseColorTexture": {
                    "index": 0
                },
                "metallicFactor": 0.0
            },
            "name": "Material__58"
        },
        {
            "pbrMetallicRoughness": {
                "baseColorFactor": [
                    1.0,
                    1.0,
                    1.0,
                    1.0
                ],
                "baseColorTexture": {
                    "index": 1
                },
                "metallicFactor": 0.0
            },
            "name": "Material__59"
        }
    ],
    "textures": [
        {
            "sampler": 0,
            "source": 0
        },
        {
            "sampler": 0,
            "source": 1
        }
    ],
    "images": [
        {
            "uri": "pm0011_00_Body1.png"
        },
        {
            "uri": "pm0011_00_Eye1.png"
        }
    ],
    "samplers": [
        {
            "magFilter": 9729,
            "minFilter": 9986,
            "wrapS": 10497,
            "wrapT": 10497
        }
    ],
    "bufferViews": [
        {
            "buffer": 0,
            "byteOffset": 127952,
            "byteLength": 22308,
            "target": 34963
        },
        {
            "buffer": 0,
            "byteOffset": 91504,
            "byteLength": 36448,
            "byteStride": 8,
            "target": 34962
        },
        {
            "buffer": 0,
            "byteOffset": 36832,
            "byteLength": 54672,
            "byteStride": 12,
            "target": 34962
        },
        {
            "buffer": 0,
            "byteOffset": 384,
            "byteLength": 36448,
            "byteStride": 16,
            "target": 34962
        },
        {
            "buffer": 0,
            "byteOffset": 0,
            "byteLength": 384
        }
    ],
    "buffers": [
        {
            "byteLength": 150260,
            "uri": "Metapod_ColladaMax0.bin"
        }
    ]
}
