{
    "asset": {
        "generator": "COLLADA2GLTF",
        "version": "2.0"
    },
    "scenes": [
        {
            "nodes": [
                0
            ]
        }
    ],
    "scene": 0,
    "nodes": [
        {
            "children": [
                15,
                1
            ],
            "matrix": [
                1.0,
                0.0,
                0.0,
                0.0,
                0.0,
                0.0,
                -1.0,
                0.0,
                0.0,
                1.0,
                0.0,
                0.0,
                0.0,
                0.0,
                0.0,
                1.0
            ],
            "name": "Z_UP"
        },
        {
            "mesh": 0,
            "skin": 0,
            "name": "Seel"
        },
        {
            "children": [
                3
            ],
            "matrix": [
                -0.9729342460632324,
                0.0000023196632810140729,
                -0.23108220100402833,
                0.0,
                0.000003100420826740447,
                1.0,
                -0.000003015559741470497,
                0.0,
                0.23108220100402833,
                -0.0000036503934097709136,
                -0.9729342460632324,
                0.0,
                0.0,
                0.0,
                0.0,
                1.0
            ],
            "name": "Hips"
        },
        {
            "children": [
                4
            ],
            "matrix": [
                0.977280855178833,
                1.458654703100082e-13,
                0.2119484394788742,
                0.0,
                2.021298541876604e-7,
                1.0,
                -9.320086746811284e-7,
                0.0,
                -0.2119484394788742,
                9.536753395877896e-7,
                0.977280855178833,
                0.0,
                0.25110235810279848,
                1.9635977414368683e-13,
                0.0,
                1.0
            ],
            "name": "Tail1"
        },
        {
            "children": [
                5
            ],
            "matrix": [
                0.9723223447799684,
                6.933789344553895e-14,
                0.23364341259002689,
                0.0,
                -6.933789344553895e-14,
                1.0,
                -8.213840272817876e-15,
                0.0,
                -0.23364341259002689,
                -8.213840272817876e-15,
                0.9723223447799684,
                0.0,
                0.2535923421382904,
                2.3101173616179795e-14,
                0.0,
                1.0
            ],
            "name": "Tail2"
        },
        {
            "children": [
                6
            ],
            "matrix": [
                0.9652963876724244,
                -1.70530337897587e-13,
                0.2611567378044129,
                0.0,
                1.8687988981823392e-13,
                1.0,
                -3.7771004992312807e-14,
                0.0,
                -0.2611567378044129,
                8.526515539626635e-14,
                0.9652963876724244,
                0.0,
                0.16880588233470918,
                -9.240469446471918e-14,
                -2.422331846219095e-8,
                1.0
            ],
            "name": "Tail3"
        },
        {
            "children": [
                11,
                7
            ],
            "matrix": [
                0.9553253054618836,
                -9.239564815284249e-14,
                0.2955563366413117,
                0.0,
                9.11259118835904e-14,
                1.0,
                1.80701824624473e-14,
                0.0,
                -0.2955563366413117,
                9.66993903705896e-15,
                0.9553253054618836,
                0.0,
                0.16981561481952668,
                -9.240469446471918e-14,
                -4.844669021508708e-8,
                1.0
            ],
            "name": "Tail4"
        },
        {
            "children": [
                8
            ],
            "matrix": [
                0.8933865427970886,
                0.449217289686203,
                0.008016952313482762,
                0.0,
                -0.4490037560462952,
                0.8933131098747253,
                -0.019680023193359376,
                0.0,
                -0.01600225456058979,
                0.01398222614079714,
                0.999774158000946,
                0.0,
                0.17102985084056858,
                0.07144992053508759,
                -0.00023697680444456637,
                1.0
            ],
            "name": "RTail1"
        },
        {
            "children": [
                9
            ],
            "matrix": [
                0.9999410510063173,
                0.010858765803277493,
                -0.000012001217328361236,
                0.0,
                -0.010858687572181225,
                0.9999281764030457,
                -0.005070202983915806,
                0.0,
                -0.00004305579204810783,
                0.0050700344145298,
                0.9999871253967284,
                0.0,
                0.19092564284801484,
                -9.689338043017418e-8,
                0.0000011627205367403804,
                1.0
            ],
            "name": "RTail2"
        },
        {
            "children": [
                10
            ],
            "matrix": [
                0.9999464154243468,
                0.010351845994591712,
                0.00004097597411600873,
                0.0,
                -0.01035153027623892,
                0.9999349117279052,
                -0.004796972032636404,
                0.0,
                -0.00009063082688953727,
                0.004796290770173073,
                0.9999884963035584,
                0.0,
                0.15036416053771974,
                -4.3601892230071828e-7,
                -8.235924724431243e-7,
                1.0
            ],
            "name": "RTail3"
        },
        {
            "matrix": [
                0.999461591243744,
                0.03280903398990631,
                0.00028808513889089227,
                0.0,
                -0.03280104696750641,
                0.9993497133255004,
                -0.014974516816437245,
                0.0,
                -0.0007791972602717578,
                0.01495700515806675,
                0.9998878240585328,
                0.0,
                0.1410963386297226,
                8.720404593987041e-7,
                7.266990564858133e-7,
                1.0
            ],
            "name": "RTail4"
        },
        {
            "children": [
                12
            ],
            "matrix": [
                0.8933865427970886,
                -0.449217289686203,
                0.008016985841095448,
                0.0,
                0.4490037560462952,
                0.8933131098747253,
                0.019680080935359,
                0.0,
                -0.016002312302589418,
                -0.013982263393700125,
                0.999774158000946,
                0.0,
                0.17103037238121034,
                -0.07144992053508759,
                -0.00023644389875698835,
                1.0
            ],
            "name": "LTail1"
        },
        {
            "children": [
                13
            ],
            "matrix": [
                0.9999410510063173,
                -0.010858786292374134,
                -0.000011970303603447974,
                0.0,
                0.010858707129955292,
                0.9999281764030457,
                0.005069945938885212,
                0.0,
                -0.00004308401184971444,
                -0.005069776903837919,
                0.9999871253967284,
                0.0,
                0.19092592597007752,
                -4.844669021508708e-8,
                0.0,
                1.0
            ],
            "name": "LTail2"
        },
        {
            "children": [
                14
            ],
            "matrix": [
                0.9999464154243468,
                -0.010351010598242285,
                0.000040948496462078768,
                0.0,
                0.010350694879889489,
                0.9999349117279052,
                0.004796927329152823,
                0.0,
                -0.0000905988781596534,
                -0.004796246532350779,
                0.9999884963035584,
                0.0,
                0.15036308765411378,
                0.0,
                -1.4534006709254758e-7,
                1.0
            ],
            "name": "LTail3"
        },
        {
            "matrix": [
                0.999461591243744,
                -0.03280911967158318,
                0.0002879957028198987,
                0.0,
                0.03280113264918327,
                0.9993497133255004,
                0.014974421821534634,
                0.0,
                -0.0007791059906594455,
                -0.014956912957131865,
                0.9998878240585328,
                0.0,
                0.14109838008880616,
                9.689338043017418e-8,
                4.844669021508708e-8,
                1.0
            ],
            "name": "LTail4"
        },
        {
            "children": [
                16
            ],
            "matrix": [
                1.0,
                -0.0,
                0.0,
                0.0,
                0.0,
                3.995190525074577e-7,
                1.0,
                0.0,
                -0.0,
                -1.0,
                3.995190525074577e-7,
                0.0,
                0.0,
                0.0,
                0.0,
                1.0
            ],
            "name": "pm0086_00"
        },
        {
            "children": [
                17
            ],
            "name": "Origin"
        },
        {
            "children": [
                2,
                18
            ],
            "matrix": [
                -6.645419716733159e-7,
                0.19043616950511933,
                0.9816995859146118,
                0.0,
                -1.0,
                -0.000003810793941738666,
                6.231135074585836e-8,
                0.0,
                0.000003752920974875451,
                -0.9816995859146118,
                0.19043616950511933,
                0.0,
                0.0,
                0.4706086814403534,
                0.1398983746767044,
                1.0
            ],
            "name": "Waist"
        },
        {
            "children": [
                19
            ],
            "name": "Spine1"
        },
        {
            "children": [
                30,
                25,
                20
            ],
            "matrix": [
                0.8530834317207336,
                1.3793301353523527e-13,
                -0.5217745304107666,
                0.0,
                -1.847250651054733e-13,
                1.0,
                -3.7665457910821337e-14,
                0.0,
                0.5217745304107666,
                1.285166092469814e-13,
                0.8530834317207336,
                0.0,
                0.2310786247253418,
                -1.8480938892943836e-13,
                9.689338043017418e-8,
                1.0
            ],
            "name": "Spine2"
        },
        {
            "children": [
                21
            ],
            "matrix": [
                0.04181326180696488,
                0.998394012451172,
                0.03822363540530205,
                0.0,
                -0.674685001373291,
                -0.0000023103975763660857,
                0.7381057739257813,
                0.0,
                0.7369204759597778,
                -0.0566515251994133,
                0.6736013293266296,
                0.0,
                0.13219787180423737,
                0.11482300609350205,
                0.11332659423351288,
                1.0
            ],
            "name": "RShoulder"
        },
        {
            "children": [
                22
            ],
            "matrix": [
                0.9997499585151672,
                2.29279133656321e-13,
                -0.02236013114452362,
                0.0,
                -2.2604471463030799e-13,
                1.0,
                1.4717853400857825e-13,
                0.0,
                0.02236013114452362,
                -1.4208735099954798e-13,
                0.9997499585151672,
                0.0,
                0.31531307101249697,
                -4.844669021508708e-8,
                -1.9378650506496346e-7,
                1.0
            ],
            "name": "RArm"
        },
        {
            "children": [
                23
            ],
            "matrix": [
                1.0,
                0.0,
                0.0,
                0.0,
                0.0,
                1.0,
                0.0,
                0.0,
                0.0,
                0.0,
                1.0,
                0.0,
                0.2001808434724808,
                -4.844669021508708e-8,
                -0.0000013565073686550025,
                1.0
            ],
            "name": "RForeArm"
        },
        {
            "children": [
                24
            ],
            "matrix": [
                1.0,
                0.0,
                0.0,
                0.0,
                0.0,
                1.0,
                0.0,
                0.0,
                0.0,
                0.0,
                1.0,
                0.0,
                0.17715787887573246,
                -4.844669021508708e-8,
                0.0000014534006140820566,
                1.0
            ],
            "name": "RHand"
        },
        {
            "matrix": [
                1.0,
                0.0,
                0.0,
                0.0,
                0.0,
                1.0,
                0.0,
                0.0,
                0.0,
                0.0,
                1.0,
                0.0,
                0.14362244307994846,
                0.0,
                -0.0000010658271776264885,
                1.0
            ],
            "name": "RFinger"
        },
        {
            "children": [
                26
            ],
            "matrix": [
                0.9628841280937196,
                1.4859233364149935e-13,
                -0.2699151933193207,
                0.0,
                -1.0524778748174925e-13,
                1.0,
                1.7505834564064685e-13,
                0.0,
                0.2699151933193207,
                -1.401529174833993e-13,
                0.9628841280937196,
                0.0,
                0.3297478556632996,
                0.0,
                -2.422331846219095e-8,
                1.0
            ],
            "name": "Neck"
        },
        {
            "children": [
                29,
                27
            ],
            "matrix": [
                0.9866925477981569,
                2.1510930244082045e-14,
                -0.16259700059890748,
                0.0,
                -1.5459399914179686e-14,
                1.0,
                3.8483214011286746e-14,
                0.0,
                0.16259700059890748,
                -3.5457449693368506e-14,
                0.9866925477981569,
                0.0,
                0.19368305802345277,
                -1.8480938892943836e-13,
                -2.422331846219095e-8,
                1.0
            ],
            "name": "Head"
        },
        {
            "children": [
                28
            ],
            "matrix": [
                -0.42794349789619448,
                -8.501432944285625e-7,
                0.9038054943084716,
                0.0,
                0.000002300410642419593,
                -1.0,
                1.485966549807927e-7,
                0.0,
                0.9038054943084716,
                0.000002142714720321237,
                0.42794349789619448,
                0.0,
                0.050060324370861056,
                2.540076238233269e-8,
                0.4336666464805603,
                1.0
            ],
            "name": "Tongue1"
        },
        {
            "matrix": [
                0.9938473701477052,
                1.784050880117294e-13,
                -0.11075838655233385,
                0.0,
                -1.6161650197386166e-13,
                1.0,
                1.6055620645927946e-13,
                0.0,
                0.11075838655233385,
                -1.4166798159923059e-13,
                0.9938473701477052,
                0.0,
                0.10501852631568909,
                7.392364715155808e-13,
                1.9378650506496346e-7,
                1.0
            ],
            "name": "Tongue2"
        },
        {
            "matrix": [
                0.6881884932518005,
                -1.1585717499577268e-14,
                0.7255319356918335,
                0.0,
                1.5338139016263939e-13,
                1.0,
                -1.2951818166139637e-13,
                0.0,
                -0.7255319356918335,
                2.0041601841644386e-13,
                0.6881884932518005,
                0.0,
                0.14828938245773316,
                7.620101172278737e-8,
                0.3637455403804779,
                1.0
            ],
            "name": "Nose"
        },
        {
            "children": [
                31
            ],
            "matrix": [
                0.04181309044361115,
                -0.9983939528465272,
                0.03822491317987442,
                0.0,
                0.674685001373291,
                -0.000003373360414116178,
                -0.738105833530426,
                0.0,
                0.7369205355644226,
                0.0566522590816021,
                0.6736012697219849,
                0.0,
                0.13219760358333589,
                -0.11482298374176026,
                0.11332585662603378,
                1.0
            ],
            "name": "LShoulder"
        },
        {
            "children": [
                32
            ],
            "matrix": [
                0.9997499585151672,
                -5.6836371546686868e-14,
                -0.022360151633620267,
                0.0,
                5.6836371546686868e-14,
                1.0,
                -6.35514367825239e-16,
                0.0,
                0.022360151633620267,
                -6.35514367825239e-16,
                0.9997499585151672,
                0.0,
                0.3153155744075775,
                9.689338043017418e-8,
                -9.689338043017418e-8,
                1.0
            ],
            "name": "LArm"
        },
        {
            "children": [
                33
            ],
            "matrix": [
                1.0,
                0.0,
                0.0,
                0.0,
                0.0,
                1.0,
                0.0,
                0.0,
                0.0,
                0.0,
                1.0,
                0.0,
                0.20018021762371064,
                0.0,
                1.4534006709254758e-7,
                1.0
            ],
            "name": "LForeArm"
        },
        {
            "children": [
                34
            ],
            "matrix": [
                1.0,
                0.0,
                0.0,
                0.0,
                0.0,
                1.0,
                0.0,
                0.0,
                0.0,
                0.0,
                1.0,
                0.0,
                0.1771586686372757,
                -9.689338043017418e-8,
                0.0,
                1.0
            ],
            "name": "LHand"
        },
        {
            "matrix": [
                1.0,
                0.0,
                0.0,
                0.0,
                0.0,
                1.0,
                0.0,
                0.0,
                0.0,
                0.0,
                1.0,
                0.0,
                0.1436220407485962,
                0.0,
                1.4534006709254758e-7,
                1.0
            ],
            "name": "LFinger"
        }
    ],
    "meshes": [
        {
            "primitives": [
                {
                    "attributes": {
                        "JOINTS_0": 1,
                        "NORMAL": 2,
                        "POSITION": 3,
                        "TEXCOORD_0": 4,
                        "WEIGHTS_0": 5
                    },
                    "indices": 0,
                    "mode": 4,
                    "material": 0
                },
                {
                    "attributes": {
                        "JOINTS_0": 7,
                        "NORMAL": 8,
                        "POSITION": 9,
                        "TEXCOORD_0": 10,
                        "WEIGHTS_0": 11
                    },
                    "indices": 6,
                    "mode": 4,
                    "material": 1
                }
            ],
            "name": "Seel"
        }
    ],
    "skins": [
        {
            "inverseBindMatrices": 12,
            "skeleton": 2,
            "joints": [
                2,
                3,
                4,
                5,
                6,
                11,
                12,
                13,
                14,
                7,
                8,
                9,
                10,
                18,
                19,
                30,
                31,
                32,
                33,
                34,
                25,
                26,
                29,
                27,
                28,
                20,
                21,
                22,
                23,
                24
            ],
            "name": "geom-Seel-skin1"
        }
    ],
    "accessors": [
        {
            "bufferView": 0,
            "byteOffset": 0,
            "componentType": 5123,
            "count": 13656,
            "max": [
                2728
            ],
            "min": [
                0
            ],
            "type": "SCALAR"
        },
        {
            "bufferView": 1,
            "byteOffset": 0,
            "componentType": 5123,
            "count": 2729,
            "max": [
                28,
                29,
                29,
                29
            ],
            "min": [
                0,
                0,
                0,
                0
            ],
            "type": "VEC4"
        },
        {
            "bufferView": 2,
            "byteOffset": 0,
            "componentType": 5126,
            "count": 2729,
            "max": [
                0.9994770884513856,
                0.9972081184387208,
                0.9999775886535645
            ],
            "min": [
                -0.9994770884513856,
                -0.9999951124191284,
                -0.999984622001648
            ],
            "type": "VEC3"
        },
        {
            "bufferView": 2,
            "byteOffset": 32748,
            "componentType": 5126,
            "count": 2729,
            "max": [
                1.134663462638855,
                1.215651512145996,
                1.5237789154052737
            ],
            "min": [
                -1.134663701057434,
                -1.2508788108825684,
                0.034848518669605258
            ],
            "type": "VEC3"
        },
        {
            "bufferView": 1,
            "byteOffset": 21832,
            "componentType": 5126,
            "count": 2729,
            "max": [
                0.9954400062561036,
                0.9930390119552612
            ],
            "min": [
                0.004559999797493219,
                0.01082998514175415
            ],
            "type": "VEC2"
        },
        {
            "bufferView": 3,
            "byteOffset": 0,
            "componentType": 5126,
            "count": 2729,
            "max": [
                1.0,
                0.9800000190734864,
                0.8899999856948853,
                0.5699999928474426
            ],
            "min": [
                0.009999999776482582,
                0.0,
                0.0,
                0.0
            ],
            "type": "VEC4"
        },
        {
            "bufferView": 0,
            "byteOffset": 27312,
            "componentType": 5123,
            "count": 288,
            "max": [
                69
            ],
            "min": [
                0
            ],
            "type": "SCALAR"
        },
        {
            "bufferView": 1,
            "byteOffset": 43664,
            "componentType": 5123,
            "count": 70,
            "max": [
                21,
                0,
                0,
                0
            ],
            "min": [
                21,
                0,
                0,
                0
            ],
            "type": "VEC4"
        },
        {
            "bufferView": 2,
            "byteOffset": 65496,
            "componentType": 5126,
            "count": 70,
            "max": [
                0.7781367897987366,
                -0.36910688877105715,
                0.7967655062675476
            ],
            "min": [
                -0.7781367897987366,
                -0.9703658819198608,
                0.0028618439100682737
            ],
            "type": "VEC3"
        },
        {
            "bufferView": 2,
            "byteOffset": 66336,
            "componentType": 5126,
            "count": 70,
            "max": [
                0.2938094139099121,
                -0.8948191404342651,
                1.223947286605835
            ],
            "min": [
                -0.2938094139099121,
                -1.1128120422363282,
                0.9233128428459168
            ],
            "type": "VEC3"
        },
        {
            "bufferView": 1,
            "byteOffset": 44224,
            "componentType": 5126,
            "count": 70,
            "max": [
                0.45796999335289,
                -0.7595399618148804
            ],
            "min": [
                0.04202700033783913,
                -0.9903299808502196
            ],
            "type": "VEC2"
        },
        {
            "bufferView": 3,
            "byteOffset": 43664,
            "componentType": 5126,
            "count": 70,
            "max": [
                1.0,
                0.0,
                0.0,
                0.0
            ],
            "min": [
                1.0,
                0.0,
                0.0,
                0.0
            ],
            "type": "VEC4"
        },
        {
            "bufferView": 4,
            "byteOffset": 0,
            "componentType": 5126,
            "count": 30,
            "max": [
                0.9994109869003296,
                1.0,
                0.056651581078767779,
                0.0,
                0.9991356134414672,
                0.20549120008945466,
                -0.04157109931111336,
                0.0,
                0.9235218167304992,
                1.0,
                0.9991356134414672,
                0.0,
                4.732818126678467,
                20.478750228881837,
                17.507570266723634,
                1.0
            ],
            "min": [
                -0.9994109869003296,
                -1.0,
                -0.05665240064263344,
                0.0,
                -0.981699526309967,
                -0.20549510419368745,
                -0.9994111061096193,
                0.0,
                -0.8115705847740173,
                -1.0,
                -0.981699526309967,
                0.0,
                -58.78538131713867,
                -20.478759765625,
                -54.60811996459961,
                1.0
            ],
            "type": "MAT4"
        }
    ],
    "materials": [
        {
            "pbrMetallicRoughness": {
                "baseColorFactor": [
                    1.0,
                    1.0,
                    1.0,
                    1.0
                ],
                "baseColorTexture": {
                    "index": 0
                },
                "metallicFactor": 0.0
            },
            "emissiveFactor": [
                0.0,
                0.0,
                0.0
            ],
            "occlusionTexture": {
                "index": 0
            },
            "name": "Body"
        },
        {
            "pbrMetallicRoughness": {
                "baseColorFactor": [
                    1.0,
                    1.0,
                    1.0,
                    1.0
                ],
                "baseColorTexture": {
                    "index": 1
                },
                "metallicFactor": 0.0
            },
            "emissiveFactor": [
                0.0,
                0.0,
                0.0
            ],
            "occlusionTexture": {
                "index": 1
            },
            "name": "Eye"
        }
    ],
    "textures": [
        {
            "sampler": 0,
            "source": 0
        },
        {
            "sampler": 0,
            "source": 1
        }
    ],
    "images": [
        {
            "uri": "pm0086_00_Body1.png"
        },
        {
            "uri": "pm0086_00_Eye1.png"
        }
    ],
    "samplers": [
        {
            "magFilter": 9729,
            "minFilter": 9986,
            "wrapS": 10497,
            "wrapT": 10497
        }
    ],
    "bufferViews": [
        {
            "buffer": 0,
            "byteOffset": 158664,
            "byteLength": 27888,
            "target": 34963
        },
        {
            "buffer": 0,
            "byteOffset": 113880,
            "byteLength": 44784,
            "byteStride": 8,
            "target": 34962
        },
        {
            "buffer": 0,
            "byteOffset": 46704,
            "byteLength": 67176,
            "byteStride": 12,
            "target": 34962
        },
        {
            "buffer": 0,
            "byteOffset": 1920,
            "byteLength": 44784,
            "byteStride": 16,
            "target": 34962
        },
        {
            "buffer": 0,
            "byteOffset": 0,
            "byteLength": 1920
        }
    ],
    "buffers": [
        {
            "byteLength": 186552,
            "uri": "Seel_OpenCollada0.bin"
        }
    ]
}
