{
    "asset": {
        "generator": "COLLADA2GLTF",
        "version": "2.0"
    },
    "scenes": [
        {
            "nodes": [
                0
            ]
        }
    ],
    "scene": 0,
    "nodes": [
        {
            "children": [
                23,
                1
            ],
            "matrix": [
                1.0,
                0.0,
                0.0,
                0.0,
                0.0,
                0.0,
                -1.0,
                0.0,
                0.0,
                1.0,
                0.0,
                0.0,
                0.0,
                0.0,
                0.0,
                1.0
            ],
            "name": "Z_UP"
        },
        {
            "mesh": 0,
            "skin": 0,
            "name": "Pidgeotto"
        },
        {
            "children": [
                14,
                5,
                3
            ],
            "matrix": [
                -0.000003116233983746497,
                -1.0,
                2.2556451995114916e-7,
                0.0,
                -0.0000031162346658675239,
                -2.2555481393737867e-7,
                -1.0,
                0.0,
                1.0,
                -0.0000031162346658675239,
                -0.000003116233983746497,
                0.0,
                0.0,
                0.0,
                0.0,
                1.0
            ],
            "name": "_05_Hips"
        },
        {
            "children": [
                4
            ],
            "matrix": [
                0.4833490550518036,
                -4.2912979836273737e-8,
                -0.8754277229309082,
                0.0,
                -0.0000019380036064831076,
                -1.0,
                -0.000001021008642965171,
                0.0,
                -0.8754277229309082,
                0.00000219008575186308,
                -0.4833490550518036,
                0.0,
                0.061483364552259448,
                0.0,
                -0.8441992402076721,
                1.0
            ],
            "name": "_33_Tail1"
        },
        {
            "matrix": [
                0.9899340271949768,
                -4.720374988664844e-7,
                -0.141529381275177,
                0.0,
                4.093508323421702e-7,
                1.0,
                -4.720374988664844e-7,
                0.0,
                0.141529381275177,
                4.093508323421702e-7,
                0.9899340271949768,
                0.0,
                0.733739972114563,
                -1.8480938892943836e-13,
                -9.689338043017418e-8,
                1.0
            ],
            "name": "_34_Tail2"
        },
        {
            "children": [
                6
            ],
            "matrix": [
                0.9794288277626038,
                3.18374908658825e-8,
                -0.20178993046283726,
                0.0,
                -7.945716973267736e-9,
                1.0,
                1.1920925402364448e-7,
                0.0,
                0.20178993046283726,
                -1.151536110910456e-7,
                0.9794288277626038,
                0.0,
                0.01801576092839241,
                -0.2679902911186218,
                -0.120536208152771,
                1.0
            ],
            "name": "_20_RThigh"
        },
        {
            "children": [
                7
            ],
            "matrix": [
                0.9191626310348512,
                2.0717932916664885e-14,
                0.3938782215118408,
                0.0,
                -9.654248955826006e-9,
                1.0,
                2.2529309973151613e-8,
                0.0,
                -0.3938782215118408,
                -2.4510697471669123e-8,
                0.9191626310348512,
                0.0,
                0.5734176635742188,
                0.0,
                -2.058982317976188e-7,
                1.0
            ],
            "name": "_21_RLeg"
        },
        {
            "children": [
                12,
                10,
                8
            ],
            "matrix": [
                0.2028490453958511,
                -9.672579892594513e-8,
                0.9792100191116332,
                0.0,
                5.475132347498857e-9,
                1.0,
                9.76452128043093e-8,
                0.0,
                -0.9792100191116332,
                -1.4445934226614554e-8,
                0.2028490453958511,
                0.0,
                0.20887568593025208,
                -4.844669021508708e-8,
                1.09004858472872e-7,
                1.0
            ],
            "name": "_22_RFoot"
        },
        {
            "children": [
                9
            ],
            "matrix": [
                -0.9919185638427734,
                -0.0000018502881857784817,
                -0.12687623500823978,
                0.0,
                0.0000018707761455516448,
                -1.0,
                -4.2319758364328666e-8,
                0.0,
                -0.12687623500823978,
                -2.7933478463637586e-7,
                0.9919185638427734,
                0.0,
                -0.11218798905611038,
                0.0036169777158647777,
                -0.08866477012634278,
                1.0
            ],
            "name": "_30_RToeC1"
        },
        {
            "matrix": [
                0.9601913094520568,
                -1.4309971122557916e-13,
                -0.27934321761131289,
                0.0,
                1.339629768877179e-13,
                1.0,
                -5.1798714243659486e-14,
                0.0,
                0.27934321761131289,
                1.2315026419690376e-14,
                0.9601913094520568,
                0.0,
                0.12423719465732576,
                0.0,
                3.6334952824290677e-8,
                1.0
            ],
            "name": "_31_RToeC2"
        },
        {
            "children": [
                11
            ],
            "matrix": [
                0.9684054255485536,
                -0.24774721264839173,
                -0.02850014716386795,
                0.0,
                0.24784791469573978,
                0.9687989354133606,
                0.0000010297923154212186,
                0.0,
                0.02761065773665905,
                -0.007064699660986662,
                0.9995937943458556,
                0.0,
                0.20877070724964146,
                -0.09690864384174349,
                -0.1092095598578453,
                1.0
            ],
            "name": "_27_RToeB1"
        },
        {
            "matrix": [
                0.96793532371521,
                0.03944803401827812,
                -0.2480828762054443,
                0.0,
                -0.04072113707661629,
                0.9991705417633056,
                -4.5514710222960288e-7,
                0.0,
                0.2478770911693573,
                0.010102657601237296,
                0.9687387943267822,
                0.0,
                0.19555707275867466,
                7.993709800757642e-7,
                2.422331846219095e-8,
                1.0
            ],
            "name": "_28_RToeB2"
        },
        {
            "children": [
                13
            ],
            "matrix": [
                0.9672788381576538,
                0.2522228956222534,
                -0.027482494711875917,
                0.0,
                -0.2523181736469269,
                0.9676443338394164,
                7.037868243742197e-8,
                0.0,
                0.026593297719955449,
                0.00693426514044404,
                0.9996222853660584,
                0.0,
                0.2157062143087387,
                0.10464540123939514,
                -0.1092095598578453,
                1.0
            ],
            "name": "_24_RToeA1"
        },
        {
            "matrix": [
                0.9665570855140686,
                -0.04963630065321922,
                -0.2516021132469177,
                0.0,
                0.05128613859415054,
                0.9986839890480042,
                1.4416418059326475e-9,
                0.0,
                0.25127100944519045,
                -0.01290370151400566,
                0.967830777168274,
                0.0,
                0.1869988590478897,
                -3.149040992411756e-7,
                -9.689338043017418e-8,
                1.0
            ],
            "name": "_25_RToeA2"
        },
        {
            "children": [
                15
            ],
            "matrix": [
                0.9794288277626038,
                3.18374908658825e-8,
                -0.20178993046283726,
                0.0,
                -7.945716973267736e-9,
                1.0,
                1.1920925402364448e-7,
                0.0,
                0.20178993046283726,
                -1.151536110910456e-7,
                0.9794288277626038,
                0.0,
                0.01801527477800846,
                0.2679902911186218,
                -0.1205361858010292,
                1.0
            ],
            "name": "_07_LThigh"
        },
        {
            "children": [
                16
            ],
            "matrix": [
                0.9191626310348512,
                2.0717932916664885e-14,
                0.3938782215118408,
                0.0,
                -9.654248955826006e-9,
                1.0,
                2.2529309973151613e-8,
                0.0,
                -0.3938782215118408,
                -2.4510697471669123e-8,
                0.9191626310348512,
                0.0,
                0.5734176635742188,
                0.0,
                -2.422331846219095e-8,
                1.0
            ],
            "name": "_08_LLeg"
        },
        {
            "children": [
                21,
                19,
                17
            ],
            "matrix": [
                0.2028490453958511,
                -9.672579892594513e-8,
                0.9792100191116332,
                0.0,
                5.475132347498857e-9,
                1.0,
                9.76452128043093e-8,
                0.0,
                -0.9792100191116332,
                -1.4445934226614554e-8,
                0.2028490453958511,
                0.0,
                0.20887568593025208,
                -4.844669021508708e-8,
                0.0,
                1.0
            ],
            "name": "_09_LFoot"
        },
        {
            "children": [
                18
            ],
            "matrix": [
                -0.9919185638427734,
                0.0000015548527017017478,
                -0.12687629461288453,
                0.0,
                -0.0000016342982007699905,
                -1.0,
                5.220668981564813e-7,
                0.0,
                -0.12687629461288453,
                7.252015166159254e-7,
                0.9919185638427734,
                0.0,
                -0.11218798905611038,
                -0.003617584705352783,
                -0.08866456896066666,
                1.0
            ],
            "name": "_17_LToeC1"
        },
        {
            "matrix": [
                0.9601913094520568,
                1.1418647026994936e-14,
                -0.27934321761131289,
                0.0,
                -1.33201453422771e-7,
                1.0,
                -4.578556342949014e-7,
                0.0,
                0.27934321761131289,
                4.76837954010989e-7,
                0.9601913094520568,
                0.0,
                0.12423701584339142,
                2.422331846219095e-8,
                -1.2111659231095473e-8,
                1.0
            ],
            "name": "_18_LToeC2"
        },
        {
            "children": [
                20
            ],
            "matrix": [
                0.9684054255485536,
                0.2477472722530365,
                -0.028499798849225045,
                0.0,
                -0.24784792959690098,
                0.9687989354133606,
                7.408435749312048e-7,
                0.0,
                0.02761075831949711,
                0.007062898948788643,
                0.9995937943458556,
                0.0,
                0.20877070724964146,
                0.09690821170806884,
                -0.10920961201190949,
                1.0
            ],
            "name": "_14_LToeB1"
        },
        {
            "matrix": [
                0.9679352641105652,
                -0.03944811597466469,
                -0.24808304011821748,
                0.0,
                0.0407211109995842,
                0.9991705417633056,
                9.372681297747933e-9,
                0.0,
                0.24787726998329166,
                -0.01010222639888525,
                0.9687387943267822,
                0.0,
                0.195558100938797,
                2.422331846219095e-8,
                -1.2111659231095473e-8,
                1.0
            ],
            "name": "_15_LToeB2"
        },
        {
            "children": [
                22
            ],
            "matrix": [
                0.9672788977622986,
                -0.2522226870059967,
                -0.027482669800519944,
                0.0,
                0.25231802463531496,
                0.9676443934440612,
                4.0557054603596056e-7,
                0.0,
                0.026593348011374478,
                -0.0069347647950053219,
                0.9996222853660584,
                0.0,
                0.21570616960525514,
                -0.10464591532945632,
                -0.1092095896601677,
                1.0
            ],
            "name": "_11_LToeA1"
        },
        {
            "matrix": [
                0.9665571451187134,
                0.049636419862508777,
                -0.251601904630661,
                0.0,
                -0.0512862540781498,
                0.9986839890480042,
                5.066135955189566e-9,
                0.0,
                0.2512708008289337,
                0.012903714552521706,
                0.9678308367729188,
                0.0,
                0.1869977116584778,
                -4.844669021508708e-8,
                0.0,
                1.0
            ],
            "name": "_12_LToeA2"
        },
        {
            "children": [
                24
            ],
            "matrix": [
                1.0,
                -0.0,
                0.0,
                0.0,
                0.0,
                4.4896641959724089e-11,
                1.0,
                0.0,
                -0.0,
                -1.0,
                4.4896641959724089e-11,
                0.0,
                0.0,
                0.0,
                0.0,
                1.0
            ],
            "name": "_01_pm0017_00"
        },
        {
            "children": [
                25
            ],
            "name": "_02_Origin"
        },
        {
            "children": [
                2,
                26
            ],
            "matrix": [
                -0.000003595222551666666,
                -5.4286523193392e-13,
                1.0,
                0.0,
                -3.019925429725845e-7,
                1.0,
                -5.4286523193392e-13,
                0.0,
                -1.0,
                -3.019925429725845e-7,
                -0.000003595222551666666,
                0.0,
                0.0,
                1.021732807159424,
                0.22297491133213044,
                1.0
            ],
            "name": "_03_Waist"
        },
        {
            "children": [
                27
            ],
            "matrix": [
                0.7894585132598877,
                0.6138039231300354,
                -6.811768571424183e-8,
                0.0,
                0.000002125003220498911,
                -0.000002622146894282196,
                1.0,
                0.0,
                0.6138039231300354,
                -0.7894585132598877,
                -0.000003374411562617752,
                0.0,
                0.0,
                0.0,
                0.0,
                1.0
            ],
            "name": "_36_Spine1"
        },
        {
            "children": [
                43,
                41,
                33,
                30,
                28
            ],
            "matrix": [
                0.9378066062927246,
                1.7812759267599177e-7,
                -0.3471580743789673,
                0.0,
                -2.1467462474333847e-8,
                1.0,
                4.551104382244376e-7,
                0.0,
                0.3471580743789673,
                -4.193529719032086e-7,
                0.9378066062927246,
                0.0,
                0.4853660464286804,
                0.0,
                -1.4534006709254758e-7,
                1.0
            ],
            "name": "_37_Spine2"
        },
        {
            "children": [
                29
            ],
            "matrix": [
                -0.9787635207176209,
                0.20033502578735352,
                -0.04344973340630531,
                0.0,
                -0.023894881829619409,
                0.09901569783687592,
                0.9947989583015442,
                0.0,
                0.20359528064727784,
                0.9747111201286316,
                -0.09212596714496613,
                0.0,
                0.44589167833328249,
                0.4432883858680725,
                -0.19487404823303224,
                1.0
            ],
            "name": "_60_RFeeler1"
        },
        {
            "matrix": [
                0.8098900318145752,
                -0.49333518743515017,
                -0.31733033061027529,
                0.0,
                0.44304531812667849,
                0.8690174221992493,
                -0.22027160227298737,
                0.0,
                0.3844333291053772,
                0.037804048508405688,
                0.9223783612251282,
                0.0,
                0.8878951072692871,
                -3.875735217206966e-7,
                -0.0000017440809187974085,
                1.0
            ],
            "name": "_61_RFeeler2"
        },
        {
            "children": [
                31
            ],
            "matrix": [
                -0.00901669543236494,
                0.9980568885803224,
                -0.06165323778986931,
                0.0,
                -0.3393430709838867,
                0.05494289472699165,
                0.9390567541122437,
                0.0,
                0.9406194686889648,
                0.0293887872248888,
                0.3381882905960083,
                0.0,
                0.3001261353492737,
                0.4523409307003021,
                -0.34179508686065676,
                1.0
            ],
            "name": "_56_RArm"
        },
        {
            "children": [
                32
            ],
            "matrix": [
                0.5608369708061218,
                0.2920089066028595,
                0.7747210264205933,
                0.0,
                -0.1260453462600708,
                0.954943597316742,
                -0.268691748380661,
                0.0,
                -0.8182753324508667,
                0.05304228886961937,
                0.5723740458488464,
                0.0,
                0.7477356195449829,
                7.751470434413932e-7,
                0.0000017440809187974085,
                1.0
            ],
            "name": "_57_RForeArm"
        },
        {
            "matrix": [
                0.5921071171760559,
                -0.0023989977780729538,
                -0.8058556914329529,
                0.0,
                0.12515053153038026,
                0.98813658952713,
                0.08901343494653702,
                0.0,
                0.7960819602012634,
                -0.15355876088142396,
                0.5853829383850098,
                0.0,
                0.7398026585578919,
                5.813602683701902e-7,
                -0.0000023738866730127485,
                1.0
            ],
            "name": "_58_RHand"
        },
        {
            "children": [
                34
            ],
            "matrix": [
                0.9847010970115662,
                -1.416628451914384e-13,
                -0.1742519587278366,
                0.0,
                1.3349705455661945e-13,
                1.0,
                -5.858267565711854e-14,
                0.0,
                0.1742519587278366,
                3.4424306666943497e-14,
                0.9847010970115662,
                0.0,
                0.5167756676673889,
                3.696182628628447e-13,
                0.0,
                1.0
            ],
            "name": "_45_Neck"
        },
        {
            "children": [
                39,
                36,
                35
            ],
            "matrix": [
                0.9960135221481324,
                4.5384141865618966e-13,
                0.08920242637395859,
                0.0,
                -4.5384141865618966e-13,
                1.0,
                -2.0282305565957893e-14,
                0.0,
                -0.08920242637395859,
                -2.0282305565957893e-14,
                0.9960135221481324,
                0.0,
                0.2454883009195328,
                -7.392365257256894e-13,
                9.689338043017418e-8,
                1.0
            ],
            "name": "_46_Head"
        },
        {
            "matrix": [
                0.26036062836647036,
                1.0836676267445e-7,
                0.965511441230774,
                0.0,
                4.417202958961752e-8,
                1.0,
                -1.2414913896918737e-7,
                0.0,
                -0.965511441230774,
                7.497214937757235e-8,
                0.26036062836647036,
                0.0,
                0.18222647905349732,
                1.4784756535365928e-12,
                0.2465302050113678,
                1.0
            ],
            "name": "_54_Jaw"
        },
        {
            "children": [
                37
            ],
            "matrix": [
                -0.1698194295167923,
                4.048816037993675e-7,
                -0.9854751825332642,
                0.0,
                5.045407078796416e-7,
                1.0,
                3.239054251480411e-7,
                0.0,
                0.9854751825332642,
                -4.422069252996153e-7,
                -0.1698194295167923,
                0.0,
                0.6099810004234314,
                2.2177121250521736e-12,
                0.0,
                1.0
            ],
            "name": "_50_HairB1"
        },
        {
            "children": [
                38
            ],
            "matrix": [
                0.9400606751441956,
                -3.420867647312143e-13,
                -0.3410072028636933,
                0.0,
                -4.878145318798488e-7,
                1.0,
                -0.000001344768179478706,
                0.0,
                0.3410072028636933,
                0.000001430511929356726,
                0.9400606751441956,
                0.0,
                0.3304364681243897,
                -7.392365257256894e-13,
                -1.9378650506496346e-7,
                1.0
            ],
            "name": "_51_HairB2"
        },
        {
            "matrix": [
                0.8747949004173279,
                6.258791245272732e-7,
                -0.4844934642314911,
                0.0,
                1.3429368550532673e-7,
                1.0,
                0.0000015343006225521097,
                0.0,
                0.4844934642314911,
                -0.00000140726274366898,
                0.8747949004173279,
                0.0,
                0.357446551322937,
                1.1088547614834798e-12,
                0.0,
                1.0
            ],
            "name": "_52_HairB3"
        },
        {
            "children": [
                40
            ],
            "matrix": [
                0.954586386680603,
                -0.24457958340644837,
                -0.17013424634933473,
                0.0,
                0.22721125185489658,
                0.9669969081878662,
                -0.11529093980789185,
                0.0,
                0.1927171051502228,
                0.07139874994754791,
                0.9786533117294312,
                0.0,
                0.4520694315433502,
                0.0,
                0.31514033675193789,
                1.0
            ],
            "name": "_47_HairA1"
        },
        {
            "matrix": [
                0.7589144110679627,
                -0.0966428443789482,
                -0.6439790725708008,
                0.0,
                0.04996030777692795,
                0.9946523308753968,
                -0.09039180725812912,
                0.0,
                0.6492710113525391,
                0.036426253616809848,
                0.7596843242645264,
                0.0,
                0.21843452751636506,
                0.0,
                4.844669021508708e-8,
                1.0
            ],
            "name": "_48_HairA2"
        },
        {
            "children": [
                42
            ],
            "matrix": [
                -0.9787635803222656,
                -0.20033462345600129,
                -0.04345003515481949,
                0.0,
                0.023895390331745149,
                0.09901490062475205,
                -0.994799017906189,
                0.0,
                0.2035948932170868,
                -0.974711298942566,
                -0.09212510287761688,
                0.0,
                0.44589191675186159,
                -0.4432883858680725,
                -0.19487425684928898,
                1.0
            ],
            "name": "_42_LFeeler1"
        },
        {
            "matrix": [
                0.8098899126052856,
                0.4933353662490845,
                -0.3173303008079529,
                0.0,
                -0.4430456161499024,
                0.8690173029899597,
                0.22027142345905305,
                0.0,
                0.3844332098960877,
                -0.03780381381511688,
                0.922378420829773,
                0.0,
                0.8878976106643677,
                2.422331704110548e-7,
                -9.689338043017418e-8,
                1.0
            ],
            "name": "_43_LFeeler2"
        },
        {
            "children": [
                44
            ],
            "matrix": [
                -0.009016891941428185,
                -0.9980568885803224,
                -0.061653170734643939,
                0.0,
                0.339343398809433,
                0.05494275689125061,
                -0.939056634902954,
                0.0,
                0.9406193494796752,
                -0.02938896976411343,
                0.3381886184215546,
                0.0,
                0.3001261353492737,
                -0.4523409307003021,
                -0.3417925536632538,
                1.0
            ],
            "name": "_38_LArm"
        },
        {
            "children": [
                45
            ],
            "matrix": [
                0.5608369708061218,
                -0.2920090258121491,
                0.7747210264205933,
                0.0,
                0.1260453909635544,
                0.954943597316742,
                0.26869186758995058,
                0.0,
                -0.8182752728462219,
                -0.05304231867194176,
                0.5723740458488464,
                0.0,
                0.7477378845214844,
                9.689338043017418e-8,
                0.0,
                1.0
            ],
            "name": "_39_LForeArm"
        },
        {
            "matrix": [
                0.592107355594635,
                0.0023991235066205265,
                -0.8058555126190186,
                0.0,
                -0.12515032291412354,
                0.9881366491317748,
                -0.08901317417621613,
                0.0,
                0.7960818409919739,
                0.15355843305587769,
                0.5853832364082336,
                0.0,
                0.7398031949996948,
                -4.844669092562981e-7,
                -1.4534006709254758e-7,
                1.0
            ],
            "name": "_40_LHand"
        }
    ],
    "meshes": [
        {
            "primitives": [
                {
                    "attributes": {
                        "COLOR_0": 1,
                        "JOINTS_0": 2,
                        "NORMAL": 3,
                        "POSITION": 4,
                        "TEXCOORD_0": 5,
                        "WEIGHTS_0": 6
                    },
                    "indices": 0,
                    "mode": 4,
                    "material": 0
                },
                {
                    "attributes": {
                        "COLOR_0": 8,
                        "JOINTS_0": 9,
                        "NORMAL": 10,
                        "POSITION": 11,
                        "TEXCOORD_0": 12,
                        "WEIGHTS_0": 13
                    },
                    "indices": 7,
                    "mode": 4,
                    "material": 1
                },
                {
                    "attributes": {
                        "COLOR_0": 15,
                        "JOINTS_0": 16,
                        "NORMAL": 17,
                        "POSITION": 18,
                        "TEXCOORD_0": 19,
                        "WEIGHTS_0": 20
                    },
                    "indices": 14,
                    "mode": 4,
                    "material": 2
                },
                {
                    "attributes": {
                        "COLOR_0": 22,
                        "JOINTS_0": 23,
                        "NORMAL": 24,
                        "POSITION": 25,
                        "TEXCOORD_0": 26,
                        "WEIGHTS_0": 27
                    },
                    "indices": 21,
                    "mode": 4,
                    "material": 3
                }
            ],
            "name": "Pidgeotto"
        }
    ],
    "skins": [
        {
            "inverseBindMatrices": 28,
            "skeleton": 2,
            "joints": [
                26,
                27,
                30,
                2,
                33,
                34,
                5,
                43,
                14,
                3,
                6,
                15,
                35,
                40,
                39,
                36,
                37,
                38,
                7,
                10,
                12,
                8,
                13,
                11,
                9,
                20,
                16,
                21,
                17,
                22,
                18,
                19,
                44,
                45,
                31,
                32,
                4,
                41,
                42,
                28,
                29
            ],
            "name": "geom-Pidgeotto-skin1"
        }
    ],
    "accessors": [
        {
            "bufferView": 0,
            "byteOffset": 0,
            "componentType": 5123,
            "count": 9618,
            "max": [
                2298
            ],
            "min": [
                0
            ],
            "type": "SCALAR"
        },
        {
            "bufferView": 1,
            "byteOffset": 0,
            "componentType": 5126,
            "count": 2299,
            "max": [
                1.0,
                1.0,
                1.0
            ],
            "min": [
                1.0,
                1.0,
                1.0
            ],
            "type": "VEC3"
        },
        {
            "bufferView": 2,
            "byteOffset": 0,
            "componentType": 5123,
            "count": 2299,
            "max": [
                36,
                36,
                36,
                17
            ],
            "min": [
                0,
                0,
                0,
                0
            ],
            "type": "VEC4"
        },
        {
            "bufferView": 1,
            "byteOffset": 27588,
            "componentType": 5126,
            "count": 2299,
            "max": [
                0.9993219375610352,
                0.9999967217445374,
                0.999817192554474
            ],
            "min": [
                -0.9993219375610352,
                -0.9999848008155824,
                -0.9996541142463684
            ],
            "type": "VEC3"
        },
        {
            "bufferView": 1,
            "byteOffset": 55176,
            "componentType": 5126,
            "count": 2299,
            "max": [
                0.8184466361999512,
                2.839770793914795,
                1.6491634845733645
            ],
            "min": [
                -0.7948927283287048,
                -0.04013237729668617,
                -1.9936941862106324
            ],
            "type": "VEC3"
        },
        {
            "bufferView": 2,
            "byteOffset": 18392,
            "componentType": 5126,
            "count": 2299,
            "max": [
                0.9960046410560608,
                0.9950051307678224
            ],
            "min": [
                0.004598965868353844,
                0.0053060054779052738
            ],
            "type": "VEC2"
        },
        {
            "bufferView": 3,
            "byteOffset": 0,
            "componentType": 5126,
            "count": 2299,
            "max": [
                1.0,
                0.9900000095367432,
                0.9700000286102296,
                0.6600000262260437
            ],
            "min": [
                0.009999999776482582,
                0.0,
                0.0,
                0.0
            ],
            "type": "VEC4"
        },
        {
            "bufferView": 0,
            "byteOffset": 19236,
            "componentType": 5123,
            "count": 96,
            "max": [
                29
            ],
            "min": [
                0
            ],
            "type": "SCALAR"
        },
        {
            "bufferView": 1,
            "byteOffset": 82764,
            "componentType": 5126,
            "count": 30,
            "max": [
                1.0,
                1.0,
                1.0
            ],
            "min": [
                1.0,
                1.0,
                1.0
            ],
            "type": "VEC3"
        },
        {
            "bufferView": 2,
            "byteOffset": 36784,
            "componentType": 5123,
            "count": 30,
            "max": [
                5,
                15,
                0,
                0
            ],
            "min": [
                5,
                0,
                0,
                0
            ],
            "type": "VEC4"
        },
        {
            "bufferView": 1,
            "byteOffset": 83124,
            "componentType": 5126,
            "count": 30,
            "max": [
                0.8569555282592773,
                0.4788534939289093,
                0.7423502206802368
            ],
            "min": [
                -0.8569555282592773,
                -0.6904218196868897,
                0.10594449937343598
            ],
            "type": "VEC3"
        },
        {
            "bufferView": 1,
            "byteOffset": 83484,
            "componentType": 5126,
            "count": 30,
            "max": [
                0.32554924488067629,
                2.354193925857544,
                1.4261465072631837
            ],
            "min": [
                -0.32554924488067629,
                2.1497669219970705,
                1.1543842554092408
            ],
            "type": "VEC3"
        },
        {
            "bufferView": 2,
            "byteOffset": 37024,
            "componentType": 5126,
            "count": 30,
            "max": [
                0.49454089999198916,
                0.16528737545013429
            ],
            "min": [
                0.006175159942358732,
                0.06463021039962769
            ],
            "type": "VEC2"
        },
        {
            "bufferView": 3,
            "byteOffset": 36784,
            "componentType": 5126,
            "count": 30,
            "max": [
                1.0,
                0.03999999910593033,
                0.0,
                0.0
            ],
            "min": [
                0.959999978542328,
                0.0,
                0.0,
                0.0
            ],
            "type": "VEC4"
        },
        {
            "bufferView": 0,
            "byteOffset": 19428,
            "componentType": 5123,
            "count": 7140,
            "max": [
                1807
            ],
            "min": [
                0
            ],
            "type": "SCALAR"
        },
        {
            "bufferView": 1,
            "byteOffset": 83844,
            "componentType": 5126,
            "count": 1808,
            "max": [
                1.0,
                1.0,
                1.0
            ],
            "min": [
                1.0,
                1.0,
                1.0
            ],
            "type": "VEC3"
        },
        {
            "bufferView": 2,
            "byteOffset": 37264,
            "componentType": 5123,
            "count": 1808,
            "max": [
                39,
                40,
                40,
                35
            ],
            "min": [
                0,
                0,
                0,
                0
            ],
            "type": "VEC4"
        },
        {
            "bufferView": 1,
            "byteOffset": 105540,
            "componentType": 5126,
            "count": 1808,
            "max": [
                0.999329686164856,
                0.9983799457550048,
                0.9993656873703004
            ],
            "min": [
                -0.999329686164856,
                -0.99881911277771,
                -0.9947047829627992
            ],
            "type": "VEC3"
        },
        {
            "bufferView": 1,
            "byteOffset": 127236,
            "componentType": 5126,
            "count": 1808,
            "max": [
                3.136239767074585,
                2.0956954956054689,
                1.3185395002365113
            ],
            "min": [
                -3.136239767074585,
                0.4971948266029358,
                -0.7224191427230835
            ],
            "type": "VEC3"
        },
        {
            "bufferView": 2,
            "byteOffset": 51728,
            "componentType": 5126,
            "count": 1808,
            "max": [
                0.9934573173522948,
                0.9968018531799316
            ],
            "min": [
                0.010162679478526116,
                0.005611777305603027
            ],
            "type": "VEC2"
        },
        {
            "bufferView": 3,
            "byteOffset": 37264,
            "componentType": 5126,
            "count": 1808,
            "max": [
                1.0,
                0.9900000095367432,
