{
    "asset": {
        "generator": "COLLADA2GLTF",
        "version": "2.0"
    },
    "scenes": [
        {
            "nodes": [
                0
            ]
        }
    ],
    "scene": 0,
    "nodes": [
        {
            "children": [
                54,
                53,
                52,
                1
            ],
            "matrix": [
                1.0,
                0.0,
                0.0,
                0.0,
                0.0,
                0.0,
                -1.0,
                0.0,
                0.0,
                1.0,
                0.0,
                0.0,
                0.0,
                0.0,
                0.0,
                1.0
            ],
            "name": "Z_UP"
        },
        {
            "children": [
                2
            ],
            "matrix": [
                1.0,
                0.0,
                0.0,
                0.0,
                0.0,
                4.4896641959724089e-11,
                1.0,
                0.0,
                0.0,
                -1.0,
                4.4896641959724089e-11,
                0.0,
                0.0,
                0.0,
                0.0,
                1.0
            ],
            "name": "pm0001_00"
        },
        {
            "children": [
                3
            ],
            "name": "Origin"
        },
        {
            "children": [
                15,
                4
            ],
            "matrix": [
                -0.000002592067630757811,
                0.2543885409832001,
                0.9671021103858948,
                0.0,
                -1.0,
                -0.000005491650426847627,
                -0.0000012357066907497938,
                0.0,
                0.00000499663701702957,
                -0.9671021103858948,
                0.2543885409832001,
                0.0,
                2.5400000325248585e-8,
                0.5025694370269775,
                -0.2872638404369354,
                1.0
            ],
            "name": "Waist"
        },
        {
            "children": [
                10,
                5
            ],
            "matrix": [
                -0.967101275920868,
                -5.131092279953009e-7,
                -0.2543915808200836,
                0.0,
                -5.1293113756401e-7,
                -1.0,
                0.000003966977146774298,
                0.0,
                -0.2543915808200836,
                0.000003966954409406753,
                0.967101275920868,
                0.0,
                0.0,
                0.0,
                0.0,
                1.0
            ],
            "name": "Hips"
        },
        {
            "children": [
                6
            ],
            "matrix": [
                0.17941129207611085,
                -0.963607668876648,
                0.19817128777503968,
                0.0,
                6.699561936329701e-7,
                0.20143994688987733,
                0.9795008897781372,
                0.0,
                -0.983774185180664,
                -0.17573337256908418,
                0.03614124283194542,
                0.0,
                0.16161181032657624,
                -0.198592945933342,
                0.05489117279648781,
                1.0
            ],
            "name": "RHips"
        },
        {
            "children": [
                7
            ],
            "matrix": [
                0.1774125695228577,
                0.9736557006835938,
                0.1432458460330963,
                0.0,
                -0.9636090397834778,
                0.20143574476242064,
                -0.17573079466819764,
                0.0,
                -0.19995611906051637,
                -0.10685613751411438,
                0.9739606380462648,
                0.0,
                0.23024463653564457,
                -6.096000220168207e-7,
                0.0,
                1.0
            ],
            "name": "RThigh"
        },
        {
            "children": [
                8
            ],
            "matrix": [
                0.979070007801056,
                0.0,
                -0.20352384448051456,
                0.0,
                0.0,
                1.0,
                0.0,
                0.0,
                0.20352384448051456,
                0.0,
                0.979070007801056,
                0.0,
                0.2154885083436966,
                2.5400000325248585e-8,
                -4.826000008506526e-7,
                1.0
            ],
            "name": "RLeg"
        },
        {
            "children": [
                9
            ],
            "matrix": [
                -0.09549649059772492,
                0.0,
                0.9954297542572022,
                0.0,
                0.0,
                1.0,
                0.0,
                0.0,
                -0.9954297542572022,
                0.0,
                -0.09549649059772492,
                0.0,
                0.1254584789276123,
                0.0,
                2.5400000325248585e-8,
                1.0
            ],
            "name": "RFoot"
        },
        {
            "matrix": [
                1.0,
                0.0,
                0.0,
                0.0,
                0.0,
                1.0,
                0.0,
                0.0,
                0.0,
                0.0,
                1.0,
                0.0,
                0.06096024811267853,
                0.002143658231943846,
                -0.04095902293920517,
                1.0
            ],
            "name": "RToe"
        },
        {
            "children": [
                11
            ],
            "matrix": [
                0.17941448092460633,
                0.9636080861091614,
                0.19816634058952332,
                0.0,
                -0.000002325044533790788,
                0.20143532752990724,
                -0.9795018434524536,
                0.0,
                -0.9837735891342164,
                0.17573635280132297,
                0.036142654716968539,
                0.0,
                0.16161231696605686,
                0.198592945933342,
                0.05489091947674751,
                1.0
            ],
            "name": "LHips"
        },
        {
            "children": [
                12
            ],
            "matrix": [
                0.1774125695228577,
                -0.9736557006835938,
                0.1432458460330963,
                0.0,
                0.9636090397834778,
                0.20143574476242064,
                0.17573079466819764,
                0.0,
                -0.19995611906051637,
                0.10685613751411438,
                0.9739606380462648,
                0.0,
                0.23024362325668336,
                -2.5400000325248585e-8,
                0.0,
                1.0
            ],
            "name": "LThigh"
        },
        {
            "children": [
                13
            ],
            "matrix": [
                0.979070007801056,
                0.0,
                -0.20352384448051456,
                0.0,
                0.0,
                1.0,
                0.0,
                0.0,
                0.20352384448051456,
                0.0,
                0.979070007801056,
                0.0,
                0.2154882550239563,
                0.0,
                0.0,
                1.0
            ],
            "name": "LLeg"
        },
        {
            "children": [
                14
            ],
            "matrix": [
                -0.09549649059772492,
                2.0013344226299527e-7,
                0.9954297542572022,
                0.0,
                0.000004181852546025766,
                1.0,
                2.0013344226299527e-7,
                0.0,
                -0.9954297542572022,
                0.000004181852546025766,
                -0.09549649059772492,
                0.0,
                0.1254584789276123,
                7.620000275210259e-8,
                -1.2699999274445873e-7,
                1.0
            ],
            "name": "LFoot"
        },
        {
            "matrix": [
                1.0,
                0.0,
                0.0,
                0.0,
                0.0,
                1.0,
                0.0,
                0.0,
                0.0,
                0.0,
                1.0,
                0.0,
                0.06096000224351883,
                -0.002143759978935123,
                -0.04095902293920517,
                1.0
            ],
            "name": "LToe"
        },
        {
            "children": [
                37,
                16
            ],
            "name": "Spine1"
        },
        {
            "children": [
                27,
                17
            ],
            "matrix": [
                -0.004567438270896673,
                0.0,
                -0.9999895691871644,
                0.0,
                0.0,
                1.0,
                0.0,
                0.0,
                0.9999895691871644,
                0.0,
                -0.004567438270896673,
                0.0,
                0.1426177024841309,
                2.5400000325248585e-8,
                -0.2430848479270935,
                1.0
            ],
            "name": "Feeler"
        },
        {
            "children": [
                18
            ],
            "matrix": [
                0.9659261703491212,
                5.305460035742726e-7,
                0.2588178217411041,
                0.0,
                -0.2588178217411041,
                -0.000003683883051053272,
                0.9659261703491212,
                0.0,
                0.0000014659228781965797,
                -1.0,
                -0.000003421044311835431,
                0.0,
                0.072371706366539,
                0.3041345179080963,
                0.1795106828212738,
                1.0
            ],
            "name": "RFeelerC01"
        },
        {
            "children": [
                19
            ],
            "matrix": [
                1.0,
                0.0,
                0.0,
                0.0,
                0.0,
                1.0,
                0.0,
                0.0,
                0.0,
                0.0,
                1.0,
                0.0,
                0.3623335361480713,
                0.0,
                0.0,
                1.0
            ],
            "name": "RFeelerC02"
        },
        {
            "children": [
                20
            ],
            "matrix": [
                1.0,
                0.0,
                0.0,
                0.0,
                0.0,
                1.0,
                0.0,
                0.0,
                0.0,
                0.0,
                1.0,
                0.0,
                0.28912821412086489,
                0.0,
                0.0,
                1.0
            ],
            "name": "RFeelerC03"
        },
        {
            "children": [
                21
            ],
            "matrix": [
                1.0,
                0.0,
                0.0,
                0.0,
                0.0,
                1.0,
                0.0,
                0.0,
                0.0,
                0.0,
                1.0,
                0.0,
                0.28912821412086489,
                0.0,
                0.0,
                1.0
            ],
            "name": "RFeelerC04"
        },
        {
            "children": [
                22
            ],
            "matrix": [
                1.0,
                0.0,
                0.0,
                0.0,
                0.0,
                1.0,
                0.0,
                0.0,
                0.0,
                0.0,
                1.0,
                0.0,
                0.28912821412086489,
                0.0,
                -2.5400000325248585e-8,
                1.0
            ],
            "name": "RFeelerC05"
        },
        {
            "children": [
                23
            ],
            "matrix": [
                1.0,
                0.0,
                0.0,
                0.0,
                0.0,
                1.0,
                0.0,
                0.0,
                0.0,
                0.0,
                1.0,
                0.0,
                0.28912821412086489,
                0.0,
                0.0,
                1.0
            ],
            "name": "RFeelerC06"
        },
        {
            "children": [
                24
            ],
            "matrix": [
                1.0,
                0.0,
                0.0,
                0.0,
                0.0,
                1.0,
                0.0,
                0.0,
                0.0,
                0.0,
                1.0,
                0.0,
                0.2891180217266083,
                0.0,
                0.0,
                1.0
            ],
            "name": "RFeelerC07"
        },
        {
            "children": [
                25
            ],
            "matrix": [
                1.0,
                0.0,
                0.0,
                0.0,
                0.0,
                1.0,
                0.0,
                0.0,
                0.0,
                0.0,
                1.0,
                0.0,
                0.28912821412086489,
                0.0,
                0.0,
                1.0
            ],
            "name": "RFeelerC08"
        },
        {
            "children": [
                26
            ],
            "matrix": [
                1.0,
                0.0,
                0.0,
                0.0,
                0.0,
                1.0,
                0.0,
                0.0,
                0.0,
                0.0,
                1.0,
                0.0,
                0.2891536056995392,
                0.0,
                0.0,
                1.0
            ],
            "name": "RFeelerC09"
        },
        {
            "matrix": [
                1.0,
                0.0,
                0.0,
                0.0,
                0.0,
                1.0,
                0.0,
                0.0,
                0.0,
                0.0,
                1.0,
                0.0,
                0.28912821412086489,
                0.0,
                -0.0,
                1.0
            ],
            "name": "RFeelerC10"
        },
        {
            "children": [
                28
            ],
            "matrix": [
                0.9659261703491212,
                5.305460035742726e-7,
                0.2588178217411041,
                0.0,
                -0.2588178217411041,
                -0.000003683883051053272,
                0.9659261703491212,
                0.0,
                0.0000014659228781965797,
                -1.0,
                -0.000003421044311835431,
                0.0,
                0.072371706366539,
                -0.3041345179080963,
                0.1795106828212738,
                1.0
            ],
            "name": "LFeelerC01"
        },
        {
            "children": [
                29
            ],
            "matrix": [
                1.0,
                0.0,
                0.0,
                0.0,
                0.0,
                1.0,
                0.0,
                0.0,
                0.0,
                0.0,
                1.0,
                0.0,
                0.3623335361480713,
                0.0,
                0.0,
                1.0
            ],
            "name": "LFeelerC02"
        },
        {
            "children": [
                30
            ],
            "matrix": [
                1.0,
                0.0,
                0.0,
                0.0,
                0.0,
                1.0,
                0.0,
                0.0,
                0.0,
                0.0,
                1.0,
                0.0,
                0.28912821412086489,
                0.0,
                0.0,
                1.0
            ],
            "name": "LFeelerC03"
        },
        {
            "children": [
                31
            ],
            "matrix": [
                1.0,
                0.0,
                0.0,
                0.0,
                0.0,
                1.0,
                0.0,
                0.0,
                0.0,
                0.0,
                1.0,
                0.0,
                0.28912821412086489,
                0.0,
                0.0,
                1.0
            ],
            "name": "LFeelerC04"
        },
        {
            "children": [
                32
            ],
            "matrix": [
                1.0,
                0.0,
                0.0,
                0.0,
                0.0,
                1.0,
                0.0,
                0.0,
                0.0,
                0.0,
                1.0,
                0.0,
                0.28912821412086489,
                0.0,
                -2.5400000325248585e-8,
                1.0
            ],
            "name": "LFeelerC05"
        },
        {
            "children": [
                33
            ],
            "matrix": [
                1.0,
                0.0,
                0.0,
                0.0,
                0.0,
                1.0,
                0.0,
                0.0,
                0.0,
                0.0,
                1.0,
                0.0,
                0.28912821412086489,
                0.0,
                0.0,
                1.0
            ],
            "name": "LFeelerC06"
        },
        {
            "children": [
                34
            ],
            "matrix": [
                1.0,
                0.0,
                0.0,
                0.0,
                0.0,
                1.0,
                0.0,
                0.0,
                0.0,
                0.0,
                1.0,
                0.0,
                0.2891180217266083,
                0.0,
                0.0,
                1.0
            ],
            "name": "LFeelerC07"
        },
        {
            "children": [
                35
            ],
            "matrix": [
                1.0,
                0.0,
                0.0,
                0.0,
                0.0,
                1.0,
                0.0,
                0.0,
                0.0,
                0.0,
                1.0,
                0.0,
                0.28912821412086489,
                0.0,
                0.0,
                1.0
            ],
            "name": "LFeelerC08"
        },
        {
            "children": [
                36
            ],
            "matrix": [
                1.0,
                0.0,
                0.0,
                0.0,
                0.0,
                1.0,
                0.0,
                0.0,
                0.0,
                0.0,
                1.0,
                0.0,
                0.2891536056995392,
                0.0,
                0.0,
                1.0
            ],
            "name": "LFeelerC09"
        },
        {
            "matrix": [
                1.0,
                0.0,
                0.0,
                0.0,
                0.0,
                1.0,
                0.0,
                0.0,
                0.0,
                0.0,
                1.0,
                0.0,
                0.28912821412086489,
                0.0,
                -0.0,
                1.0
            ],
            "name": "LFeelerC10"
        },
        {
            "children": [
                47,
                42,
                38
            ],
            "matrix": [
                0.9992318749427797,
                0.0,
                -0.0391879603266716,
                0.0,
                0.0,
                1.0,
                0.0,
                0.0,
                0.0391879603266716,
                0.0,
                0.9992318749427797,
                0.0,
                0.3766438961029053,
                -2.5400000325248585e-8,
                1.2699999274445873e-7,
                1.0
            ],
            "name": "Spine2"
        },
        {
            "children": [
                41,
                40,
                39
            ],
            "matrix": [
                0.9563899636268616,
                -8.762788752392225e-7,
                0.2920929491519928,
                0.0,
                8.762788752392225e-7,
                1.0,
                1.3083018757242829e-7,
                0.0,
                -0.2920929491519928,
                1.3083018757242829e-7,
                0.9563899636268616,
                0.0,
                0.4301007390022278,
                5.0800000650497177e-8,
                -2.5400000325248585e-8,
                1.0
            ],
            "name": "Head"
        },
        {
            "matrix": [
                -0.09908179193735124,
                -0.590295672416687,
                -0.8010829091072083,
                0.0,
                2.087296593344945e-7,
                0.8050442934036255,
                -0.5932146906852722,
                0.0,
                0.9950792789459229,
                -0.05877694487571716,
                -0.07976511120796204,
                0.0,
                0.0955055207014084,
                -0.4069867432117462,
                -0.3191078305244446,
                1.0
            ],
            "name": "LEar"
        },
        {
            "matrix": [
                -0.09908243268728256,
                0.5902955532073975,
                -0.8010829091072083,
                0.0,
                -0.0000022502545107272459,
                0.8050442337989807,
                0.5932148098945618,
                0.0,
                0.995079219341278,
                0.05877896770834923,
                -0.07976441085338593,
                0.0,
                0.0955047532916069,
                0.4069867432117462,
                -0.31911033391952517,
                1.0
            ],
            "name": "REar"
        },
        {
            "matrix": [
                0.9284006357192992,
                -1.6989590290172886e-11,
                0.37158069014549258,
                0.0,
                1.6989590290172886e-11,
                -1.0,
                -8.817125501936474e-11,
                0.0,
                0.37158069014549258,
                8.817125501936474e-11,
                -0.9284006357192992,
                0.0,
                0.0934143364429474,
                1.7780000405309696e-7,
                0.1496405303478241,
                1.0
            ],
            "name": "Jaw"
        },
        {
            "children": [
                43
            ],
            "matrix": [
                -0.1379868984222412,
                0.807981014251709,
                0.5728231072425842,
                0.0,
                -0.23614813387393952,
                -0.5885152220726013,
                0.7732295393943787,
                0.0,
                0.9618698954582214,
                -0.02857557311654091,
                0.27201059460639956,
                0.0,
                0.2680004835128784,
                0.23877905309200288,
                0.08133003115653992,
                1.0
            ],
            "name": "RShoulder"
        },
        {
            "children": [
                44
            ],
            "matrix": [
                0.5875843167304993,
                0.8012247681617737,
                0.1130642592906952,
                0.0,
                -0.8079853057861328,
                0.5885090231895447,
                0.028581274673342706,
                0.0,
                -0.04363930597901344,
                -0.10814817249774932,
                0.993176519870758,
                0.0,
                0.255465567111969,
                -6.603999622711854e-7,
                0.0000011938000170630406,
                1.0
            ],
            "name": "RArm"
        },
        {
            "children": [
                45
            ],
            "matrix": [
                0.9997429847717284,
                0.0,
                0.022670231759548188,
                0.0,
                0.0,
                1.0,
                0.0,
                0.0,
                -0.022670231759548188,
                0.0,
                0.9997429847717284,
                0.0,
                0.26651710271835329,
                0.0,
                -0.0000020319998839113397,
                1.0
            ],
            "name": "RForeArm"
        },
        {
            "children": [
                46
            ],
            "matrix": [
                0.15182502567768098,
                1.47013224705006e-7,
                0.9884073734283448,
                0.0,
                0.000010031087185780052,
                1.0,
                -0.0000016895697854124592,
                0.0,
                -0.9884073734283448,
                0.000010171319445362317,
                0.15182502567768098,
                0.0,
                0.12387605011463164,
                2.5400000325248585e-8,
                7.619999564667523e-7,
                1.0
            ],
            "name": "RHand"
        },
        {
            "matrix": [
                0.9999899864196776,
                0.00005299879558151588,
                -0.004475981928408146,
                0.0,
                -0.00004924844688503072,
                0.9999996423721314,
                0.0008379888604395092,
                0.0,
                0.004476024769246578,
                -0.0008377600461244583,
                0.9999896287918092,
                0.0,
                0.03789806738495827,
                -3.8099997823337619e-7,
                -0.04805654287338257,
                1.0
            ],
            "name": "RFinger"
        },
        {
            "children": [
                48
            ],
            "matrix": [
                -0.13798701763153077,
                -0.8079808950424194,
                0.5728232860565186,
                0.0,
                0.2361479699611664,
                -0.5885154008865356,
                -0.7732294201850891,
                0.0,
                0.9618698954582214,
                0.028575420379638673,
                0.2720105350017548,
                0.0,
                0.2680004835128784,
                -0.23877905309200288,
                0.08132977783679962,
                1.0
            ],
            "name": "LShoulder"
        },
        {
            "children": [
                49
            ],
            "matrix": [
                0.5875843167304993,
                -0.8012247681617737,
                0.1130642592906952,
                0.0,
                0.8079853057861328,
                0.5885090231895447,
                -0.028581274673342706,
                0.0,
                -0.04363930597901344,
                0.10814817249774932,
                0.993176519870758,
                0.0,
                0.2554630339145661,
                2.5400000325248585e-8,
                0.0,
                1.0
            ],
            "name": "LArm"
        },
        {
            "children": [
                50
            ],
            "matrix": [
                0.9997429847717284,
                0.0,
                0.022670231759548188,
                0.0,
                0.0,
                1.0,
                0.0,
                0.0,
                -0.022670231759548188,
                0.0,
                0.9997429847717284,
                0.0,
                0.26651710271835329,
                2.5400000325248585e-8,
                0.0,
                1.0
            ],
            "name": "LForeArm"
        },
        {
            "children": [
                51
            ],
            "matrix": [
                0.15182502567768098,
                -5.677102308254689e-7,
                0.9884073734283448,
                0.0,
                -0.000004521339633356547,
                1.0,
                0.0000012688723245446454,
                0.0,
                -0.9884073734283448,
                -0.00000466157234768616,
                0.15182502567768098,
                0.0,
                0.12387580424547196,
                0.0,
                2.5400000325248585e-8,
                1.0
            ],
            "name": "LHand"
        },
        {
            "matrix": [
                0.999990463256836,
                -0.000053878484322922307,
                -0.004371980205178261,
                0.0,
                0.00005732409408665262,
                0.999999701976776,
                0.0007879906916059554,
                0.0,
                0.004371936433017254,
                -0.00078823376679793,
                0.9999901056289672,
                0.0,
                0.03789680078625679,
                3.301999811355927e-7,
                -0.04805654287338257,
                1.0
            ],
            "name": "LFinger"
        },
        {
            "mesh": 0,
            "skin": 0,
            "name": "Bulbasaur_RVine"
        },
        {
            "mesh": 1,
            "skin": 1,
            "name": "Bulbasaur_LVine"
        },
        {
            "mesh": 2,
            "skin": 2,
            "name": "Bulbasaur"
        }
    ],
    "meshes": [
        {
            "primitives": [
                {
                    "attributes": {
                        "JOINTS_0": 1,
                        "NORMAL": 2,
                        "POSITION": 3,
                        "TEXCOORD_0": 4,
                        "WEIGHTS_0": 5
                    },
                    "indices": 0,
                    "mode": 4,
                    "material": 0
                }
            ],
            "name": "Bulbasaur_RVine"
        },
        {
            "primitives": [
                {
                    "attributes": {
                        "JOINTS_0": 7,
                        "NORMAL": 8,
                        "POSITION": 9,
                        "TEXCOORD_0": 10,
                        "WEIGHTS_0": 11
                    },
                    "indices": 6,
                    "mode": 4,
                    "material": 1
                }
            ],
            "name": "Bulbasaur_LVine"
        },
        {
            "primitives": [
                {
                    "attributes": {
                        "JOINTS_0": 13,
                        "NORMAL": 14,
                        "POSITION": 15,
                        "TEXCOORD_0": 16,
                        "WEIGHTS_0": 17
                    },
                    "indices": 12,
                    "mode": 4,
                    "material": 2
                },
                {
                    "attributes": {
                        "JOINTS_0": 19,
                        "NORMAL": 20,
                        "POSITION": 21,
                        "TEXCOORD_0": 22,
                        "WEIGHTS_0": 23
                    },
                    "indices": 18,
                    "mode": 4,
                    "material": 3
                },
                {
                    "attributes": {
                        "JOINTS_0": 25,
                        "NORMAL": 26,
                        "POSITION": 27,
                        "TEXCOORD_0": 28,
                        "WEIGHTS_0": 29
                    },
                    "indices": 24,
                    "mode": 4,
                    "material": 4
                },
                {
                    "attributes": {
                        "JOINTS_0": 31,
                        "NORMAL": 32,
                        "POSITION": 33,
                        "TEXCOORD_0": 34,
                        "WEIGHTS_0": 35
                    },
                    "indices": 30,
                    "mode": 4,
                    "material": 5
                }
            ],
            "name": "Bulbasaur"
        }
    ],
    "skins": [
        {
            "inverseBindMatrices": 36,
            "joints": [
                17,
                18,
                19,
                20,
                21,
                22,
                23,
                24,
                25,
                26
            ],
            "name": "Bulbasaur_RVine-mesh-skin"
        },
        {
            "inverseBindMatrices": 37,
            "joints": [
                27,
                28,
                29,
                30,
                31,
                32,
                33,
                34,
                35,
                36
            ],
            "name": "Bulbasaur_LVine-mesh-skin"
        },
        {
            "inverseBindMatrices": 38,
            "joints": [
                4,
                10,
                11,
                12,
                13,
                14,
                5,
                6,
                7,
                8,
                9,
                15,
                16,
                37,
                38,
                41,
                39,
                40,
                47,
                48,
                49,
                50,
                51,
                42,
                43,
                44,
                45,
                46
            ],
            "name": "Bulbasaur-mesh-skin"
        }
    ],
    "accessors": [
        {
            "bufferView": 0,
            "byteOffset": 0,
            "componentType": 5123,
            "count": 1116,
            "max": [
                247
            ],
            "min": [
                0
            ],
            "type": "SCALAR"
        },
        {
            "bufferView": 1,
            "byteOffset": 0,
            "componentType": 5123,
            "count": 248,
            "max": [
                9,
                9,
                0,
                0
            ],
            "min": [
                0,
                0,
                0,
                0
            ],
            "type": "VEC4"
        },
        {
            "bufferView": 2,
            "byteOffset": 0,
            "componentType": 5126,
            "count": 248,
            "max": [
                1.0,
                0.8660359978675842,
                1.0
            ],
            "min": [
                -1.0,
                -0.8660359978675842,
                -1.0
            ],
            "type": "VEC3"
        },
        {
            "bufferView": 2,
            "byteOffset": 2976,
            "componentType": 5126,
            "count": 248,
            "max": [
                -0.2343287169933319,
                0.11695734411478044,
                3.780409097671509
            ],
            "min": [
                -0.3738854229450226,
                -0.0039018969982862474,
                0.8643086552619934
            ],
            "type": "VEC3"
        },
        {
            "bufferView": 1,
            "byteOffset": 1984,
            "componentType": 5126,
            "count": 248,
            "max": [
                0.4843840003013611,
                -0.011690020561218262
            ],
            "min": [
                0.015579999424517157,
                -0.5695199966430664
            ],
            "type": "VEC2"
        },
        {
            "bufferView": 3,
            "byteOffset": 0,
            "componentType": 5126,
            "count": 248,
            "max": [
                1.0,
                0.9900000095367432,
                0.0,
                0.0
            ],
            "min": [
                0.010000000707805157,
                0.0,
                0.0,
                0.0
            ],
            "type": "VEC4"
        },
        {
            "bufferView": 0,
            "byteOffset": 2232,
            "componentType": 5123,
            "count": 1116,
            "max": [
                247
            ],
            "min": [
                0
            ],
            "type": "SCALAR"
        },
        {
            "bufferView": 1,
            "byteOffset": 3968,
            "componentType": 5123,
            "count": 248,
            "max": [
                9,
                9,
                0,
                0
            ],
            "min": [
                0,
                0,
                0,
                0
            ],
            "type": "VEC4"
        },
        {
            "bufferView": 2,
            "byteOffset": 5952,
            "componentType": 5126,
            "count": 248,
            "max": [
                1.0,
                0.8660359978675842,
                1.0
            ],
            "min": [
                -1.0,
                -0.8660359978675842,
                -1.0
            ],
            "type": "VEC3"
        },
        {
            "bufferView": 2,
            "byteOffset": 8928,
            "componentType": 5126,
            "count": 248,
            "max": [
                0.3738854229450226,
                0.11695734411478044,
                3.780409097671509
            ],
            "min": [
                0.2343287169933319,
                -0.0039018969982862474,
                0.8643086552619934
            ],
            "type": "VEC3"
        },
        {
            "bufferView": 1,
            "byteOffset": 5952,
            "componentType": 5126,
            "count": 248,
            "max": [
                0.9844200015068054,
                -0.011690020561218262
            ],
            "min": [
                0.5156159996986389,
                -0.5695199966430664
            ],
            "type": "VEC2"
        },
        {
            "bufferView": 3,
            "byteOffset": 3968,
            "componentType": 5126,
            "count": 248,
            "max": [
                1.0,
                0.9900000095367432,
                0.0,
                0.0
            ],
            "min": [
                0.010000000707805157,
                0.0,
                0.0,
                0.0
            ],
            "type": "VEC4"
        },
        {
            "bufferView": 0,
            "byteOffset": 4464,
            "componentType": 5123,
            "count": 9396,
            "max": [
                2027
            ],
            "min": [
                0
            ],
            "type": "SCALAR"
        },
        {
            "bufferView": 1,
            "byteOffset": 7936,
            "componentType": 5123,
            "count": 2028,
            "max": [
                27,
                27,
                26,
                27
            ],
            "min": [
                0,
                0,
                0,
                0
            ],
            "type": "VEC4"
        },
        {
            "bufferView": 2,
            "byteOffset": 11904,
            "componentType": 5126,
            "count": 2028,
            "max": [
                0.9996349811553956,
                0.992160975933075,
                0.9994879961013794
            ],
            "min": [
                -0.9996349811553956,
                -0.9992299675941468,
                -1.0
            ],
            "type": "VEC3"
        },
        {
            "bufferView": 2,
            "byteOffset": 36240,
            "componentType": 5126,
            "count": 2028,
            "max": [
                0.6701332926750183,
                0.7823529839515686,
                1.2270281314849854
