{
    "asset": {
        "generator": "COLLADA2GLTF",
        "version": "2.0"
    },
    "scenes": [
        {
            "nodes": [
                0
            ]
        }
    ],
    "scene": 0,
    "nodes": [
        {
            "children": [
                31,
                1
            ],
            "matrix": [
                1.0,
                0.0,
                0.0,
                0.0,
                0.0,
                0.0,
                -1.0,
                0.0,
                0.0,
                1.0,
                0.0,
                0.0,
                0.0,
                0.0,
                0.0,
                1.0
            ],
            "name": "Z_UP"
        },
        {
            "mesh": 0,
            "skin": 0,
            "name": "Beedrill"
        },
        {
            "children": [
                26,
                23,
                22,
                21,
                16,
                13,
                12,
                11,
                6,
                3
            ],
            "matrix": [
                -0.000003595222551666666,
                1.0,
                0.0,
                0.0,
                -1.0,
                -0.000003595222551666666,
                0.0,
                0.0,
                0.0,
                0.0,
                1.0,
                0.0,
                0.0,
                1.3111988306045533,
                0.0,
                1.0
            ],
            "name": "_03_Waist"
        },
        {
            "children": [
                4
            ],
            "matrix": [
                -0.9999929666519164,
                -0.0000018642903114596264,
                0.0037579452618956568,
                0.0,
                0.0000018643081602931489,
                -1.0,
                1.2605518850961062e-9,
                0.0,
                0.0037579452618956568,
                8.266511031251867e-9,
                0.9999929666519164,
                0.0,
                -0.2136840522289276,
                0.0,
                -0.1043442115187645,
                1.0
            ],
            "name": "_43_Tail1"
        },
        {
            "children": [
                5
            ],
            "matrix": [
                0.999324917793274,
                7.834888337068803e-13,
                0.03673823922872543,
                0.0,
                -4.059912475651295e-11,
                1.0,
                1.083019451897371e-9,
                0.0,
                -0.03673823922872543,
                -1.083779843646937e-9,
                0.999324917793274,
                0.0,
                0.4929886162281037,
                -7.392365257256894e-13,
                -0.00004560645902529359,
                1.0
            ],
            "name": "_44_Tail2"
        },
        {
            "matrix": [
                0.9999182224273682,
                3.251462032949348e-8,
                0.01279033161699772,
                0.0,
                -3.2536490834900187e-8,
                1.0,
                1.501771040857136e-9,
                0.0,
                -0.01279033161699772,
                -1.9178008070497305e-9,
                0.9999182224273682,
                0.0,
                0.5616780519485474,
                7.392365257256894e-13,
                0.03144294023513794,
                1.0
            ],
            "name": "_45_Tail3"
        },
        {
            "children": [
                7
            ],
            "matrix": [
                -0.5494294762611389,
                0.6068323254585266,
                0.5743533372879028,
                0.0,
                -0.5309336185455322,
                -0.7843435406684876,
                0.3208032548427582,
                0.0,
                0.6451641321182251,
                -0.12868471443653108,
                0.7531291246414185,
                0.0,
                -0.1623467653989792,
                0.09978211671113968,
                0.11053139716386797,
                1.0
            ],
            "name": "_36_RThigh"
        },
        {
            "children": [
                8
            ],
            "matrix": [
                0.17416363954544068,
                -7.631933129914614e-8,
                -0.9847167134284972,
                0.0,
                -5.120230071042897e-7,
                1.0,
                -1.6806369274036118e-7,
                0.0,
                0.9847167134284972,
                5.33468210051069e-7,
                0.17416363954544068,
                0.0,
                0.7131301164627075,
                2.422331704110548e-7,
                -6.782536843275011e-7,
                1.0
            ],
            "name": "_37_RLeg"
        },
        {
            "children": [
                9
            ],
            "matrix": [
                -4.032744698179158e-7,
                -0.1651165932416916,
                0.9862740635871888,
                0.0,
                -8.66233733631816e-7,
                0.9862740635871888,
                0.1651165932416916,
                0.0,
                -1.0,
                -7.877565622038674e-7,
                -5.407687240222003e-7,
                0.0,
                1.046339988708496,
                4.3601892230071828e-7,
                5.329123382580292e-7,
                1.0
            ],
            "name": "_38_RFoot"
        },
        {
            "children": [
                10
            ],
            "matrix": [
                0.9899060726165772,
                0.029063576832413678,
                -0.1387130916118622,
                0.0,
                0.0082798320800066,
                0.9652159810066224,
                0.2613227367401123,
                0.0,
                0.14148306846618653,
                -0.2598334848880768,
                0.9552325010299684,
                0.0,
                0.17130941152572633,
                4.3601892230071828e-7,
                2.422331704110548e-7,
                1.0
            ],
            "name": "_40_RToe1"
        },
        {
            "matrix": [
                0.9221937656402588,
                -0.052942488342523578,
                -0.3830871880054474,
                0.0,
                0.03296387195587158,
                0.9977409839630128,
                -0.058534491807222369,
                0.0,
                0.3853207528591156,
                0.041352104395627978,
                0.9218556880950928,
                0.0,
                0.11527256667613985,
                -2.906801341850951e-7,
                -4.239081974333203e-8,
                1.0
            ],
            "name": "_41_RToe2"
        },
        {
            "matrix": [
                0.39167436957359316,
                0.8759000301361084,
                -0.28176289796829226,
                0.0,
                -0.8480924367904663,
                0.22491435706615449,
                -0.4797423183917999,
                0.0,
                -0.3568337857723236,
                0.4268637597560883,
                0.830937385559082,
                0.0,
                0.2260001599788666,
                0.014773094095289708,
                -0.1614416390657425,
                1.0
            ],
            "name": "_34_RFeelerB"
        },
        {
            "matrix": [
                -0.14828936755657197,
                0.8390267491340637,
                -0.5234924554824829,
                0.0,
                -0.9276031851768494,
                -0.30153384804725649,
                -0.22052137553691865,
                0.0,
                -0.34287405014038088,
                0.4528923034667969,
                0.8229981660842896,
                0.0,
                0.028921404853463178,
                0.03442484885454178,
                -0.2594965696334839,
                1.0
            ],
            "name": "_32_RFeelerA"
        },
        {
            "children": [
                14
            ],
            "matrix": [
                0.5070423483848572,
                0.5172331929206848,
                0.689476490020752,
                0.0,
                -0.20571878552436829,
                0.8494338393211365,
                -0.4859443902969361,
                0.0,
                -0.8370112180709839,
                0.1045561283826828,
                0.537103533744812,
                0.0,
                0.07777944207191467,
                0.19305139780044557,
                0.1478617787361145,
                1.0
            ],
            "name": "_28_RArm"
        },
        {
            "children": [
                15
            ],
            "matrix": [
                0.2377280592918396,
                1.5956960908170007e-7,
                0.971331775188446,
                0.0,
                0.000002461469193804078,
                -1.0,
                -4.381517157980852e-7,
                0.0,
                0.971331775188446,
                0.0000024950641090981664,
                -0.2377280592918396,
                0.0,
                0.5806160569190979,
                -7.993709800757642e-7,
                9.689338043017418e-8,
                1.0
            ],
            "name": "_29_RForeArm"
        },
        {
            "matrix": [
                0.9926320910453796,
                0.05545132979750633,
                -0.10773426294326782,
                0.0,
                -0.09334950894117356,
                0.9168373346328737,
                -0.3881947100162506,
                0.0,
                0.07724888622760773,
                0.3953914642333985,
                0.915258526802063,
                0.0,
                0.2532348930835724,
                -7.509230499636033e-7,
                0.0000015502940868827864,
                1.0
            ],
            "name": "_30_RHand"
        },
        {
            "children": [
                17
            ],
            "matrix": [
                -0.5494292378425598,
                -0.6068325638771057,
                0.5743533372879028,
                0.0,
                0.5309337377548218,
                -0.7843433618545532,
                -0.3208034932613373,
                0.0,
                0.6451642513275147,
                0.12868477404117585,
                0.7531290054321289,
                0.0,
                -0.16234764456748966,
                -0.09978209435939788,
                0.11053139716386797,
                1.0
            ],
            "name": "_21_LThigh"
        },
        {
            "children": [
                18
            ],
            "matrix": [
                0.17416325211524964,
                -2.83637234588241e-7,
                -0.984716773033142,
                0.0,
                0.0000010071098586195149,
                1.0,
                -1.0991557530815045e-7,
                0.0,
                0.984716773033142,
                -9.725747531774689e-7,
                0.17416325211524964,
                0.0,
                0.7131304740905762,
                1.9378650506496346e-7,
                -9.689338043017418e-8,
                1.0
            ],
            "name": "_22_LLeg"
        },
        {
            "children": [
                19
            ],
            "matrix": [
                -9.420381275049294e-7,
                0.16511651873588566,
                0.9862740635871888,
                0.0,
                9.110207201956656e-7,
                0.9862740635871888,
                -0.16511651873588566,
                0.0,
                -1.0,
                7.429700303873688e-7,
                -0.0000010795323532875046,
                0.0,
                1.0463402271270753,
                4.844669021508708e-8,
                2.422331846219095e-8,
                1.0
            ],
            "name": "_23_LFoot"
        },
        {
            "children": [
                20
            ],
            "matrix": [
                0.9899060726165772,
                -0.02906378172338009,
                -0.138713076710701,
                0.0,
                -0.008279602974653244,
                0.9652160406112672,
                -0.261322557926178,
                0.0,
                0.1414831131696701,
                0.25983327627182009,
                0.955232560634613,
                0.0,
                0.17130988836288453,
                9.689338043017418e-8,
                7.266990564858135e-8,
                1.0
            ],
            "name": "_25_LToe1"
        },
        {
            "matrix": [
                0.9221938848495485,
                0.05294252932071686,
                -0.38308683037757876,
                0.0,
                -0.03296392038464546,
                0.9977409839630128,
                0.05853452906012535,
                0.0,
                0.38532039523124697,
                -0.04135214164853096,
                0.9218558669090272,
                0.0,
                0.11527246981859209,
                1.4534006709254758e-7,
                1.2111659231095473e-8,
                1.0
            ],
            "name": "_26_LToe2"
        },
        {
            "matrix": [
                0.3916744291782379,
                -0.8758999705314636,
                -0.2817630171775818,
                0.0,
                0.8480924367904663,
                0.22491435706615449,
                0.4797423183917999,
                0.0,
                -0.3568337559700012,
                -0.4268638789653778,
                0.830937385559082,
                0.0,
                0.2260001599788666,
                -0.014773094095289708,
                -0.1614416390657425,
                1.0
            ],
            "name": "_19_LFeelerB"
        },
        {
            "matrix": [
                -0.1482892483472824,
                -0.839026689529419,
                -0.5234926342964172,
                0.0,
                0.9276031851768494,
                -0.30153384804725649,
                0.2205214649438858,
                0.0,
                -0.342874139547348,
                -0.4528924524784088,
                0.822998046875,
                0.0,
                0.028922269120812417,
                -0.03442487120628357,
                -0.2594965696334839,
                1.0
            ],
            "name": "_17_LFeelerA"
        },
        {
            "children": [
                24
            ],
            "matrix": [
                0.5070423483848572,
                -0.5172332525253296,
                0.689476490020752,
                0.0,
                0.20571886003017424,
                0.8494337797164917,
                0.4859444200992584,
                0.0,
                -0.8370112180709839,
                -0.10455609112977982,
                0.537103533744812,
                0.0,
                0.07778044044971466,
                -0.19305139780044557,
                0.1478620320558548,
                1.0
            ],
            "name": "_13_LArm"
        },
        {
            "children": [
                25
            ],
            "matrix": [
                0.2377280592918396,
                -4.3652249814840619e-8,
                0.971331775188446,
                0.0,
                -0.0000020165030036878308,
                -1.0,
                4.485873432713561e-7,
                0.0,
                0.971331775188446,
                -0.000002065335138468072,
                -0.2377280592918396,
                0.0,
                0.580616295337677,
                2.422331846219095e-8,
                0.0,
                1.0
            ],
            "name": "_14_LForeArm"
        },
        {
            "matrix": [
                0.9926321506500244,
                -0.05545112118124962,
                -0.10773393511772156,
                0.0,
                0.09334918856620789,
                0.9168373942375184,
                0.3881946802139282,
                0.0,
                0.07724867016077042,
                -0.39539140462875368,
                0.9152585864067078,
                0.0,
                0.2532362937927246,
                2.422331846219095e-8,
                0.0,
                1.0
            ],
            "name": "_15_LHand"
        },
        {
            "children": [
                29,
                27
            ],
            "matrix": [
                1.0,
                0.0,
                0.0,
                0.0,
                0.0,
                1.0,
                0.0,
                0.0,
                0.0,
                0.0,
                1.0,
                0.0,
                0.2524101734161377,
                0.0,
                0.1525920182466507,
                1.0
            ],
            "name": "_05_Head"
        },
        {
            "children": [
                28
            ],
            "matrix": [
                0.6172682046890259,
                0.5932056903839111,
                0.5168046355247498,
                0.0,
                -0.27510133385658266,
                0.7781571745872498,
                -0.5646155476570129,
                0.0,
                -0.7370883822441101,
                0.2063455432653427,
                0.6435233354568481,
                0.0,
                0.3735451102256775,
                0.0998006910085678,
                0.3080994486808777,
                1.0
            ],
            "name": "_10_RFeelerC1"
        },
        {
            "matrix": [
                -0.16604380309581757,
                -0.0000010646036798789285,
                0.9861183762550354,
                0.0,
                -0.000002004820089496207,
                1.0,
                7.420160272886278e-7,
                0.0,
                -0.9861183762550354,
                -0.0000018537828054832064,
                -0.16604380309581757,
                0.0,
                0.3266970813274384,
                6.782536843275011e-7,
                0.000001937865135914763,
                1.0
            ],
            "name": "_11_RFeelerC2"
        },
        {
            "children": [
                30
            ],
            "matrix": [
                0.6172683238983154,
                -0.5932055711746216,
                0.516804575920105,
                0.0,
                0.2751014828681946,
                0.7781572341918945,
                0.5646153092384338,
                0.0,
                -0.7370882034301758,
                -0.20634545385837556,
                0.6435235738754273,
                0.0,
                0.373544842004776,
                -0.09980040788650512,
                0.3080994486808777,
                1.0
            ],
            "name": "_07_LFeelerC1"
        },
        {
            "matrix": [
                -0.16604380309581757,
                8.901092769519892e-7,
                0.9861183762550354,
                0.0,
                0.0000024371968265768379,
                1.0,
                -4.922612220070732e-7,
                0.0,
                -0.9861183762550354,
                0.000002321627562196227,
                -0.16604380309581757,
                0.0,
                0.32669758796691897,
                0.0,
                -9.689338043017418e-8,
                1.0
            ],
            "name": "_08_LFeelerC2"
        },
        {
            "children": [
                32
            ],
            "matrix": [
                1.0,
                -0.0,
                0.0,
                0.0,
                0.0,
                4.4896641959724089e-11,
                1.0,
                0.0,
                -0.0,
                -1.0,
                4.4896641959724089e-11,
                0.0,
                0.0,
                0.0,
                0.0,
                1.0
            ],
            "name": "_01_pm0015_00"
        },
        {
            "children": [
                2
            ],
            "name": "_02_Origin"
        }
    ],
    "meshes": [
        {
            "primitives": [
                {
                    "attributes": {
                        "COLOR_0": 1,
                        "JOINTS_0": 2,
                        "NORMAL": 3,
                        "POSITION": 4,
                        "TEXCOORD_0": 5,
                        "WEIGHTS_0": 6
                    },
                    "indices": 0,
                    "mode": 4,
                    "material": 0
                },
                {
                    "attributes": {
                        "COLOR_0": 8,
                        "JOINTS_0": 9,
                        "NORMAL": 10,
                        "POSITION": 11,
                        "TEXCOORD_0": 12,
                        "WEIGHTS_0": 13
                    },
                    "indices": 7,
                    "mode": 4,
                    "material": 1
                },
                {
                    "attributes": {
                        "COLOR_0": 15,
                        "JOINTS_0": 16,
                        "NORMAL": 17,
                        "POSITION": 18,
                        "TEXCOORD_0": 19,
                        "WEIGHTS_0": 20
                    },
                    "indices": 14,
                    "mode": 4,
                    "material": 2
                }
            ],
            "name": "Beedrill"
        }
    ],
    "skins": [
        {
            "inverseBindMatrices": 21,
            "skeleton": 2,
            "joints": [
                26,
                15,
                25,
                7,
                8,
                9,
                10,
                6,
                17,
                18,
                19,
                20,
                16,
                14,
                13,
                24,
                23,
                27,
                28,
                29,
                30,
                21,
                22,
                11,
                12,
                4,
                5,
                3,
                2
            ],
            "name": "geom-Beedrill-skin1"
        }
    ],
    "accessors": [
        {
            "bufferView": 0,
            "byteOffset": 0,
            "componentType": 5123,
            "count": 432,
            "max": [
                97
            ],
            "min": [
                0
            ],
            "type": "SCALAR"
        },
        {
            "bufferView": 1,
            "byteOffset": 0,
            "componentType": 5126,
            "count": 98,
            "max": [
                1.0,
                1.0,
                1.0
            ],
            "min": [
                1.0,
                1.0,
                1.0
            ],
            "type": "VEC3"
        },
        {
            "bufferView": 2,
            "byteOffset": 0,
            "componentType": 5123,
            "count": 98,
            "max": [
                0,
                0,
                0,
                0
            ],
            "min": [
                0,
                0,
                0,
                0
            ],
            "type": "VEC4"
        },
        {
            "bufferView": 1,
            "byteOffset": 1176,
            "componentType": 5126,
            "count": 98,
            "max": [
                0.9830014109611512,
                0.9845905303955078,
                0.9955658316612244
            ],
            "min": [
                -0.9830014109611512,
                -0.7396237254142761,
                -0.4194435179233551
            ],
            "type": "VEC3"
        },
        {
            "bufferView": 1,
            "byteOffset": 2352,
            "componentType": 5126,
            "count": 98,
            "max": [
                0.3412896394729614,
                1.8708319664001465,
                0.6589648723602295
            ],
            "min": [
                -0.3412896394729614,
                1.571977972984314,
                0.366730272769928
            ],
            "type": "VEC3"
        },
        {
            "bufferView": 2,
            "byteOffset": 784,
            "componentType": 5126,
            "count": 98,
            "max": [
                0.9780036211013794,
                0.9647998809814452
            ],
            "min": [
                0.03051898069679737,
                0.051290035247802737
            ],
            "type": "VEC2"
        },
        {
            "bufferView": 3,
            "byteOffset": 0,
            "componentType": 5126,
            "count": 98,
            "max": [
                1.0,
                0.0,
                0.0,
                0.0
            ],
            "min": [
                1.0,
                0.0,
                0.0,
                0.0
            ],
            "type": "VEC4"
        },
        {
            "bufferView": 0,
            "byteOffset": 864,
            "componentType": 5123,
            "count": 12396,
            "max": [
                2462
            ],
            "min": [
                0
            ],
            "type": "SCALAR"
        },
        {
            "bufferView": 1,
            "byteOffset": 3528,
            "componentType": 5126,
            "count": 2463,
            "max": [
                1.0,
                1.0,
                1.0
            ],
            "min": [
                1.0,
                1.0,
                1.0
            ],
            "type": "VEC3"
        },
        {
            "bufferView": 2,
            "byteOffset": 1568,
            "componentType": 5123,
            "count": 2463,
            "max": [
                28,
                27,
                27,
                11
            ],
            "min": [
                0,
                0,
                0,
                0
            ],
            "type": "VEC4"
        },
        {
            "bufferView": 1,
            "byteOffset": 33084,
            "componentType": 5126,
            "count": 2463,
            "max": [
                0.9999995231628418,
                0.9994248151779176,
                0.9999881386756896
            ],
            "min": [
                -0.9999995231628418,
                -0.999465823173523,
                -0.9995784163475036
            ],
            "type": "VEC3"
        },
        {
            "bufferView": 1,
            "byteOffset": 62640,
            "componentType": 5126,
            "count": 2463,
            "max": [
                1.0842068195343018,
                2.169264078140259,
                1.5617499351501465
            ],
            "min": [
                -1.0842063426971436,
                -0.49811938405036929,
                -0.5414416193962097
            ],
            "type": "VEC3"
        },
        {
            "bufferView": 2,
            "byteOffset": 21272,
            "componentType": 5126,
            "count": 2463,
            "max": [
                0.9917761087417604,
                0.9921875596046448
            ],
            "min": [
                0.0046019949950277809,
                0.007812023162841797
            ],
            "type": "VEC2"
        },
        {
            "bufferView": 3,
            "byteOffset": 1568,
            "componentType": 5126,
            "count": 2463,
            "max": [
                1.0,
                0.9900000095367432,
                0.5600000023841858,
                0.1599999964237213
            ],
            "min": [
                0.009999999776482582,
                0.0,
                0.0,
                0.0
            ],
            "type": "VEC4"
        },
        {
            "bufferView": 0,
            "byteOffset": 25656,
            "componentType": 5123,
            "count": 1800,
            "max": [
                431
            ],
            "min": [
                0
            ],
            "type": "SCALAR"
        },
        {
            "bufferView": 1,
            "byteOffset": 92196,
            "componentType": 5126,
            "count": 432,
            "max": [
                1.0,
                1.0,
                1.0
            ],
            "min": [
                1.0,
                1.0,
                1.0
            ],
            "type": "VEC3"
        },
        {
            "bufferView": 2,
            "byteOffset": 40976,
            "componentType": 5123,
            "count": 432,
            "max": [
                24,
                0,
                0,
                0
            ],
            "min": [
                21,
                0,
                0,
                0
            ],
            "type": "VEC4"
        },
        {
            "bufferView": 1,
            "byteOffset": 97380,
            "componentType": 5126,
            "count": 432,
            "max": [
                0.4578312933444977,
                0.3504398167133332,
                0.8358988165855408
            ],
            "min": [
                -0.4578312039375305,
                -0.3504398167133332,
                -0.8358988165855408
            ],
            "type": "VEC3"
        },
        {
            "bufferView": 1,
            "byteOffset": 102564,
            "componentType": 5126,
            "count": 432,
            "max": [
                1.591967821121216,
                2.788513660430908,
                -0.0612984262406826
            ],
            "min": [
                -1.591967821121216,
                0.6388046741485596,
                -1.1484838724136353
            ],
            "type": "VEC3"
        },
        {
            "bufferView": 2,
            "byteOffset": 44432,
            "componentType": 5126,
            "count": 432,
            "max": [
                0.9901254177093506,
                0.9663268327713012
            ],
            "min": [
                0.018439000472426416,
                0.013186812400817873
            ],
            "type": "VEC2"
        },
        {
            "bufferView": 3,
            "byteOffset": 40976,
            "componentType": 5126,
            "count": 432,
            "max": [
                1.0,
                0.0,
                0.0,
                0.0
            ],
            "min": [
                1.0,
                0.0,
                0.0,
                0.0
            ],
            "type": "VEC4"
        },
        {
            "bufferView": 4,
            "byteOffset": 0,
            "componentType": 5126,
            "count": 29,
            "max": [
                0.8758981823921204,
                1.0,
                0.6192349195480347,
                0.0,
                1.0,
                0.9276041388511658,
                0.8053082823753357,
                0.0,
                0.689476490020752,
                0.5893487930297852,
                1.0,
                0.0,
                55.02077865600586,
                48.14625930786133,
                63.38710021972656,
                1.0
            ],
            "min": [
                -0.8759012222290039,
                -1.0,
                -0.6192318201065064,
                0.0,
                -0.9999927282333374,
                -0.9276018142700196,
                -0.8370115160942078,
                0.0,
                -0.6415873765945435,
                -0.5893487930297852,
                -0.6164836287498474,
                0.0,
                -61.559417724609378,
                -48.14616775512695,
                -66.80198669433594,
                1.0
            ],
            "type": "MAT4"
        }
    ],
    "materials": [
        {
            "pbrMetallicRoughness": {
                "baseColorFactor": [
                    1.0,
                    1.0,
                    1.0,
                    1.0
                ],
                "baseColorTexture": {
                    "index": 0
                },
                "metallicFactor": 0.0
            },
            "emissiveFactor": [
                0.0,
                0.0,
                0.0
            ],
            "occlusionTexture": {
                "index": 0
            },
            "name": "Bug"
        },
        {
            "pbrMetallicRoughness": {
                "baseColorFactor": [
                    1.0,
                    1.0,
                    1.0,
                    1.0
                ],
                "baseColorTexture": {
                    "index": 1
                },
                "metallicFactor": 0.0
            },
            "emissiveFactor": [
                0.0,
                0.0,
                0.0
            ],
            "occlusionTexture": {
                "index": 1
            },
            "name": "BodyANutrey_Env"
        },
        {
            "pbrMetallicRoughness": {
                "baseColorFactor": [
                    1.0,
                    1.0,
                    1.0,
                    1.0
                ],
                "baseColorTexture": {
                    "index": 2
                },
                "metallicFactor": 0.0
            },
            "emissiveFactor": [
                0.0,
                0.0,
                0.0
            ],
            "occlusionTexture": {
                "index": 2
            },
            "name": "BodyBRediba_Wing00"
        }
    ],
    "textures": [
        {
            "sampler": 0,
            "source": 0
        },
        {
            "sampler": 0,
            "source": 1
        },
        {
            "sampler": 0,
            "source": 2
        }
    ],
    "images": [
        {
            "uri": "pm0015_00_BodyC1.png"
        },
        {
            "uri": "pm0015_00_BodyA1.png"
        },
        {
            "uri": "pm0015_00_BodyB1.png"
        }
    ],
    "samplers": [
        {
            "magFilter": 9729,
            "minFilter": 9986,
            "wrapS": 10497,
            "wrapT": 10497
        }
    ],
    "bufferViews": [
        {
            "buffer": 0,
            "byteOffset": 205380,
            "byteLength": 29256,
            "target": 34963
        },
        {
            "buffer": 0,
            "byteOffset": 49744,
            "byteLength": 107748,
            "byteStride": 12,
            "target": 34962
        },
        {
            "buffer": 0,
            "byteOffset": 157492,
            "byteLength": 47888,
            "byteStride": 8,
            "target": 34962
        },
        {
            "buffer": 0,
            "byteOffset": 1856,
            "byteLength": 47888,
            "byteStride": 16,
            "target": 34962
        },
        {
            "buffer": 0,
            "byteOffset": 0,
            "byteLength": 1856
        }
    ],
    "buffers": [
        {
            "byteLength": 234636,
            "uri": "Beedrill0.bin"
        }
    ]
}
