{
    "asset": {
        "generator": "COLLADA2GLTF",
        "version": "2.0"
    },
    "scenes": [
        {
            "nodes": [
                0
            ]
        }
    ],
    "scene": 0,
    "nodes": [
        {
            "children": [
                22,
                1
            ],
            "matrix": [
                1.0,
                0.0,
                0.0,
                0.0,
                0.0,
                0.0,
                -1.0,
                0.0,
                0.0,
                1.0,
                0.0,
                0.0,
                0.0,
                0.0,
                0.0,
                1.0
            ],
            "name": "Z_UP"
        },
        {
            "mesh": 0,
            "skin": 0,
            "name": "Charizard"
        },
        {
            "children": [
                18,
                7,
                3
            ],
            "matrix": [
                -0.929688274860382,
                -8.820068286841121e-11,
                0.3683472573757172,
                0.0,
                8.820068286841121e-11,
                -1.0,
                -1.6836129712594073e-11,
                0.0,
                0.3683472573757172,
                1.6836129712594073e-11,
                0.929688274860382,
                0.0,
                0.0,
                0.0,
                0.0,
                1.0
            ],
            "name": "Hips"
        },
        {
            "children": [
                4
            ],
            "matrix": [
                0.8912870287895203,
                -0.4005122184753418,
                0.2125968635082245,
                0.0,
                0.4098820984363556,
                0.9121385216712952,
                1.4070614895445033e-8,
                0.0,
                -0.19391778111457826,
                0.08713963627815247,
                0.9771400094032288,
                0.0,
                0.33384743332862856,
                -0.6532219648361206,
                -0.029558487236499788,
                1.0
            ],
            "name": "RThigh"
        },
        {
            "children": [
                5
            ],
            "matrix": [
                0.7652888894081116,
                0.0,
                -0.6436869502067566,
                0.0,
                0.0,
                1.0,
                0.0,
                0.0,
                0.6436869502067566,
                0.0,
                0.7652888894081116,
                0.0,
                0.5098973512649536,
                -0.000001244599957317405,
                2.2860000115088042e-7,
                1.0
            ],
            "name": "RLeg"
        },
        {
            "children": [
                6
            ],
            "matrix": [
                -0.46628206968307497,
                0.000002646770326464321,
                0.8846361041069031,
                0.0,
                0.012686350382864476,
                0.9998971819877625,
                0.00668384600430727,
                0.0,
                -0.8845451474189758,
                0.01433936133980751,
                -0.4662341773509979,
                0.0,
                0.5178475379943848,
                0.000001346199951512972,
                2.032000026019887e-7,
                1.0
            ],
            "name": "RFoot"
        },
        {
            "matrix": [
                0.9999518394470216,
                0.00013699322880711406,
                -0.009810841642320156,
                0.0,
                0.0000036772551084141016,
                0.9998972415924072,
                0.014336815103888512,
                0.0,
                0.009811797179281712,
                -0.014336161315441132,
                0.9998490810394288,
                0.0,
                0.3558794260025025,
                -3.8099997823337619e-7,
                -0.10224134474992752,
                1.0
            ],
            "name": "RToe"
        },
        {
            "children": [
                8
            ],
            "matrix": [
                0.26315051317214968,
                5.450266973849871e-11,
                -0.9647548198699952,
                0.0,
                -5.450266973849871e-11,
                -1.0,
                -7.136017471376377e-11,
                0.0,
                -0.9647548198699952,
                7.136017471376377e-11,
                -0.26315051317214968,
                0.0,
                0.6532320976257324,
                0.0,
                -0.6188303232192993,
                1.0
            ],
            "name": "Tail1"
        },
        {
            "children": [
                9
            ],
            "matrix": [
                0.9994454979896544,
                0.0,
                0.03329664468765259,
                0.0,
                0.0,
                1.0,
                0.0,
                0.0,
                -0.03329664468765259,
                0.0,
                0.9994454979896544,
                0.0,
                0.8552840352058411,
                0.0,
                -1.7780000405309696e-7,
                1.0
            ],
            "name": "Tail2"
        },
        {
            "children": [
                10
            ],
            "matrix": [
                0.9948130249977112,
                0.0,
                0.1017204374074936,
                0.0,
                0.0,
                1.0,
                0.0,
                0.0,
                -0.1017204374074936,
                0.0,
                0.9948130249977112,
                0.0,
                0.7553654909133911,
                0.0,
                0.0,
                1.0
            ],
            "name": "Tail3"
        },
        {
            "children": [
                11
            ],
            "matrix": [
                0.998100996017456,
                0.0,
                0.06159885227680206,
                0.0,
                0.0,
                1.0,
                0.0,
                0.0,
                -0.06159885227680206,
                0.0,
                0.998100996017456,
                0.0,
                0.8009839057922363,
                0.0,
                1.7780000405309696e-7,
                1.0
            ],
            "name": "Tail4"
        },
        {
            "children": [
                12
            ],
            "matrix": [
                0.998807966709137,
                0.0,
                0.04881246387958527,
                0.0,
                0.0,
                1.0,
                0.0,
                0.0,
                -0.04881246387958527,
                0.0,
                0.998807966709137,
                0.0,
                0.7498765587806702,
                2.5400000325248585e-8,
                7.620000275210259e-8,
                1.0
            ],
            "name": "Tail5"
        },
        {
            "children": [
                13
            ],
            "matrix": [
                0.9987241625785828,
                -2.4777349949545173e-8,
                0.05049846321344376,
                0.0,
                -1.2577427810356313e-7,
                1.0,
                0.0000029781333523715149,
                0.0,
                -0.05049846321344376,
                -0.0000029806849397573389,
                0.9987241625785828,
                0.0,
                0.7353782057762146,
                0.0,
                2.5400000325248585e-8,
                1.0
            ],
            "name": "Tail6"
        },
        {
            "children": [
                14
            ],
            "matrix": [
                0.9996406435966492,
                1.2577011432313157e-8,
                0.02680591866374016,
                0.0,
                1.2577011432313157e-8,
                1.0,
                -9.382071652908052e-7,
                0.0,
                -0.02680591866374016,
                9.382071652908052e-7,
                0.9996406435966492,
                0.0,
                0.5493130683898926,
                0.0,
                0.0,
                1.0
            ],
            "name": "Tail7"
        },
        {
            "children": [
                15
            ],
            "matrix": [
                0.05668414756655693,
                0.0,
                0.9983921647071838,
                0.0,
                0.0,
                1.0,
                0.0,
                0.0,
                -0.9983921647071838,
                0.0,
                0.05668414756655693,
                0.0,
                0.6465341448783875,
                -1.2699999274445873e-7,
                5.0800000650497177e-8,
                1.0
            ],
            "name": "TailA01"
        },
        {
            "children": [
                16
            ],
            "matrix": [
                1.0,
                0.0,
                0.0,
                0.0,
                0.0,
                1.0,
                0.0,
                0.0,
                0.0,
                0.0,
                1.0,
                0.0,
                0.3449726104736328,
                0.0,
                -7.619999564667523e-7,
                1.0
            ],
            "name": "TailA02"
        },
        {
            "children": [
                17
            ],
            "matrix": [
                1.0,
                0.0,
                0.0,
                0.0,
                0.0,
                1.0,
                0.0,
                0.0,
                0.0,
                0.0,
                1.0,
                0.0,
                0.3449726104736328,
                0.0,
                -7.619999564667523e-7,
                1.0
            ],
            "name": "TailA03"
        },
        {
            "matrix": [
                1.0,
                0.0,
                0.0,
                0.0,
                0.0,
                1.0,
                0.0,
                0.0,
                0.0,
                0.0,
                1.0,
                0.0,
                0.3449726104736328,
                0.0,
                0.0,
                1.0
            ],
            "name": "TailA04"
        },
        {
            "children": [
                19
            ],
            "matrix": [
                0.8912870287895203,
                0.4005122184753418,
                0.2125968635082245,
                0.0,
                -0.4098820984363556,
                0.9121385216712952,
                -1.4070614895445033e-8,
                0.0,
                -0.19391778111457826,
                -0.08713963627815247,
                0.9771400094032288,
                0.0,
                0.33384743332862856,
                0.6532219648361206,
                -0.029558487236499788,
                1.0
            ],
            "name": "LThigh"
        },
        {
            "children": [
                20
            ],
            "matrix": [
                0.7652888894081116,
                0.0,
                -0.6436869502067566,
                0.0,
                0.0,
                1.0,
                0.0,
                0.0,
                0.6436869502067566,
                0.0,
                0.7652888894081116,
                0.0,
                0.5098973512649536,
                3.8099997823337619e-7,
                0.0,
                1.0
            ],
            "name": "LLeg"
        },
        {
            "children": [
                21
            ],
            "matrix": [
                -0.4662753939628601,
                0.0000021408054635685405,
                0.8846396207809448,
                0.0,
                -0.028873596340417867,
                0.9994671940803528,
                -0.015221098437905312,
                0.0,
                -0.8841683268547058,
                -0.03263995051383972,
                -0.4660268723964691,
                0.0,
                0.5178475379943848,
                -2.794000124595186e-7,
                -1.0160000130099435e-7,
                1.0
            ],
            "name": "LFoot"
        },
        {
            "matrix": [
                0.9999518990516664,
                -0.00032088803709484637,
                -0.009804872795939446,
                0.0,
                6.591623673557478e-7,
                0.9994670748710632,
                -0.03264274075627327,
                0.0,
                0.009810122661292552,
                0.03264116123318672,
                0.9994189739227296,
                0.0,
                0.3558794260025025,
                1.7780000405309696e-7,
                -0.10224109143018724,
                1.0
            ],
            "name": "LToe"
        },
        {
            "children": [
                23
            ],
            "matrix": [
                1.0,
                0.0,
                0.0,
                0.0,
                0.0,
                4.4896641959724089e-11,
                1.0,
                0.0,
                0.0,
                -1.0,
                4.4896641959724089e-11,
                0.0,
                0.0,
                0.0,
                0.0,
                1.0
            ],
            "name": "pm0006_00"
        },
        {
            "children": [
                24
            ],
            "name": "Origin"
        },
        {
            "children": [
                2,
                25
            ],
            "matrix": [
                -0.000003614193019529921,
                0.9296884536743164,
                0.3683468699455261,
                0.0,
                -1.0,
                -0.000003614193019529921,
                -6.898920332787384e-7,
                0.0,
                6.898920332787384e-7,
                -0.3683468699455261,
                0.9296884536743164,
                0.0,
                0.0,
                1.4565985202789309,
                0.03928287699818611,
                1.0
            ],
            "name": "Waist"
        },
        {
            "children": [
                59,
                53,
                26
            ],
            "name": "Spine1"
        },
        {
            "children": [
                43,
                37,
                27
            ],
            "matrix": [
                0.996148943901062,
                0.0,
                -0.08767732977867127,
                0.0,
                0.0,
                1.0,
                0.0,
                0.0,
                0.08767732977867127,
                0.0,
                0.996148943901062,
                0.0,
                0.5135067105293274,
                0.0,
                0.0,
                1.0
            ],
            "name": "Spine2"
        },
        {
            "children": [
                28
            ],
            "matrix": [
                -0.0000030514809168380458,
                1.0,
                -5.746444458054611e-7,
                0.0,
                -0.9584038257598876,
                -0.0000027605385639617458,
                0.2854156196117401,
                0.0,
                0.2854156196117401,
                0.0000014216817589840505,
                0.9584038257598876,
                0.0,
                0.31069281697273257,
                0.26195529103279116,
                -0.14136216044425965,
                1.0
            ],
            "name": "RShoulder"
        },
        {
            "children": [
                29
            ],
            "matrix": [
                0.5019753575325012,
                0.8533539772033691,
                -0.1407401412725449,
                0.0,
                -0.8247806429862976,
                0.5212960839271545,
                0.2190600335597992,
                0.0,
                0.2603030204772949,
                0.006117004435509443,
                0.9655075669288636,
                0.0,
                0.2891332805156708,
                1.7780000405309696e-7,
                0.0,
                1.0
            ],
            "name": "RArm"
        },
        {
            "children": [
                30
            ],
            "matrix": [
                0.5287657380104065,
                0.0,
                0.8487678170204163,
                0.0,
                0.0,
                1.0,
                0.0,
                0.0,
                -0.8487678170204163,
                0.0,
                0.5287657380104065,
                0.0,
                0.51912522315979,
                5.588000249190372e-7,
                1.2699999274445873e-7,
                1.0
            ],
            "name": "RForeArm"
        },
        {
            "children": [
                35,
                33,
                31
            ],
            "matrix": [
                0.9739792346954346,
                0.220811203122139,
                0.0510568767786026,
                0.0,
                -0.13100972771644593,
                0.36471739411354067,
                0.9218555688858032,
                0.0,
                0.18493470549583436,
                -0.904557168483734,
                0.3841556012630463,
                0.0,
                0.3924274444580078,
                0.0,
                -5.588000249190372e-7,
                1.0
            ],
            "name": "RHand"
        },
        {
            "children": [
                32
            ],
            "matrix": [
                0.5228330492973328,
                -0.5343851447105408,
                -0.6641371250152588,
                0.0,
                0.8062208890914917,
                0.563037633895874,
                0.18164926767349244,
                0.0,
                0.2768635153770447,
                -0.6304134726524353,
                0.7252071499824524,
                0.0,
                0.20073415338993073,
                -0.14204569160938264,
                -0.05156707763671875,
                1.0
            ],
            "name": "RFingerC1"
        },
        {
            "matrix": [
                0.729042112827301,
                0.08461012691259384,
                -0.6792192459106445,
                0.0,
                -0.1093059629201889,
                0.9939869046211244,
                0.006496739108115435,
                0.0,
                0.6756846904754639,
                0.06950631737709046,
                0.7339066863059998,
                0.0,
                0.16255009174346925,
                0.0,
                1.7780000405309696e-7,
                1.0
            ],
            "name": "RFingerC2"
        },
        {
            "children": [
                34
            ],
            "matrix": [
                0.34395185112953188,
                0.6146645545959473,
                -0.7098482847213745,
                0.0,
                -0.9222927689552308,
                0.07923053950071335,
                -0.3782837688922882,
                0.0,
                -0.17627596855163578,
                0.784799337387085,
                0.5941521525382996,
                0.0,
                0.17038343846797944,
                0.14247672259807588,
                -0.05159501358866692,
                1.0
            ],
            "name": "RFingerB1"
        },
        {
            "matrix": [
                0.8423556685447693,
                -0.08093757182359696,
                -0.5328096151351929,
                0.0,
                0.08683585375547409,
                0.9961237907409668,
                -0.014033477753400805,
                0.0,
                0.5318801403045654,
                -0.03444579616189003,
                0.8461187481880188,
                0.0,
                0.1252811700105667,
                0.000001676399961070274,
                0.000001142999963121838,
                1.0
            ],
            "name": "RFingerB2"
        },
        {
            "children": [
                36
            ],
            "matrix": [
                0.7969441413879395,
                0.06728813797235489,
                -0.6002935171127319,
                0.0,
                -0.09392430633306505,
                0.9954930543899536,
                -0.01310617197304964,
                0.0,
                0.5967061519622803,
                0.06682704389095307,
                0.7996723651885986,
                0.0,
                0.27421584725379946,
                0.000001041399968926271,
                0.000001346199951512972,
                1.0
            ],
            "name": "RFingerA1"
        },
        {
            "matrix": [
                0.5535926818847656,
                0.021193191409111024,
                -0.8325178623199463,
                0.0,
                0.04611879587173462,
                0.9973618388175964,
                0.05605682730674744,
                0.0,
                0.8315095901489258,
                -0.06942737102508545,
                0.5511548519134522,
                0.0,
                0.2269675433635712,
                5.588000249190372e-7,
                -2.794000124595186e-7,
                1.0
            ],
            "name": "RFingerA2"
        },
        {
            "children": [
                38
            ],
            "matrix": [
                0.9553614258766174,
                0.0,
                0.2954396009445191,
                0.0,
                0.0,
                1.0,
                0.0,
                0.0,
                -0.2954396009445191,
                0.0,
                0.9553614258766174,
                0.0,
                0.64942467212677,
                0.0,
                -5.0800000650497177e-8,
                1.0
            ],
            "name": "Neck1"
        },
        {
            "children": [
                39
            ],
            "matrix": [
                0.9959644079208374,
                0.0,
                0.0897490456700325,
                0.0,
                0.0,
                1.0,
                0.0,
                0.0,
                -0.0897490456700325,
                0.0,
                0.9959644079208374,
                0.0,
                0.3475278615951538,
                0.0,
                -2.794000124595186e-7,
                1.0
            ],
            "name": "Neck2"
        },
        {
            "children": [
                40
            ],
            "matrix": [
                0.9553077816963196,
                0.0,
                0.29561302065849306,
                0.0,
                0.0,
                1.0,
                0.0,
                0.0,
                -0.29561302065849306,
                0.0,
                0.9553077816963196,
                0.0,
                0.3617036044597626,
                0.0,
                0.0,
                1.0
            ],
            "name": "Neck3"
        },
        {
            "children": [
                41
            ],
            "matrix": [
                0.557584285736084,
                0.0,
                -0.830120325088501,
                0.0,
                0.0,
                1.0,
                0.0,
                0.0,
                0.830120325088501,
                0.0,
                0.557584285736084,
                0.0,
                0.395630419254303,
                2.5400000325248585e-8,
                -3.8099997823337619e-7,
                1.0
            ],
            "name": "Head"
        },
        {
            "children": [
                42
            ],
            "matrix": [
                -0.1605977565050125,
                -0.000001295756192121189,
                0.987019956111908,
                0.0,
                -0.0000012956193131685725,
                -1.0,
                -0.0000015236062154144748,
                0.0,
                0.987019956111908,
                -0.0000015234899137794856,
                0.1605977565050125,
                0.0,
                0.0008274557767435908,
                5.0800000650497177e-8,
                0.3288995325565338,
                1.0
            ],
            "name": "Jaw"
        },
        {
            "matrix": [
                0.999233067035675,
                -1.9173153731344429e-8,
                0.03915691748261452,
                0.0,
                -1.9173153731344429e-8,
                1.0,
                9.78922912509006e-7,
                0.0,
                -0.03915691748261452,
                -9.78922912509006e-7,
                0.999233067035675,
                0.0,
                0.07160260528326035,
                0.0,
                -0.09768407791852953,
                1.0
            ],
            "name": "Tongue"
        },
        {
            "children": [
                44
            ],
            "matrix": [
                -0.000004877316769125173,
                -1.0,
                -3.085494597598881e-7,
                0.0,
                0.9584037661552428,
                -0.000004586373961501522,
                -0.2854158580303192,
                0.0,
                0.2854158580303192,
                -0.0000016877785355973174,
                0.9584037661552428,
                0.0,
                0.31069281697273257,
                -0.26195529103279116,
                -0.14136216044425965,
                1.0
            ],
            "name": "LShoulder"
        },
        {
            "children": [
                45
            ],
            "matrix": [
                0.5019753575325012,
                -0.8533539772033691,
                -0.1407401412725449,
                0.0,
                0.8247806429862976,
                0.5212960839271545,
                -0.2190600335597992,
                0.0,
                0.2603030204772949,
                -0.006117004435509443,
                0.9655075669288636,
                0.0,
                0.2891332805156708,
                0.0,
                0.0,
                1.0
            ],
            "name": "LArm"
        },
        {
            "children": [
                46
            ],
            "matrix": [
                0.5287657380104065,
                0.0,
                0.8487678170204163,
                0.0,
                0.0,
                1.0,
                0.0,
                0.0,
                -0.8487678170204163,
                0.0,
                0.5287657380104065,
                0.0,
                0.5191226005554199,
                1.7780000405309696e-7,
                -2.5400000325248585e-8,
                1.0
            ],
            "name": "LForeArm"
        },
        {
            "children": [
                51,
                49,
                47
            ],
            "matrix": [
                0.9739792346954346,
                -0.220811203122139,
                0.0510568767786026,
                0.0,
                0.13100972771644593,
                0.36471739411354067,
                -0.9218555688858032,
                0.0,
                0.18493470549583436,
                0.904557168483734,
                0.3841556012630463,
                0.0,
                0.3924274444580078,
                7.620000275210259e-8,
                7.620000275210259e-8,
                1.0
            ],
            "name": "LHand"
        },
        {
            "children": [
                48
            ],
            "matrix": [
                0.5228330492973328,
                0.5343851447105408,
                -0.6641371250152588,
                0.0,
                -0.8062208890914917,
                0.563037633895874,
                -0.18164926767349244,
                0.0,
                0.2768635153770447,
                0.6304134726524353,
                0.7252071499824524,
                0.0,
                0.20073314011096958,
                0.14204518496990205,
                -0.051567841321229938,
                1.0
            ],
            "name": "LFingerC1"
        },
        {
            "matrix": [
                0.729042112827301,
                -0.08461012691259384,
                -0.6792192459106445,
                0.0,
                0.1093059629201889,
                0.9939869046211244,
                -0.006496739108115435,
                0.0,
                0.6756846904754639,
                -0.06950631737709046,
                0.7339066863059998,
                0.0,
                0.16255083680152894,
                1.2699999274445873e-7,
                0.0,
                1.0
            ],
            "name": "LFingerC2"
        },
        {
            "children": [
                50
            ],
            "matrix": [
                0.34395262598991396,
                -0.6146640181541443,
                -0.7098483443260193,
                0.0,
                0.9222923517227172,
                0.07923045754432678,
                0.3782846927642822,
                0.0,
                -0.17627638578414918,
                -0.7847997546195984,
                0.594151496887207,
                0.0,
                0.17038293182849885,
                -0.14247646927833558,
                -0.0515957772731781,
                1.0
            ],
            "name": "LFingerB1"
        },
        {
            "matrix": [
                0.8423556685447693,
                0.08093757182359696,
                -0.5328096151351929,
                0.0,
                -0.08683585375547409,
                0.9961237907409668,
                0.014033477753400805,
                0.0,
                0.5318801403045654,
                0.03444579616189003,
                0.8461187481880188,
                0.0,
                0.12528091669082642,
                -2.5400000325248585e-8,
                2.794000124595186e-7,
                1.0
            ],
            "name": "LFingerB2"
        },
        {
            "children": [
                52
            ],
            "matrix": [
                0.7969451546669006,
                -0.06728842854499817,
                -0.6002921462059021,
                0.0,
                0.0939236581325531,
                0.9954931735992432,
                0.013105005957186222,
                0.0,
                0.59670490026474,
                -0.06682560592889786,
                0.7996734380722046,
                0.0,
                0.27421584725379946,
                1.2699999274445873e-7,
                0.0,
                1.0
            ],
            "name": "LFingerA1"
        },
        {
            "matrix": [
                0.5535926818847656,
                -0.02119235508143902,
                -0.8325178623199463,
                0.0,
                -0.04611963033676148,
                0.9973618388175964,
                -0.05605638027191162,
                0.0,
                0.831509530544281,
                0.06942781805992127,
                0.5511548519134522,
                0.0,
                0.2269660085439682,
                -7.620000275210259e-8,
                -7.620000275210259e-8,
                1.0
            ],
            "name": "LFingerA2"
        },
        {
            "children": [
                54
            ],
            "matrix": [
                0.885366678237915,
                0.4070142805576325,
                -0.22464463114738465,
                0.0,
                -0.03206402435898781,
                -0.42860499024391177,
                -0.9029228687286376,
                0.0,
                -0.4637863039970398,
                0.8066208362579346,
                -0.3664220571517945,
                0.0,
                0.7131938338279724,
                0.20374788343906406,
                -0.6226860880851746,
                1.0
            ],
            "name": "RFeeler1"
        },
        {
            "children": [
                55
            ],
            "matrix": [
                0.8233216404914856,
                -0.20899076759815217,
                0.5276972055435181,
                0.0,
                0.1797322928905487,
                0.977893590927124,
                0.10686666518449784,
                0.0,
                -0.5383658409118652,
                0.006858599837869406,
                0.8426833152770996,
                0.0,
                0.565061092376709,
                -0.0000017272000150114764,
                0.0000019304000034026105,
                1.0
            ],
            "name": "RFeeler2"
        },
        {
            "children": [
                56
            ],
            "matrix": [
                0.8827528357505798,
                0.009181716479361058,
                -0.4697479903697968,
                0.0,
                -0.03401242569088936,
                0.9984346628189088,
                -0.04440087452530861,
                0.0,
                0.4686049818992615,
                0.05517226457595825,
                0.8816832900047302,
                0.0,
                0.4695317149162293,
                0.00000589279989071656,
                -0.000010261599527439105,
                1.0
            ],
            "name": "RFeeler3"
        },
        {
            "children": [
                57
            ],
            "matrix": [
                0.04696609824895859,
                -0.1789326369762421,
                0.9827396869659424,
                0.0,
                -0.0006065584602765739,
                0.9838200807571412,
                0.17915834486484528,
                0.0,
                -0.998896300792694,
                -0.009010457433760168,
                0.04609765857458115,
                0.0,
                1.0473130941390992,
                -0.000005308600066200597,
                0.000004724400241684634,
                1.0
            ],
            "name": "RFeeler4"
        },
        {
            "children": [
                58
            ],
            "matrix": [
                0.9201788306236268,
                -0.006943467538803816,
                0.39143669605255129,
                0.0,
                0.06528094410896301,
                0.9885660409927368,
                -0.13592508435249329,
                0.0,
                -0.3860172331333161,
                0.15062874555587769,
                0.9101108312606812,
                0.0,
                1.1869546175003052,
                0.0000025145998279185739,
                -0.000003860800006805221,
                1.0
            ],
            "name": "RFeeler5"
        },
        {
            "matrix": [
                1.0,
                0.0,
                0.0,
                0.0,
                0.0,
                1.0,
                0.0,
                0.0,
                0.0,
                0.0,
                1.0,
                0.0,
                1.0665028095245362,
                -0.000005410200174083002,
                0.000008889999662642368,
                1.0
            ],
            "name": "RFeeler6"
        },
        {
            "children": [
                60
            ],
            "matrix": [
                0.885366678237915,
                -0.4070142805576325,
                -0.22464463114738465,
                0.0,
                0.03206402435898781,
                -0.42860499024391177,
                0.9029228687286376,
                0.0,
                -0.4637863039970398,
                -0.8066208362579346,
                -0.3664220571517945,
                0.0,
                0.7131938338279724,
                -0.20374788343906406,
                -0.6226860880851746,
                1.0
            ],
            "name": "LFeeler1"
        },
        {
            "children": [
                61
            ],
            "matrix": [
                0.8233215808868408,
                0.20899046957492829,
                0.5276974439620972,
                0.0,
                -0.17973265051841737,
                0.977893590927124,
                -0.10686555504798888,
                0.0,
                -0.5383658409118652,
                -0.006859748158603907,
                0.8426833152770996,
                0.0,
                0.5650661587715149,
                0.0,
                -1.0160000130099435e-7,
                1.0
            ],
            "name": "LFeeler2"
        },
        {
            "children": [
                62
            ],
            "matrix": [
                0.8827527761459351,
                -0.009181479923427104,
                -0.4697480797767639,
                0.0,
                0.034011729061603549,
                0.9984347224235536,
                0.04440005496144295,
                0.0,
                0.4686051309108734,
                -0.055171214044094089,
                0.8816832900047302,
                0.0,
                0.46952152252197268,
                1.7780000405309696e-7,
                1.7780000405309696e-7,
                1.0
            ],
            "name": "LFeeler3"
        },
        {
            "children": [
                63
            ],
            "matrix": [
                0.04696609824895859,
                0.1789326369762421,
                0.9827396869659424,
                0.0,
                0.0006065584602765739,
                0.9838200807571412,
                -0.17915834486484528,
                0.0,
                -0.998896300792694,
                0.009010457433760168,
                0.04609765857458115,
                0.0,
                1.047323226928711,
                -1.7780000405309696e-7,
                -3.301999811355927e-7,
                1.0
            ],
            "name": "LFeeler4"
        },
        {
            "children": [
                64
            ],
            "matrix": [
                0.9201788306236268,
                0.006943467538803816,
                0.39143669605255129,
                0.0,
                -0.06528094410896301,
                0.9885660409927368,
                0.13592508435249329,
                0.0,
                -0.3860172331333161,
                -0.15062874555587769,
                0.9101108312606812,
                0.0,
                1.1869572401046754,
                8.636000075057382e-7,
                0.0,
                1.0
            ],
            "name": "LFeeler5"
        },
        {
            "matrix": [
                1.0,
                0.0,
                0.0,
                0.0,
                0.0,
                1.0,
                0.0,
                0.0,
                0.0,
                0.0,
                1.0,
                0.0,
                1.066500186920166,
                3.8099997823337619e-7,
                -3.8099997823337619e-7,
                1.0
            ],
            "name": "LFeeler6"
        }
    ],
    "meshes": [
        {
            "primitives": [
                {
                    "attributes": {
                        "JOINTS_0": 1,
                        "NORMAL": 2,
                        "POSITION": 3,
                        "TEXCOORD_0": 4,
                        "WEIGHTS_0": 5
                    },
                    "indices": 0,
                    "mode": 4,
                    "material": 0
                },
                {
                    "attributes": {
                        "JOINTS_0": 7,
                        "NORMAL": 8,
                        "POSITION": 9,
                        "TEXCOORD_0": 10,
