{
    "asset": {
        "generator": "COLLADA2GLTF",
        "version": "2.0"
    },
    "scenes": [
        {
            "nodes": [
                0
            ]
        }
    ],
    "scene": 0,
    "nodes": [
        {
            "children": [
                26,
                1
            ],
            "matrix": [
                1.0,
                0.0,
                0.0,
                0.0,
                0.0,
                0.0,
                -1.0,
                0.0,
                0.0,
                1.0,
                0.0,
                0.0,
                0.0,
                0.0,
                0.0,
                1.0
            ],
            "name": "Z_UP"
        },
        {
            "mesh": 0,
            "skin": 0,
            "name": "Golduck"
        },
        {
            "children": [
                16,
                6,
                3
            ],
            "matrix": [
                -0.9921454191207886,
                -0.0000018501193608244649,
                0.1250896453857422,
                0.0,
                0.0000018711568827711745,
                -1.0,
                5.0686956853951418e-8,
                0.0,
                0.1250896453857422,
                2.843511879291327e-7,
                0.9921454191207886,
                0.0,
                0.0,
                0.0,
                0.0,
                1.0
            ],
            "name": "_04_Hips"
        },
        {
            "children": [
                4
            ],
            "matrix": [
                0.19078980386257173,
                -2.924887212429894e-7,
                -0.9816309213638306,
                0.0,
                -0.0000026642012471711498,
                -1.0,
                -2.1985222531384355e-7,
                0.0,
                -0.9816309213638306,
                0.000002657207915035542,
                -0.19078980386257173,
                0.0,
                0.4242968261241913,
                7.392364715155808e-13,
                -0.5111876726150513,
                1.0
            ],
            "name": "_36_Tail1"
        },
        {
            "children": [
                5
            ],
            "matrix": [
                0.9936342239379884,
                -5.4039661878365136e-14,
                0.1126544028520584,
                0.0,
                5.3717844394896029e-8,
                1.0,
                -4.738016059491202e-7,
                0.0,
                -0.1126544028520584,
                4.768370445162873e-7,
                0.9936342239379884,
                0.0,
                0.5030342936515808,
                7.392364715155808e-13,
                0.0,
                1.0
            ],
            "name": "_37_Tail2"
        },
        {
            "matrix": [
                0.9968751072883606,
                -0.0000028520844352897258,
                0.07899342477321625,
                0.0,
                0.000002514649850127171,
                1.0,
                0.000004371155228000134,
                0.0,
                -0.07899342477321625,
                -0.000004158855062996736,
                0.9968751072883606,
                0.0,
                0.4997424483299256,
                0.0,
                0.0,
                1.0
            ],
            "name": "_38_Tail3"
        },
        {
            "children": [
                7
            ],
            "matrix": [
                0.9369852542877196,
                -0.2069576978683472,
                0.2814731001853943,
                0.0,
                0.21497346460819245,
                0.9766167998313904,
                0.002456334186717868,
                0.0,
                -0.2753997147083283,
                0.05820769816637039,
                0.9595659971237184,
                0.0,
                0.4024477601051331,
                -0.4183938801288605,
                -0.04308348149061203,
                1.0
            ],
            "name": "_21_RThigh"
        },
        {
            "children": [
                8
            ],
            "matrix": [
                0.92389577627182,
                6.2688632063157e-9,
                -0.38264423608779915,
                0.0,
                4.843406120613736e-9,
                1.0,
                2.8077426605932488e-8,
                0.0,
                0.38264423608779915,
                -2.7793916501650533e-8,
                0.92389577627182,
                0.0,
                0.5452843904495239,
                -0.0000010658271776264885,
                -4.844669021508708e-8,
                1.0
            ],
            "name": "_22_RLeg"
        },
        {
            "children": [
                14,
                12,
                10,
                9
            ],
            "matrix": [
                -0.1065935343503952,
                0.0000572604221815709,
                0.9943026900291444,
                0.0,
                -0.2137259542942047,
                0.9766235947608948,
                -0.022968586534261705,
                0.0,
                -0.9710607528686525,
                -0.214956596493721,
                -0.10408952832221984,
                0.0,
                0.6329121589660645,
                0.0000015987394590410989,
                -9.08375099584191e-8,
                1.0
            ],
            "name": "_23_RFoot"
        },
        {
            "matrix": [
                -0.9999969601631165,
                -0.0024538577999919659,
                4.772262514052272e-7,
                0.0,
                0.0024537676945328714,
                -0.9999619126319884,
                -0.008378409780561924,
                0.0,
                0.000021036634279880674,
                -0.008378383703529835,
                0.9999648928642272,
                0.0,
                -0.2425953596830368,
                0.02772006206214428,
                -0.1721593588590622,
                1.0
            ],
            "name": "_34_RToeD"
        },
        {
            "children": [
                11
            ],
            "matrix": [
                0.6231592893600464,
                -0.7807521224021912,
                -0.04581018164753914,
                0.0,
                0.7816148996353149,
                0.6237594485282898,
                0.0015082784229889513,
                0.0,
                0.02739694342017174,
                -0.0367458201944828,
                0.9989490509033204,
                0.0,
                0.22147686779499058,
                -0.1670505702495575,
                -0.1892274618148804,
                1.0
            ],
            "name": "_31_RToeC1"
        },
        {
            "matrix": [
                1.0,
                0.0,
                0.0,
                0.0,
                0.0,
                1.0,
                0.0,
                0.0,
                0.0,
                0.0,
                1.0,
                0.0,
                0.20232659578323365,
                -0.0000017925261772688828,
                -1.513956817689177e-7,
                1.0
            ],
            "name": "_32_RToeC2"
        },
        {
            "children": [
                13
            ],
            "matrix": [
                0.9790759682655336,
                -0.186912938952446,
                -0.08045974373817444,
                0.0,
                0.187048614025116,
                0.9823328256607056,
                -0.005914959590882063,
                0.0,
                0.08014383912086487,
                -0.009258689358830452,
                0.9967402815818788,
                0.0,
                0.3502812385559082,
                0.0033496986143291,
                -0.18267372250556949,
                1.0
            ],
            "name": "_28_RToeB1"
        },
        {
            "matrix": [
                1.0,
                0.0,
                0.0,
                0.0,
                0.0,
                1.0,
                0.0,
                0.0,
                0.0,
                0.0,
                1.0,
                0.0,
                0.19626422226428984,
                0.0000011142725497848006,
                1.211165994163821e-7,
                1.0
            ],
            "name": "_29_RToeB2"
        },
        {
            "children": [
                15
            ],
            "matrix": [
                0.8885100483894348,
                0.4519585967063904,
                -0.0792674794793129,
                0.0,
                -0.452097624540329,
                0.8918023705482483,
                0.017213065177202226,
                0.0,
                0.07847051322460175,
                0.020542658865451817,
                0.9967047572135924,
                0.0,
                0.2958287298679352,
                0.20723211765289308,
                -0.18248850107192994,
                1.0
            ],
            "name": "_25_RToeA1"
        },
        {
            "matrix": [
                1.0,
                0.0,
                0.0,
                0.0,
                0.0,
                1.0,
                0.0,
                0.0,
                0.0,
                0.0,
                1.0,
                0.0,
                0.19939325749874116,
                6.782536843275011e-7,
                -6.055842494134822e-9,
                1.0
            ],
            "name": "_26_RToeA2"
        },
        {
            "children": [
                17
            ],
            "matrix": [
                0.9369851350784302,
                0.206957682967186,
                0.2814735770225525,
                0.0,
                -0.21497339010238648,
                0.9766167998313904,
                -0.002456642920151353,
                0.0,
                -0.2754002511501312,
                -0.05820748955011368,
                0.959565818309784,
                0.0,
                0.4024477601051331,
                0.4183938801288605,
                -0.04308348149061203,
                1.0
            ],
            "name": "_06_LThigh"
        },
        {
            "children": [
                18
            ],
            "matrix": [
                0.9238954782485962,
                -2.9380998967099005e-8,
                -0.3826448917388916,
                0.0,
                2.831190215601964e-8,
                1.0,
                -8.424942521401137e-9,
                0.0,
                0.3826448917388916,
                -3.0496385416967088e-9,
                0.9238954782485962,
                0.0,
                0.5452849268913269,
                9.689338043017418e-8,
                -4.844669021508708e-8,
                1.0
            ],
            "name": "_07_LLeg"
        },
        {
            "children": [
                24,
                22,
                20,
                19
            ],
            "matrix": [
                -0.10659341514110564,
                -0.00005774004966951907,
                0.9943026900291444,
                0.0,
                0.2137490510940552,
                0.976618468761444,
                0.0229715071618557,
                0.0,
                -0.9710556864738464,
                0.2149798721075058,
                -0.10408876091241837,
                0.0,
                0.6329121589660645,
                1.4534006709254758e-7,
                4.844669021508708e-8,
                1.0
            ],
            "name": "_08_LFoot"
        },
        {
            "matrix": [
                -0.9999969601631165,
                0.002459162613376975,
                4.776892410518485e-7,
                0.0,
                -0.0024591549299657346,
                -0.9999943971633912,
                0.0022797072306275369,
                0.0,
                0.000006083856987970648,
                0.002279699081555009,
                0.99999737739563,
                0.0,
                -0.24259577691555024,
                -0.02772133052349091,
                -0.17215944826602937,
                1.0
            ],
            "name": "_19_LToeD"
        },
        {
            "children": [
                21
            ],
            "matrix": [
                0.6231591105461121,
                0.7807534337043762,
                -0.04579122364521027,
                0.0,
                -0.7816150784492493,
                0.6237592697143555,
                -0.001493317307904363,
                0.0,
                0.02739678882062435,
                0.03672168776392937,
                0.998949944972992,
                0.0,
                0.22147692739963532,
                0.16705098748207093,
                -0.18922750651836396,
                1.0
            ],
            "name": "_16_LToeC1"
        },
        {
            "matrix": [
                1.0,
                0.0,
                0.0,
                0.0,
                0.0,
                1.0,
                0.0,
                0.0,
                0.0,
                0.0,
                1.0,
                0.0,
                0.20232601463794709,
                -4.844669021508708e-8,
                -6.055842494134822e-9,
                1.0
            ],
            "name": "_17_LToeC2"
        },
        {
            "children": [
                23
            ],
            "matrix": [
                0.9790761470794678,
                0.18691429495811466,
                -0.08045493811368942,
                0.0,
                -0.1870480626821518,
                0.9823328256607056,
                0.005938194692134857,
                0.0,
                0.08014345914125443,
                0.009234994649887084,
                0.9967405796051024,
                0.0,
                0.3502812385559082,
                -0.003351733088493347,
                -0.18267354369163514,
                1.0
            ],
            "name": "_13_LToeB1"
        },
        {
            "matrix": [
                1.0,
                0.0,
                0.0,
                0.0,
                0.0,
                1.0,
                0.0,
                0.0,
                0.0,
                0.0,
                1.0,
                0.0,
                0.19626571238040925,
                -4.844669021508708e-8,
                -1.2111659231095473e-8,
                1.0
            ],
            "name": "_14_LToeB2"
        },
        {
            "children": [
                25
            ],
            "matrix": [
                0.8885099291801453,
                -0.4519568681716919,
                -0.07927857339382172,
                0.0,
                0.4520978331565857,
                0.8918026685714722,
                -0.017191583290696145,
                0.0,
                0.07847069948911667,
                -0.020566778257489209,
                0.9967042207717896,
                0.0,
                0.29582616686820986,
                -0.2072337567806244,
                -0.182488352060318,
                1.0
            ],
            "name": "_10_LToeA1"
        },
        {
            "matrix": [
                1.0,
                0.0,
                0.0,
                0.0,
                0.0,
                1.0,
                0.0,
                0.0,
                0.0,
                0.0,
                1.0,
                0.0,
                0.1993938535451889,
                -4.844669021508708e-8,
                0.0,
                1.0
            ],
            "name": "_11_LToeA2"
        },
        {
            "children": [
                27
            ],
            "matrix": [
                1.0,
                -0.0,
                0.0,
                0.0,
                0.0,
                4.4896641959724089e-11,
                1.0,
                0.0,
                -0.0,
                -1.0,
                4.4896641959724089e-11,
                0.0,
                0.0,
                0.0,
                0.0,
                1.0
            ],
            "name": "_01_pm0055_00"
        },
        {
            "children": [
                28
            ],
            "name": "_02_Origin"
        },
        {
            "children": [
                2,
                29
            ],
            "matrix": [
                -0.000003920910785382148,
                0.9921454191207886,
                0.1250896453857422,
                0.0,
                -1.0,
                -0.000003951787675759988,
                -1.301230234673767e-9,
                0.0,
                4.930367367705912e-7,
                -0.1250896453857422,
                0.9921454191207886,
                0.0,
                0.0,
                1.777443766593933,
                0.04308348149061203,
                1.0
            ],
            "name": "_03_Waist"
        },
        {
            "children": [
                30
            ],
            "name": "_40_Spine1"
        },
        {
            "children": [
                44,
                41,
                31
            ],
            "matrix": [
                0.9887871146202089,
                1.1113731598422565e-13,
                0.14933212101459504,
                0.0,
                -1.064730443568751e-13,
                1.0,
                -3.9228999416289839e-14,
                0.0,
                -0.14933212101459504,
                2.2889283242226445e-14,
                0.9887871146202089,
                0.0,
                0.2879724800586701,
                -1.4784756535365928e-12,
                0.0,
                1.0
            ],
            "name": "_41_Spine2"
        },
        {
            "children": [
                32
            ],
            "matrix": [
                0.123395137488842,
                0.9917452931404114,
                -0.03485625982284546,
                0.0,
                -0.9543968439102172,
                0.1282237023115158,
                0.2696021795272827,
                0.0,
                0.27184608578681948,
                -8.956610599852866e-7,
                0.9623407125473024,
                0.0,
                0.4050380289554596,
                0.08656192570924759,
                -0.09063022583723068,
                1.0
            ],
            "name": "_60_RShoulder"
        },
        {
            "children": [
                33
            ],
            "matrix": [
                0.99174565076828,
                0.1282208561897278,
                -9.186043925524246e-9,
                0.0,
                -0.1282208561897278,
                0.99174565076828,
                -4.768373855768004e-7,
                0.0,
                -5.203027342304267e-8,
                4.740792292068363e-7,
                1.0,
                0.0,
                0.3040049970149994,
                5.813602683701902e-7,
                -1.2111659231095473e-8,
                1.0
            ],
            "name": "_61_RArm"
        },
        {
            "children": [
                34
            ],
            "matrix": [
                1.0,
                0.0,
                0.0,
                0.0,
                0.0,
                1.0,
                0.0,
                0.0,
                0.0,
                0.0,
                1.0,
                0.0,
                0.5973673462867737,
                0.0,
                9.689338043017418e-8,
                1.0
            ],
            "name": "_62_RForeArm"
        },
        {
            "children": [
                39,
                37,
                35
            ],
            "matrix": [
                1.0,
                0.0,
                0.0,
                0.0,
                0.0,
                1.0,
                0.0,
                0.0,
                0.0,
                0.0,
                1.0,
                0.0,
                0.4132910072803498,
                -1.9378650506496346e-7,
                1.2111659231095473e-8,
                1.0
            ],
            "name": "_63_RHand"
        },
        {
            "children": [
                36
            ],
            "matrix": [
                0.8426902294158936,
                0.09080935269594193,
                -0.5306852459907532,
                0.0,
                0.5276309251785278,
                0.05685456469655037,
                0.8475689888000488,
                0.0,
                0.10713907331228256,
                -0.9942440390586852,
                -0.0000030335002065839946,
                0.0,
                0.31136080622673037,
                0.0,
                -0.20933358371257786,
                1.0
            ],
            "name": "_70_RFingerC1"
        },
        {
            "matrix": [
                0.999443531036377,
                -0.032885827124118808,
                0.00558563694357872,
                0.0,
                0.03286512941122055,
                0.9994527101516724,
                0.003758163657039404,
                0.0,
                -0.005706170108169317,
                -0.0035724996123462917,
                0.9999773502349854,
                0.0,
                0.2285333126783371,
                -2.906801341850951e-7,
                -0.0000013565073686550025,
                1.0
            ],
            "name": "_71_RFingerC2"
        },
        {
            "children": [
                38
            ],
            "matrix": [
                0.8169639110565186,
                0.09999115765094756,
                0.5679540038108826,
                0.0,
                -0.5637466907501221,
                -0.06900284439325333,
                0.8230603337287903,
                0.0,
                0.12148919701576232,
                -0.992592751979828,
                -0.0000031487074920732999,
                0.0,
                0.3198240995407105,
                -1.9378650506496346e-7,
                0.2141268700361252,
                1.0
            ],
            "name": "_67_RFingerB1"
        },
        {
            "matrix": [
                0.999625325202942,
                -0.026641549542546274,
                0.006281816400587559,
                0.0,
                0.026667550206184388,
                0.9996359944343568,
                -0.004092121031135321,
                0.0,
                -0.00617050938308239,
                0.004258108325302601,
                0.999971866607666,
                0.0,
                0.21109291911125184,
                -6.782536843275011e-7,
                7.751470434413932e-7,
                1.0
            ],
            "name": "_68_RFingerB2"
        },
        {
            "children": [
                40
            ],
            "matrix": [
                0.9947218298912048,
                0.10260827094316484,
                1.0000425376688329e-8,
                0.0,
                4.123311896364612e-7,
                -0.000004094750693184324,
                1.0,
                0.0,
                0.10260827094316484,
                -0.9947218298912048,
                -0.000004115446245123167,
                0.0,
                0.3890698254108429,
                1.9378650506496346e-7,
                6.055842760588348e-8,
                1.0
            ],
            "name": "_64_RFingerA1"
        },
        {
            "matrix": [
                0.9998889565467836,
                6.585812624415599e-14,
                -0.014902012422680857,
                0.0,
                -7.1058994244310728e-9,
                1.0,
                -4.767842369801656e-7,
                0.0,
                0.014902012422680857,
                4.768372150465439e-7,
                0.9998889565467836,
                0.0,
                0.20408153533935548,
                4.844669021508708e-8,
                5.813602683701902e-7,
                1.0
            ],
            "name": "_65_RFingerA2"
        },
        {
            "children": [
                42
            ],
            "matrix": [
                0.9999982714653016,
                7.292845793926972e-8,
                -0.0018710948061197997,
                0.0,
                -7.289381898090143e-8,
                1.0,
                1.8580635696707764e-8,
                0.0,
                0.0018710948061197997,
                -1.8444213267798664e-8,
                0.9999982714653016,
                0.0,
                0.5765088796615601,
                -1.4784756535365928e-12,
                -1.4534006709254758e-7,
                1.0
            ],
            "name": "_55_Neck"
        },
        {
            "children": [
                43
            ],
            "matrix": [
                0.9966479539871216,
                1.13687095219632e-13,
                0.08181003481149674,
                0.0,
                -1.1795637166675533e-13,
                1.0,
                4.73521300837533e-14,
                0.0,
                -0.08181003481149674,
                -5.684341886080803e-14,
                0.9966479539871216,
                0.0,
                0.1751047968864441,
                1.4784756535365928e-12,
                0.0,
                1.0
            ],
            "name": "_56_Head"
        },
        {
            "matrix": [
                0.04374190792441368,
                8.63399876038784e-8,
                0.9990428686141968,
                0.0,
                8.844493777360185e-7,
                1.0,
                -1.25147266771819e-7,
                0.0,
                -0.9990428686141968,
                8.890770004654769e-7,
                0.04374190792441368,
                0.0,
                0.22238138318061829,
                -2.9569411155727647e-12,
                0.2252338230609894,
                1.0
            ],
            "name": "_58_Jaw"
        },
        {
            "children": [
                45
            ],
            "matrix": [
                0.12339526414871216,
                -0.9917452335357666,
                -0.034856166690588,
                0.0,
                0.9543968439102172,
                0.12822380661964417,
                -0.2696020603179932,
                0.0,
                0.2718459665775299,
                0.000001002363546831475,
                0.962340772151947,
                0.0,
                0.4050360023975373,
                -0.08656192570924759,
                -0.09063001722097396,
                1.0
            ],
            "name": "_42_LShoulder"
        },
        {
            "children": [
                46
            ],
            "matrix": [
                0.9917455911636353,
                -0.128221333026886,
                -1.7221240302929889e-14,
                0.0,
                0.128221333026886,
                0.9917455911636353,
                2.622741594691665e-15,
                0.0,
                1.674279713080509e-14,
                -4.809222681548264e-15,
                1.0,
                0.0,
                0.30400750041008,
                0.0,
                1.2111659231095473e-8,
                1.0
            ],
            "name": "_43_LArm"
        },
        {
            "children": [
                47
            ],
            "matrix": [
                1.0,
                0.0,
                0.0,
                0.0,
                0.0,
                1.0,
                0.0,
                0.0,
                0.0,
                0.0,
                1.0,
                0.0,
                0.5973647832870483,
                -1.9378650506496346e-7,
                0.0,
                1.0
            ],
            "name": "_44_LForeArm"
        },
        {
            "children": [
                52,
                50,
                48
            ],
            "matrix": [
                1.0,
                0.0,
                0.0,
                0.0,
                0.0,
                1.0,
                0.0,
                0.0,
                0.0,
                0.0,
                1.0,
                0.0,
                0.4132910072803498,
                0.0,
                8.478164659209143e-8,
                1.0
            ],
            "name": "_45_LHand"
        },
        {
            "children": [
                49
            ],
            "matrix": [
                0.8426902294158936,
                -0.0908094123005867,
                -0.530685305595398,
                0.0,
                -0.5276309251785278,
                0.05685475468635559,
                -0.847568929195404,
                0.0,
                0.1071392223238945,
                0.9942440390586852,
                -0.0000029106940928613769,
                0.0,
                0.31136006116867068,
                0.0,
                -0.20933358371257786,
                1.0
            ],
            "name": "_52_LFingerC1"
        },
        {
            "matrix": [
                0.999443531036377,
                0.03288590908050537,
                0.005585644394159317,
                0.0,
                -0.03286521136760712,
                0.9994527101516724,
                -0.00375836668536067,
                0.0,
                -0.005706184543669224,
                0.003572701709344983,
                0.9999773502349854,
                0.0,
                0.2285341024398804,
                1.4534006709254758e-7,
                3.875735217206966e-7,
                1.0
            ],
            "name": "_53_LFingerC2"
        },
        {
            "children": [
                51
            ],
            "matrix": [
                0.8169645667076111,
                -0.0999913215637207,
                0.5679530501365662,
                0.0,
                0.5637457966804504,
                -0.06900229305028916,
                -0.823060929775238,
                0.0,
                0.121489018201828,
                0.992592751979828,
                -0.0000027362204946257408,
                0.0,
                0.3198240995407105,
                0.0,
                0.2141258269548416,
                1.0
            ],
            "name": "_49_LFingerB1"
        },
        {
            "matrix": [
                0.999625325202942,
                0.026641633361577989,
                0.00628179544582963,
                0.0,
                -0.026667630299925805,
                0.9996359944343568,
                0.0040918574668467049,
                0.0,
                -0.006170494947582483,
                -0.004257844761013985,
                0.9999719262123108,
                0.0,
                0.2110930234193802,
                4.844669021508708e-8,
                -5.813602683701902e-7,
                1.0
            ],
            "name": "_50_LFingerB2"
        },
        {
            "children": [
                53
            ],
            "matrix": [
                0.9947218894958496,
                -0.10260802507400512,
                1.878641686658966e-9,
                0.0,
                -3.669564705433004e-7,
                -0.0000035757268506131369,
                -1.0,
                0.0,
                0.10260802507400512,
                0.9947218894958496,
                -0.00000359450632458902,
                0.0,
                0.3890690803527832,
                1.9378650506496346e-7,
                1.2111659231095473e-8,
                1.0
            ],
            "name": "_46_LFingerA1"
        },
        {
            "matrix": [
                0.9998889565467836,
                4.8657010864872066e-8,
                -0.014902519062161446,
                0.0,
                -4.8511282102481348e-8,
                1.0,
                1.0140230877198065e-8,
                0.0,
                0.014902519062161446,
                -9.41616473681961e-9,
                0.9998889565467836,
                0.0,
                0.20408114790916444,
                1.2111659231095473e-8,
                1.9378650506496346e-7,
                1.0
            ],
            "name": "_47_LFingerA2"
        }
    ],
    "meshes": [
        {
            "primitives": [
                {
                    "attributes": {
                        "COLOR_0": 1,
                        "JOINTS_0": 2,
                        "NORMAL": 3,
                        "POSITION": 4,
                        "TEXCOORD_0": 5,
                        "WEIGHTS_0": 6
                    },
                    "indices": 0,
                    "mode": 4,
                    "material": 0
                },
                {
                    "attributes": {
                        "COLOR_0": 8,
                        "JOINTS_0": 9,
                        "NORMAL": 10,
                        "POSITION": 11,
                        "TEXCOORD_0": 12,
                        "WEIGHTS_0": 13
                    },
                    "indices": 7,
                    "mode": 4,
                    "material": 1
                }
            ],
            "name": "Golduck"
        }
    ],
    "skins": [
        {
            "inverseBindMatrices": 14,
            "skeleton": 2,
            "joints": [
                42,
                16,
                17,
                6,
                7,
                30,
                41,
                31,
                29,
                32,
                44,
                45,
                33,
                34,
                46,
                47,
                5,
                2,
                3,
                4,
                18,
                24,
                22,
                20,
                23,
                21,
                25,
                19,
                8,
                14,
                12,
                10,
                11,
                15,
                9,
                13,
                43,
                52,
                53,
                39,
                40,
                51,
                49,
                38,
                36,
                35,
                37,
                50,
                48
            ],
            "name": "geom-Golduck-skin1"
        }
    ],
    "accessors": [
        {
            "bufferView": 0,
            "byteOffset": 0,
            "componentType": 5123,
            "count": 240,
            "max": [
                54
            ],
            "min": [
                0
            ],
            "type": "SCALAR"
        },
        {
            "bufferView": 1,
            "byteOffset": 0,
            "componentType": 5126,
            "count": 55,
            "max": [
                1.0,
                1.0,
                1.0
            ],
            "min": [
                1.0,
                1.0,
                1.0
            ],
            "type": "VEC3"
        },
        {
            "bufferView": 2,
            "byteOffset": 0,
            "componentType": 5123,
            "count": 55,
            "max": [
                0,
                0,
                0,
                0
            ],
            "min": [
                0,
                0,
                0,
                0
            ],
            "type": "VEC4"
        },
        {
            "bufferView": 1,
            "byteOffset": 660,
            "componentType": 5126,
            "count": 55,
            "max": [
                0.9312567710876464,
                0.6166719198226929,
                0.9809433221817016
            ],
            "min": [
                -0.93125718832016,
                -0.16880039870738984,
                0.3385842144489289
            ],
            "type": "VEC3"
        },
        {
            "bufferView": 1,
            "byteOffset": 1320,
            "componentType": 5126,
            "count": 55,
            "max": [
                0.379745215177536,
                3.363544225692749,
                1.0707446336746216
            ],
            "min": [
                -0.379745215177536,
                2.928391456604004,
                0.7147890329360962
            ],
            "type": "VEC3"
        },
        {
            "bufferView": 2,
            "byteOffset": 440,
            "componentType": 5126,
            "count": 55,
            "max": [
                0.4961240887641907,
                0.22095531225204469
            ],
            "min": [
                0.009873908013105393,
                0.029885411262512208
            ],
            "type": "VEC2"
        },
        {
            "bufferView": 3,
            "byteOffset": 0,
            "componentType": 5126,
            "count": 55,
            "max": [
                1.0,
                0.0,
                0.0,
                0.0
            ],
            "min": [
                1.0,
                0.0,
                0.0,
                0.0
            ],
            "type": "VEC4"
        },
        {
            "bufferView": 0,
            "byteOffset": 480,
            "componentType": 5123,
            "count": 14718,
            "max": [
                3869
            ],
            "min": [
                0
            ],
            "type": "SCALAR"
        },
        {
            "bufferView": 1,
            "byteOffset": 1980,
            "componentType": 5126,
            "count": 3870,
            "max": [
                1.0,
                1.0,
                1.0
            ],
            "min": [
                1.0,
                1.0,
                1.0
            ],
            "type": "VEC3"
        },
        {
            "bufferView": 2,
            "byteOffset": 880,
            "componentType": 5123,
            "count": 3870,
            "max": [
                44,
                48,
                48,
                48
            ],
            "min": [
                0,
                0,
                0,
                0
            ],
            "type": "VEC4"
        },
        {
            "bufferView": 1,
            "byteOffset": 48420,
            "componentType": 5126,
            "count": 3870,
            "max": [
                0.9999904036521912,
                0.9999015927314758,
                0.9999942779541016
            ],
            "min": [
                -0.9999904036521912,
                -1.0,
                -0.9999241828918456
            ],
            "type": "VEC3"
        },
        {
            "bufferView": 1,
            "byteOffset": 94860,
            "componentType": 5126,
            "count": 3870,
            "max": [
                2.3916306495666506,
                3.922166347503662,
                1.510878324508667
            ],
            "min": [
                -2.3916311264038088,
                -0.008052554912865162,
                -2.115467071533203
            ],
            "type": "VEC3"
        },
        {
            "bufferView": 2,
            "byteOffset": 31840,
            "componentType": 5126,
            "count": 3870,
            "max": [
                0.9979127049446106,
                0.9921875
            ],
            "min": [
                0.003159641986712814,
                0.007812023162841797
            ],
            "type": "VEC2"
        },
        {
            "bufferView": 3,
            "byteOffset": 880,
            "componentType": 5126,
            "count": 3870,
            "max": [
                1.0,
                0.9900000095367432,
                0.9800000190734864,
