{
    "asset": {
        "generator": "COLLADA2GLTF",
        "version": "2.0"
    },
    "scenes": [
        {
            "nodes": [
                0
            ]
        }
    ],
    "scene": 0,
    "nodes": [
        {
            "children": [
                9,
                1
            ],
            "matrix": [
                1.0,
                0.0,
                0.0,
                0.0,
                0.0,
                0.0,
                -1.0,
                0.0,
                0.0,
                1.0,
                0.0,
                0.0,
                0.0,
                0.0,
                0.0,
                1.0
            ],
            "name": "Z_UP"
        },
        {
            "mesh": 0,
            "skin": 0,
            "name": "Poliwhirl"
        },
        {
            "children": [
                6,
                3
            ],
            "matrix": [
                -1.0,
                -0.000003462199174464331,
                -3.5527200315476049e-15,
                0.0,
                0.000003462199174464331,
                -1.0,
                6.1501120881387687e-21,
                0.0,
                -3.5527200315476049e-15,
                -6.1501120881387687e-21,
                1.0,
                0.0,
                0.0,
                0.0,
                0.0,
                1.0
            ],
            "name": "_04_Hips"
        },
        {
            "children": [
                4
            ],
            "matrix": [
                1.0,
                1.2293317297462637e-7,
                -4.722672007964873e-15,
                0.0,
                -1.137686922447756e-7,
                0.9254515171051024,
                0.378866046667099,
                0.0,
                4.6575209466936949e-8,
                -0.378866046667099,
                0.9254515171051024,
                0.0,
                -4.844669021508708e-8,
                -0.5476061701774597,
                0.0,
                1.0
            ],
            "name": "_11_RThigh"
        },
        {
            "children": [
                5
            ],
            "matrix": [
                0.000003477229711279506,
                -4.008558107670979e-8,
                1.0,
                0.0,
                0.008324765600264073,
                0.9999653697013856,
                1.1137069932942724e-8,
                0.0,
                -0.9999653697013856,
                0.008324765600264073,
                0.000003477442987787072,
                0.0,
                0.37816280126571658,
                0.0,
                0.0,
                1.0
            ],
            "name": "_12_RFoot"
        },
        {
            "matrix": [
                1.0,
                0.0,
                0.0,
                0.0,
                0.0,
                1.0,
                0.0,
                0.0,
                0.0,
                0.0,
                1.0,
                0.0,
                0.4410633742809296,
                1.4534006709254758e-7,
                -0.13113760948181153,
                1.0
            ],
            "name": "_14_RToe"
        },
        {
            "children": [
                7
            ],
            "matrix": [
                1.0,
                5.9124385387576697e-8,
                -5.199378705356139e-9,
                0.0,
                -5.668661984259416e-8,
                0.9254515171051024,
                -0.378866046667099,
                0.0,
                -1.7588449807703914e-8,
                0.378866046667099,
                0.9254515171051024,
                0.0,
                0.0,
                0.5476061701774597,
                -5.775299756792052e-15,
                1.0
            ],
            "name": "_06_LThigh"
        },
        {
            "children": [
                8
            ],
            "matrix": [
                0.0000036881217511108849,
                2.8459156808935405e-8,
                1.0,
                0.0,
                0.00249600037932396,
                0.9999969005584716,
                -3.766461986742797e-8,
                0.0,
                -0.9999969005584716,
                0.00249600037932396,
                0.0000036880392144666986,
                0.0,
                0.3781602680683136,
                -9.689338043017418e-8,
                -2.422331846219095e-8,
                1.0
            ],
            "name": "_07_LFoot"
        },
        {
            "matrix": [
                1.0,
                0.0,
                0.0,
                0.0,
                0.0,
                1.0,
                0.0,
                0.0,
                0.0,
                0.0,
                1.0,
                0.0,
                0.4410633742809296,
                4.844669021508708e-8,
                -0.1311376541852951,
                1.0
            ],
            "name": "_09_LToe"
        },
        {
            "children": [
                10
            ],
            "matrix": [
                1.0,
                -0.0,
                0.0,
                0.0,
                0.0,
                4.4896641959724089e-11,
                1.0,
                0.0,
                -0.0,
                -1.0,
                4.4896641959724089e-11,
                0.0,
                0.0,
                0.0,
                0.0,
                1.0
            ],
            "name": "_01_pm0061_00"
        },
        {
            "children": [
                11
            ],
            "name": "_02_Origin"
        },
        {
            "children": [
                2,
                12
            ],
            "matrix": [
                -0.000003728380534084863,
                1.0,
                0.0,
                0.0,
                -1.0,
                -0.000003728380534084863,
                0.0,
                0.0,
                0.0,
                0.0,
                1.0,
                0.0,
                0.0,
                0.6249822378158569,
                0.0,
                1.0
            ],
            "name": "_03_Waist"
        },
        {
            "children": [
                29,
                21,
                13
            ],
            "name": "_16_Spine"
        },
        {
            "children": [
                14
            ],
            "matrix": [
                0.000006726475930918241,
                0.9999442100524902,
                -0.010563705116510392,
                0.0,
                -1.0,
                0.000006726845185767161,
                -6.057424006833401e-10,
                0.0,
                7.045470340472093e-8,
                0.010563705116510392,
                0.9999442100524902,
                0.0,
                1.189380407333374,
                0.6837731003761292,
                0.014713941141963004,
                1.0
            ],
            "name": "_30_RShoulder"
        },
        {
            "children": [
                15
            ],
            "matrix": [
                1.0,
                0.0,
                0.0,
                0.0,
                0.0,
                1.0,
                0.0,
                0.0,
                0.0,
                0.0,
                1.0,
                0.0,
                0.21251846849918369,
                -0.0000017440809187974085,
                -1.5139567377531194e-9,
                1.0
            ],
            "name": "_31_RArm"
        },
        {
            "children": [
                16
            ],
            "matrix": [
                1.0,
                0.0,
                0.0,
                0.0,
                0.0,
                1.0,
                0.0,
                0.0,
                0.0,
                0.0,
                1.0,
                0.0,
                0.4064002335071564,
                0.0000015502940868827864,
                0.0,
                1.0
            ],
            "name": "_32_RForeArm"
        },
        {
            "children": [
                19,
                17
            ],
            "matrix": [
                1.0,
                0.0,
                0.0,
                0.0,
                0.0,
                1.0,
                0.0,
                0.0,
                0.0,
                0.0,
                1.0,
                0.0,
                0.27661868929862978,
                0.0000036819330944126706,
                1.5139567377531194e-9,
                1.0
            ],
            "name": "_33_RHand"
        },
        {
            "children": [
                18
            ],
            "matrix": [
                0.688949704170227,
                0.2794617712497711,
                0.6687670946121216,
                0.0,
                -0.3622991144657135,
                0.9319211840629578,
                -0.016194725409150125,
                0.0,
                -0.6277640461921692,
                -0.23113636672496797,
                0.7432955503463745,
                0.0,
                0.20300939679145817,
                0.09447001665830612,
                0.20614033937454225,
                1.0
            ],
            "name": "_38_RFingerB1"
        },
        {
            "matrix": [
                0.9722087383270264,
                -0.0786629244685173,
                -0.22050468623638154,
                0.0,
                0.06786678731441498,
                0.9961143136024476,
                -0.05612842738628388,
                0.0,
                0.22406309843063358,
                0.03960360214114189,
                0.9737696051597596,
                0.0,
                0.2690848112106323,
                0.0000015502940868827864,
                0.000009107982805289794,
                1.0
            ],
            "name": "_39_RFingerB2"
        },
        {
            "children": [
                20
            ],
            "matrix": [
                0.989619791507721,
                -0.13666008412837986,
                0.04445945844054222,
                0.0,
                -0.044240351766347888,
                0.004641602281481028,
                0.9990101456642152,
                0.0,
                -0.13673117756843568,
                -0.9906071424484252,
                -0.0014524685684591532,
                0.0,
                0.4955997467041016,
                -0.1384231448173523,
                0.03594760224223137,
                1.0
            ],
            "name": "_35_RFingerA1"
        },
        {
            "matrix": [
                0.9900336861610412,
                -0.033684443682432178,
                -0.1367432326078415,
                0.0,
                0.03400379046797753,
                0.9994217157363892,
                -4.7282495074796328e-7,
                0.0,
                0.13666416704654694,
                -0.004649320151656866,
                0.9906065464019777,
                0.0,
                0.2973674535751343,
                6.661404228225365e-8,
                0.0000011627205367403804,
                1.0
            ],
            "name": "_36_RFingerA2"
        },
        {
            "children": [
                22
            ],
            "matrix": [
                0.000006060674877517158,
                -0.9999442100524902,
                -0.01056370045989752,
                0.0,
                1.0,
                0.000006061009571567411,
                3.484807442610816e-10,
                0.0,
                6.367822180664008e-8,
                -0.01056370045989752,
                0.9999442100524902,
                0.0,
                1.189380407333374,
                -0.6837731003761292,
                0.014713941141963004,
                1.0
            ],
            "name": "_19_LShoulder"
        },
        {
            "children": [
                23
            ],
            "matrix": [
                1.0,
                0.0,
                0.0,
                0.0,
                0.0,
                1.0,
                0.0,
                0.0,
                0.0,
                0.0,
                1.0,
                0.0,
                0.21251711249351505,
                0.0,
                -1.5139567377531194e-9,
                1.0
            ],
            "name": "_20_LArm"
        },
        {
            "children": [
                24
            ],
            "matrix": [
                1.0,
                0.0,
                0.0,
                0.0,
                0.0,
                1.0,
                0.0,
                0.0,
                0.0,
                0.0,
                1.0,
                0.0,
                0.4064004719257355,
                -0.000001937865135914763,
                -4.541875764374481e-9,
                1.0
            ],
            "name": "_21_LForeArm"
        },
        {
            "children": [
                27,
                25
            ],
            "matrix": [
                1.0,
                0.0,
                0.0,
                0.0,
                0.0,
                1.0,
                0.0,
                0.0,
                0.0,
                0.0,
                1.0,
                0.0,
                0.27661868929862978,
                -0.000002519225290598115,
                -1.5139567377531194e-9,
                1.0
            ],
            "name": "_22_LHand"
        },
        {
            "children": [
                26
            ],
            "matrix": [
                0.6889520883560181,
                -0.2794618606567383,
                0.668764591217041,
                0.0,
                0.3622918426990509,
                0.9319238662719728,
                0.016202183440327646,
                0.0,
                -0.6277655363082886,
                0.23112542927265168,
                0.7432976961135864,
                0.0,
                0.20300902426242829,
                -0.09446981549263,
                0.20613962411880497,
                1.0
            ],
            "name": "_27_LFingerB1"
        },
        {
            "matrix": [
                0.9722087979316713,
                0.07866238057613373,
                -0.2205045819282532,
                0.0,
                -0.06786631792783737,
                0.9961143732070924,
                0.05612808093428612,
                0.0,
                0.2240629494190216,
                -0.03960338234901428,
                0.9737696647644044,
                0.0,
                0.2690853178501129,
                -9.689338185125962e-7,
                0.000009350196705781857,
                1.0
            ],
            "name": "_28_LFingerB2"
        },
        {
            "children": [
                28
            ],
            "matrix": [
                0.9896185994148254,
                0.1366683691740036,
                0.04446040466427803,
                0.0,
                0.04423993825912476,
                0.004651592578738928,
                -0.9990100860595704,
                0.0,
                -0.13673989474773408,
                0.9906059503555298,
                -0.0014428974827751518,
                0.0,
                0.4955966770648957,
                0.1384270191192627,
                0.035948872566223147,
                1.0
            ],
            "name": "_24_LFingerA1"
        },
        {
            "matrix": [
                0.9900336861610412,
                0.033684466034173968,
                -0.1367432177066803,
                0.0,
                -0.03400382772088051,
                0.9994217157363892,
                3.829881620731612e-7,
                0.0,
                0.13666415214538578,
                0.004649413749575615,
                0.9906065464019777,
                0.0,
                0.29736465215682986,
                6.055842494134822e-9,
                1.9378650506496346e-7,
                1.0
            ],
            "name": "_25_LFingerA2"
        },
        {
            "matrix": [
                1.0,
                0.0,
                0.0,
                0.0,
                0.0,
                1.0,
                0.0,
                0.0,
                0.0,
                0.0,
                1.0,
                0.0,
                1.4018303155899048,
                1.4784756535365928e-12,
                -5.775299756792052e-15,
                1.0
            ],
            "name": "_17_Head"
        }
    ],
    "meshes": [
        {
            "primitives": [
                {
                    "attributes": {
                        "COLOR_0": 1,
                        "JOINTS_0": 2,
                        "NORMAL": 3,
                        "POSITION": 4,
                        "TEXCOORD_0": 5,
                        "WEIGHTS_0": 6
                    },
                    "indices": 0,
                    "mode": 4,
                    "material": 0
                },
                {
                    "attributes": {
                        "COLOR_0": 8,
                        "JOINTS_0": 9,
                        "NORMAL": 10,
                        "POSITION": 11,
                        "TEXCOORD_0": 12,
                        "WEIGHTS_0": 13
                    },
                    "indices": 7,
                    "mode": 4,
                    "material": 1
                },
                {
                    "attributes": {
                        "COLOR_0": 15,
                        "JOINTS_0": 16,
                        "NORMAL": 17,
                        "POSITION": 18,
                        "TEXCOORD_0": 19,
                        "WEIGHTS_0": 20
                    },
                    "indices": 14,
                    "mode": 4,
                    "material": 2
                },
                {
                    "attributes": {
                        "COLOR_0": 22,
                        "JOINTS_0": 23,
                        "NORMAL": 24,
                        "POSITION": 25,
                        "TEXCOORD_0": 26,
                        "WEIGHTS_0": 27
                    },
                    "indices": 21,
                    "mode": 4,
                    "material": 3
                }
            ],
            "name": "Poliwhirl"
        }
    ],
    "skins": [
        {
            "inverseBindMatrices": 28,
            "skeleton": 2,
            "joints": [
                2,
                12,
                3,
                4,
                5,
                6,
                7,
                8,
                29,
                22,
                23,
                24,
                21,
                25,
                13,
                27,
                26,
                28,
                14,
                15,
                16,
                17,
                19,
                18,
                20
            ],
            "name": "geom-Poliwhirl-skin1"
        }
    ],
    "accessors": [
        {
            "bufferView": 0,
            "byteOffset": 0,
            "componentType": 5123,
            "count": 13212,
            "max": [
                2653
            ],
            "min": [
                0
            ],
            "type": "SCALAR"
        },
        {
            "bufferView": 1,
            "byteOffset": 0,
            "componentType": 5126,
            "count": 2654,
            "max": [
                1.0,
                1.0,
                1.0
            ],
            "min": [
                1.0,
                1.0,
                1.0
            ],
            "type": "VEC3"
        },
        {
            "bufferView": 2,
            "byteOffset": 0,
            "componentType": 5123,
            "count": 2654,
            "max": [
                20,
                22,
                24,
                23
            ],
            "min": [
                0,
                0,
                0,
                0
            ],
            "type": "VEC4"
        },
        {
            "bufferView": 1,
            "byteOffset": 31848,
            "componentType": 5126,
            "count": 2654,
            "max": [
                0.9996930956840516,
                1.0,
                1.0
            ],
            "min": [
                -0.999692976474762,
                -1.0,
                -1.0
            ],
            "type": "VEC3"
        },
        {
            "bufferView": 1,
            "byteOffset": 63696,
            "componentType": 5126,
            "count": 2654,
            "max": [
                2.7372562885284426,
                2.542717933654785,
                0.9166707992553712
            ],
            "min": [
                -2.7372562885284426,
                -0.0008346490794792771,
                -0.8924190402030945
            ],
            "type": "VEC3"
        },
        {
            "bufferView": 2,
            "byteOffset": 21232,
            "componentType": 5126,
            "count": 2654,
            "max": [
                0.9960359930992128,
                0.9950007796287536
            ],
            "min": [
                0.005394670180976391,
                0.0039060115814208986
            ],
            "type": "VEC2"
        },
        {
            "bufferView": 3,
            "byteOffset": 0,
            "componentType": 5126,
            "count": 2654,
            "max": [
                1.0,
                0.9800000190734864,
                0.8500000238418579,
                0.6100000143051148
            ],
            "min": [
                0.009999999776482582,
                0.0,
                0.0,
                0.0
            ],
            "type": "VEC4"
        },
        {
            "bufferView": 0,
            "byteOffset": 26424,
            "componentType": 5123,
            "count": 528,
            "max": [
                109
            ],
            "min": [
                0
            ],
            "type": "SCALAR"
        },
        {
            "bufferView": 1,
            "byteOffset": 95544,
            "componentType": 5126,
            "count": 110,
            "max": [
                1.0,
                1.0,
                1.0
            ],
            "min": [
                1.0,
                1.0,
                1.0
            ],
            "type": "VEC3"
        },
        {
            "bufferView": 2,
            "byteOffset": 42464,
            "componentType": 5123,
            "count": 110,
            "max": [
                1,
                8,
                0,
                0
            ],
            "min": [
                1,
                8,
                0,
                0
            ],
            "type": "VEC4"
        },
        {
            "bufferView": 1,
            "byteOffset": 96864,
            "componentType": 5126,
            "count": 110,
            "max": [
                0.8648021221160889,
                0.8919864892959595,
                1.0
            ],
            "min": [
                -0.8648021221160889,
                -0.3542881906032562,
                0.3212544918060303
            ],
            "type": "VEC3"
        },
        {
            "bufferView": 1,
            "byteOffset": 98184,
            "componentType": 5126,
            "count": 110,
            "max": [
                0.8576538562774658,
                2.5242035388946539,
                0.43765467405319216
            ],
            "min": [
                -0.8576538562774658,
                1.9994879961013797,
                0.2219357192516327
            ],
            "type": "VEC3"
        },
        {
            "bufferView": 2,
            "byteOffset": 43344,
            "componentType": 5126,
            "count": 110,
            "max": [
                0.4961420893669129,
                0.24332749843597413
            ],
            "min": [
                0.011564110405743122,
                0.0023773908615112306
            ],
            "type": "VEC2"
        },
        {
            "bufferView": 3,
            "byteOffset": 42464,
            "componentType": 5126,
            "count": 110,
            "max": [
                0.7300000190734863,
                0.6000000238418579,
                0.0,
                0.0
            ],
            "min": [
                0.4000000059604645,
                0.27000001072883608,
                0.0,
                0.0
            ],
            "type": "VEC4"
        },
        {
            "bufferView": 0,
            "byteOffset": 27480,
            "componentType": 5123,
            "count": 264,
            "max": [
                54
            ],
            "min": [
                0
            ],
            "type": "SCALAR"
        },
        {
            "bufferView": 1,
            "byteOffset": 99504,
            "componentType": 5126,
            "count": 55,
            "max": [
                1.0,
                1.0,
                1.0
            ],
            "min": [
                1.0,
                1.0,
                1.0
            ],
            "type": "VEC3"
        },
        {
            "bufferView": 2,
            "byteOffset": 44224,
            "componentType": 5123,
            "count": 55,
            "max": [
                1,
                8,
                0,
                0
            ],
            "min": [
                1,
                8,
                0,
                0
            ],
            "type": "VEC4"
        },
        {
            "bufferView": 1,
            "byteOffset": 100164,
            "componentType": 5126,
            "count": 55,
            "max": [
                0.4663662016391754,
                0.9243165254592896,
                1.0
            ],
            "min": [
                -0.6937416791915894,
                -0.3550038933753968,
                0.17100189626216889
            ],
            "type": "VEC3"
        },
        {
            "bufferView": 1,
            "byteOffset": 100824,
            "componentType": 5126,
            "count": 55,
            "max": [
                -0.3284169137477875,
                2.527846097946167,
                0.4386122822761536
            ],
            "min": [
                -0.8611921072006226,
                2.003178834915161,
                0.2254901826381683
            ],
            "type": "VEC3"
        },
        {
            "bufferView": 2,
            "byteOffset": 44664,
            "componentType": 5126,
            "count": 55,
            "max": [
                0.9861217737197876,
                0.9912902116775512
            ],
            "min": [
                0.05099856853485108,
                0.018312513828277589
            ],
            "type": "VEC2"
        },
        {
            "bufferView": 3,
            "byteOffset": 44224,
            "componentType": 5126,
            "count": 55,
            "max": [
                0.7300000190734863,
                0.6000000238418579,
                0.0,
                0.0
            ],
            "min": [
                0.4000000059604645,
                0.27000001072883608,
                0.0,
                0.0
            ],
            "type": "VEC4"
        },
        {
            "bufferView": 0,
            "byteOffset": 28008,
            "componentType": 5123,
            "count": 264,
            "max": [
                54
            ],
            "min": [
                0
            ],
            "type": "SCALAR"
        },
        {
            "bufferView": 1,
            "byteOffset": 101484,
            "componentType": 5126,
            "count": 55,
            "max": [
                1.0,
                1.0,
                1.0
            ],
            "min": [
                1.0,
                1.0,
                1.0
            ],
            "type": "VEC3"
        },
        {
            "bufferView": 2,
            "byteOffset": 45104,
            "componentType": 5123,
            "count": 55,
            "max": [
                1,
                8,
                0,
                0
            ],
            "min": [
                1,
                8,
                0,
                0
            ],
            "type": "VEC4"
        },
        {
            "bufferView": 1,
            "byteOffset": 102144,
            "componentType": 5126,
            "count": 55,
            "max": [
                0.6937416195869446,
                0.9243165254592896,
                0.9999998807907105
            ],
            "min": [
                -0.4663662016391754,
                -0.3550038933753968,
                0.17100189626216889
            ],
            "type": "VEC3"
        },
        {
            "bufferView": 1,
            "byteOffset": 102804,
            "componentType": 5126,
            "count": 55,
            "max": [
                0.8611921072006226,
                2.527846097946167,
                0.4386122822761536
            ],
            "min": [
                0.3284169137477875,
                2.003178834915161,
                0.2254901826381683
            ],
            "type": "VEC3"
        },
        {
            "bufferView": 2,
            "byteOffset": 45544,
            "componentType": 5126,
            "count": 55,
            "max": [
                0.986073076725006,
                0.9912902116775512
            ],
            "min": [
                0.05097461119294167,
                0.018312513828277589
            ],
            "type": "VEC2"
        },
        {
            "bufferView": 3,
            "byteOffset": 45104,
            "componentType": 5126,
            "count": 55,
            "max": [
                0.7300000190734863,
                0.6000000238418579,
                0.0,
                0.0
            ],
            "min": [
                0.4000000059604645,
                0.27000001072883608,
                0.0,
                0.0
            ],
            "type": "VEC4"
        },
        {
            "bufferView": 4,
            "byteOffset": 0,
            "componentType": 5126,
            "count": 25,
            "max": [
                1.0,
                1.0,
                0.6198775172233582,
                0.0,
                1.0,
                1.0,
                1.0,
                0.0,
                0.9254512786865234,
                1.0,
                1.0,
                0.0,
                24.60573959350586,
                88.66755676269531,
                21.72109031677246,
                1.0
            ],
            "min": [
                -1.0,
                -1.0,
                -0.619878888130188,
                0.0,
                -1.0,
                -1.0,
                -0.000008031370271055494,
                0.0,
                -0.010563709773123265,
                -1.0,
                -0.0000034633915220183559,
                0.0,
                -93.2920379638672,
                -88.66758728027344,
                -78.48136901855469,
                1.0
            ],
            "type": "MAT4"
        }
    ],
    "materials": [
        {
            "pbrMetallicRoughness": {
                "baseColorFactor": [
                    1.0,
                    1.0,
                    1.0,
                    1.0
                ],
                "baseColorTexture": {
                    "index": 0
                },
                "metallicFactor": 0.0
            },
            "emissiveFactor": [
                0.0,
                0.0,
                0.0
            ],
            "occlusionTexture": {
                "index": 0
            },
            "name": "BodyNyorobon"
        },
        {
            "pbrMetallicRoughness": {
                "baseColorFactor": [
                    1.0,
                    1.0,
                    1.0,
                    1.0
                ],
                "baseColorTexture": {
                    "index": 1
                },
                "metallicFactor": 0.0
            },
            "emissiveFactor": [
                0.0,
                0.0,
                0.0
            ],
            "occlusionTexture": {
                "index": 1
            },
            "name": "Eye"
        },
        {
            "pbrMetallicRoughness": {
                "baseColorTexture": {
                    "index": 2
                },
                "metallicFactor": 0.0
            },
            "emissiveFactor": [
                0.0,
                0.0,
                0.0
            ],
            "occlusionTexture": {
                "index": 2
            },
            "name": "RIris"
        },
        {
            "pbrMetallicRoughness": {
                "baseColorTexture": {
                    "index": 3
                },
                "metallicFactor": 0.0
            },
            "emissiveFactor": [
                0.0,
                0.0,
                0.0
            ],
            "occlusionTexture": {
                "index": 3
            },
            "name": "LIris"
        }
    ],
    "textures": [
        {
            "sampler": 0,
            "source": 0
        },
        {
            "sampler": 0,
            "source": 1
        },
        {
            "sampler": 0,
            "source": 2
        },
        {
            "sampler": 0,
            "source": 2
        }
    ],
    "images": [
        {
