{
    "asset": {
        "generator": "COLLADA2GLTF",
        "version": "2.0"
    },
    "scenes": [
        {
            "nodes": [
                0
            ]
        }
    ],
    "scene": 0,
    "nodes": [
        {
            "children": [
                34,
                1
            ],
            "matrix": [
                1.0,
                0.0,
                0.0,
                0.0,
                0.0,
                0.0,
                -1.0,
                0.0,
                0.0,
                1.0,
                0.0,
                0.0,
                0.0,
                0.0,
                0.0,
                1.0
            ],
            "name": "Z_UP"
        },
        {
            "mesh": 0,
            "skin": 0,
            "name": "Golem"
        },
        {
            "children": [
                33,
                31,
                30,
                29,
                22,
                17,
                16,
                15,
                8,
                3
            ],
            "matrix": [
                -0.000003728380534084863,
                1.0,
                0.0,
                0.0,
                -1.0,
                -0.000003728380534084863,
                -0.0,
                0.0,
                0.0,
                0.0,
                1.0,
                0.0,
                0.0,
                1.9373925924301148,
                -0.09009430557489397,
                1.0
            ],
            "name": "_03_Waist"
        },
        {
            "children": [
                4
            ],
            "matrix": [
                -0.7347425818443298,
                0.34210747480392458,
                0.5857608914375305,
                0.0,
                -0.4214046895503998,
                -0.9068720936775208,
                0.0010648417519405485,
                0.0,
                0.5315744876861572,
                -0.2460599988698959,
                0.8104832172393799,
                0.0,
                -0.9429900050163268,
                1.0158830881118777,
                -0.00008381877705687657,
                1.0
            ],
            "name": "_48_RThigh"
        },
        {
            "children": [
                5
            ],
            "matrix": [
                0.2508002519607544,
                -1.412517747212405e-7,
                -0.9680388569831848,
                0.0,
                4.653136329579866e-7,
                1.0,
                -2.5361584832239719e-8,
                0.0,
                0.9680388569831848,
                -4.4408099597603736e-7,
                0.2508002519607544,
                0.0,
                0.5644590854644775,
                1.9378650506496346e-7,
                0.0000012596138958542725,
                1.0
            ],
            "name": "_49_RLeg"
        },
        {
            "children": [
                7,
                6
            ],
            "matrix": [
                -0.6276953816413879,
                0.0000015259348629115266,
                0.7784590721130371,
                0.0,
                0.0000014226385474103154,
                1.0,
                -8.130821242957609e-7,
                0.0,
                -0.7784590721130371,
                5.970980510028312e-7,
                -0.6276953816413879,
                0.0,
                0.3248075544834137,
                4.844669092562981e-7,
                0.0000010416031273052798,
                1.0
            ],
            "name": "_50_RFoot"
        },
        {
            "matrix": [
                -1.0,
                -0.0000018643025896381005,
                9.220939983789478e-13,
                0.0,
                0.0000018643025896381005,
                -1.0,
                9.685760460342865e-7,
                0.0,
                -8.836247705756861e-13,
                9.685760460342865e-7,
                1.0,
                0.0,
                -0.268282413482666,
                -9.689338043017418e-8,
                -0.1693519800901413,
                1.0
            ],
            "name": "_54_RToeB"
        },
        {
            "matrix": [
                1.0,
                0.0,
                0.0,
                0.0,
                0.0,
                1.0,
                0.0,
                0.0,
                0.0,
                0.0,
                1.0,
                0.0,
                0.4287341833114624,
                -0.000001937865135914763,
                -0.16589558124542237,
                1.0
            ],
            "name": "_52_RToeA"
        },
        {
            "children": [
                9
            ],
            "matrix": [
                -0.0000035506363929016517,
                0.9815972447395324,
                0.19096288084983829,
                0.0,
                -1.0,
                -0.000003615253717725864,
                -1.00192876217875e-8,
                0.0,
                6.805443604207539e-7,
                -0.19096288084983829,
                0.9815972447395324,
                0.0,
                -0.37319204211235049,
                0.96696275472641,
                0.3528669476509094,
                1.0
            ],
            "name": "_37_RShoulder"
        },
        {
            "children": [
                10
            ],
            "matrix": [
                0.9815972447395324,
                7.980634109117092e-8,
                -0.19096283614635468,
                0.0,
                -7.806110602359696e-8,
                1.0,
                1.6661772406223464e-8,
                0.0,
                0.19096283614635468,
                -1.448379638446795e-9,
                0.9815972447395324,
                0.0,
                0.21718615293502809,
                0.0,
                -0.0000012353899592199014,
                1.0
            ],
            "name": "_38_RArm"
        },
        {
            "children": [
                11
            ],
            "matrix": [
                1.0,
                0.0,
                0.0,
                0.0,
                0.0,
                1.0,
                0.0,
                0.0,
                0.0,
                0.0,
                1.0,
                0.0,
                0.2648734748363495,
                0.0,
                0.0,
                1.0
            ],
            "name": "_39_RForeArm"
        },
        {
            "children": [
                14,
                13,
                12
            ],
            "matrix": [
                1.0,
                0.0,
                0.0,
                0.0,
                0.0,
                1.0,
                0.0,
                0.0,
                0.0,
                0.0,
                1.0,
                0.0,
                0.6295415759086609,
                0.0,
                0.0,
                1.0
            ],
            "name": "_40_RHand"
        },
        {
            "matrix": [
                0.9674015045166016,
                0.14242666959762574,
                0.2094014286994934,
                0.0,
                -0.0768311396241188,
                0.9529544115066528,
                -0.2932146489620209,
                0.0,
                -0.24131159484386445,
                0.2675677537918091,
                0.9328323602676392,
                0.0,
                0.2159761488437653,
                0.13959060609340669,
                0.2296566367149353,
                1.0
            ],
            "name": "_46_RFingerC"
        },
        {
            "matrix": [
                0.994696080684662,
                0.10285776853561402,
                -1.985896425082956e-8,
                0.0,
                0.10133559256792069,
                -0.9799757599830629,
                -0.1714017391204834,
                0.0,
                -0.017630020156502725,
                0.17049263417720796,
                -0.9852012395858764,
                0.0,
                0.2616453766822815,
                0.1323847472667694,
                -0.18179036676883696,
                1.0
            ],
            "name": "_44_RFingerB"
        },
        {
            "matrix": [
                1.0,
                1.275921338574523e-18,
                -6.844373158509942e-13,
                0.0,
                6.844373158509942e-13,
                -0.000003728380534084863,
                1.0,
                0.0,
                -1.275921338574523e-18,
                -1.0,
                -0.000003728380534084863,
                0.0,
                0.2778632938861847,
                -0.1526440680027008,
                0.009710452519357205,
                1.0
            ],
            "name": "_42_RFingerA"
        },
        {
            "matrix": [
                -1.0,
                -0.000003462199174464331,
                -3.5527200315476049e-15,
                0.0,
                0.000003462199174464331,
                -1.0,
                6.1501120881387687e-21,
                0.0,
                -3.5527200315476049e-15,
                -6.1501120881387687e-21,
                1.0,
                0.0,
                -1.0086947679519654,
                0.8056575059890747,
                -0.054581042379140857,
                1.0
            ],
            "name": "_35_RFeelerB"
        },
        {
            "matrix": [
                -0.000003728380534084863,
                1.0,
                -2.0305096533197542e-20,
                0.0,
                -1.0,
                -0.000003728380534084863,
                -1.7763563100046585e-15,
                0.0,
                -1.7763563100046585e-15,
                1.3682163483279484e-20,
                1.0,
                0.0,
                -0.37319204211235049,
                1.0305389165878297,
                0.3528669476509094,
                1.0
            ],
            "name": "_33_RFeelerA"
        },
        {
            "children": [
                18
            ],
            "matrix": [
                -0.7347432971000671,
                -0.3421059250831604,
                0.5857608914375305,
                0.0,
                0.42140302062034609,
                -0.9068728685379028,
                -0.0010644574649631978,
                0.0,
                0.5315748453140259,
                0.2460593283176422,
                0.8104832172393799,
                0.0,
                -0.9429873824119568,
                -1.0158826112747193,
                -0.00008370976138394326,
                1.0
            ],
            "name": "_25_LThigh"
        },
        {
            "children": [
                19
            ],
            "matrix": [
                0.25079986453056338,
                4.173007539520768e-7,
                -0.9680389761924744,
                0.0,
                9.115503019074822e-9,
                1.0,
                4.3344010691726e-7,
                0.0,
                0.9680389761924744,
                -1.1753088102750553e-7,
                0.25079986453056338,
                0.0,
                0.5644590854644775,
                1.9378650506496346e-7,
                -7.266990564858135e-8,
                1.0
            ],
            "name": "_26_LLeg"
        },
        {
            "children": [
                21,
                20
            ],
            "matrix": [
                -0.6276953816413879,
                -0.000001655295591262984,
                0.7784590721130371,
                0.0,
                -0.0000015131175814531162,
                1.0,
                9.063015227184224e-7,
                0.0,
                -0.7784590721130371,
                -6.090189117458067e-7,
                -0.6276953816413879,
                0.0,
                0.32480502128601076,
                9.689338043017418e-8,
                9.689338043017418e-8,
                1.0
            ],
            "name": "_27_LFoot"
        },
        {
            "matrix": [
                -1.0,
                0.0000018641226233739872,
                -2.82657936168107e-7,
                0.0,
                -0.0000018641233054950138,
                -1.0,
                0.000002071259814329096,
                0.0,
                -2.826540708156245e-7,
                0.000002071260269076447,
                1.0,
                0.0,
                -0.268282413482666,
                2.906801341850951e-7,
                -0.1693527400493622,
                1.0
            ],
            "name": "_31_LToeB"
        },
        {
            "matrix": [
                1.0,
                0.0,
                0.0,
                0.0,
                0.0,
                1.0,
                0.0,
                0.0,
                0.0,
                0.0,
                1.0,
                0.0,
                0.4287341833114624,
                3.875735217206966e-7,
                -0.1658952534198761,
                1.0
            ],
            "name": "_29_LToeA"
        },
        {
            "children": [
                23
            ],
            "matrix": [
                -0.0000035506363929016517,
                -0.9815972447395324,
                0.19096288084983829,
                0.0,
                1.0,
                -0.000003615253717725864,
                1.00192876217875e-8,
                0.0,
                6.805443604207539e-7,
                0.19096288084983829,
                0.9815972447395324,
                0.0,
                -0.37319204211235049,
                -0.966962456703186,
                0.3528669476509094,
                1.0
            ],
            "name": "_14_LShoulder"
        },
        {
            "children": [
                24
            ],
            "matrix": [
                0.9815972447395324,
                1.7067388626522407e-14,
                -0.19096283614635468,
                0.0,
                4.0403333456673348e-10,
                1.0,
                2.0769228559203158e-9,
                0.0,
                0.19096283614635468,
                -2.115857267170895e-9,
                0.9815972447395324,
                0.0,
                0.2171849012374878,
                0.0,
                -3.6334952824290677e-8,
                1.0
            ],
            "name": "_15_LArm"
        },
        {
            "children": [
                25
            ],
            "matrix": [
                1.0,
                0.0,
                0.0,
                0.0,
                0.0,
                1.0,
                0.0,
                0.0,
                0.0,
                0.0,
                1.0,
                0.0,
                0.264876276254654,
                1.9378650506496346e-7,
                0.0,
                1.0
            ],
            "name": "_16_LForeArm"
        },
        {
            "children": [
                28,
                27,
                26
            ],
            "matrix": [
                1.0,
                0.0,
                0.0,
                0.0,
                0.0,
                1.0,
                0.0,
                0.0,
                0.0,
                0.0,
                1.0,
                0.0,
                0.6295415759086609,
                0.0,
                0.0,
                1.0
            ],
            "name": "_17_LHand"
        },
        {
            "matrix": [
                0.9674015045166016,
                -0.14242666959762574,
                0.209401473402977,
                0.0,
                0.07683102041482926,
                0.9529542922973632,
                0.2932150661945343,
                0.0,
                -0.2413116842508316,
                -0.2675681710243225,
                0.9328322410583496,
                0.0,
                0.2159753739833832,
                -0.13958942890167237,
                0.2296554297208786,
                1.0
            ],
            "name": "_23_LFingerC"
        },
        {
            "matrix": [
                0.994696080684662,
                -0.10285796970129012,
                -9.990750449162535e-9,
                0.0,
                -0.1013357937335968,
                -0.9799757599830629,
                0.1714017391204834,
                0.0,
                -0.017630044370889665,
                -0.17049263417720796,
                -0.9852012395858764,
                0.0,
                0.2616453766822815,
                -0.13238425552845,
                -0.18179135024547578,
                1.0
            ],
            "name": "_21_LFingerB"
        },
        {
            "matrix": [
                1.0,
                1.4210839468608952e-14,
                -4.326036548435311e-15,
                0.0,
                -4.325979797227845e-15,
                -0.000003994696726294933,
                -1.0,
                0.0,
                -1.4210856409267899e-14,
                1.0,
                -0.000003994696726294933,
                0.0,
                0.2778632938861847,
                0.15264496207237245,
                0.009708830155432225,
                1.0
            ],
            "name": "_19_LFingerA"
        },
        {
            "matrix": [
                -1.0,
                -0.000003462199174464331,
                -3.5527200315476049e-15,
                0.0,
                0.000003462199174464331,
                -1.0,
                6.1501120881387687e-21,
                0.0,
                -3.5527200315476049e-15,
                -6.1501120881387687e-21,
                1.0,
                0.0,
                -1.0086948871612549,
                -0.8419182896614075,
                -0.054581042379140857,
                1.0
            ],
            "name": "_12_LFeelerB"
        },
        {
            "matrix": [
                -0.000003994696726294933,
                -1.0,
                -7.095993926386723e-21,
                0.0,
                1.0,
                -0.000003994696726294933,
                3.55270711429516e-15,
                0.0,
                -3.55270711429516e-15,
                7.095993926386723e-21,
                1.0,
                0.0,
                -0.37319204211235049,
                -1.066799521446228,
                0.3528669476509094,
                1.0
            ],
            "name": "_10_LFeelerA"
        },
        {
            "children": [
                32
            ],
            "matrix": [
                -0.13055285811424256,
                4.980196308679297e-7,
                0.9914413690567016,
                0.0,
                0.000006178483090479858,
                1.0,
                3.112629656243371e-7,
                0.0,
                -0.9914413690567016,
                0.000006166239927551942,
                -0.13055285811424256,
                0.0,
                -0.34760406613349917,
                -7.392364715155808e-13,
                1.11709201335907,
                1.0
            ],
            "name": "_07_Head"
        },
        {
            "matrix": [
                0.9101589322090148,
                -4.33998167181926e-7,
                0.414259284734726,
                0.0,
                -1.5113862161797446e-7,
                1.0,
                0.0000013797115343550104,
                0.0,
                -0.414259284734726,
                -0.0000013183673672756414,
                0.9101589322090148,
                0.0,
                0.3539337515830994,
                -7.392364715155808e-13,
                0.0,
                1.0
            ],
            "name": "_08_Jaw"
        },
        {
            "matrix": [
                0.000003994786766270408,
                -2.661513370805224e-12,
                1.0,
                0.0,
                8.344653110725631e-7,
                1.0,
                -6.719976680148733e-13,
                0.0,
                -1.0,
                8.344653110725631e-7,
                0.000003994786766270408,
                0.0,
                -0.34760406613349917,
                -7.392364715155808e-13,
                1.11709201335907,
                1.0
            ],
            "name": "_05_Feeler"
        },
        {
            "children": [
                35
            ],
            "matrix": [
                1.0,
                -0.0,
                0.0,
                0.0,
                0.0,
                4.4896641959724089e-11,
                1.0,
                0.0,
                -0.0,
                -1.0,
                4.4896641959724089e-11,
                0.0,
                0.0,
                0.0,
                0.0,
                1.0
            ],
            "name": "_01_pm0076_00"
        },
        {
            "children": [
                2
            ],
            "name": "_02_Origin"
        }
    ],
    "meshes": [
        {
            "primitives": [
                {
                    "attributes": {
                        "COLOR_0": 1,
                        "JOINTS_0": 2,
                        "NORMAL": 3,
                        "POSITION": 4,
                        "TEXCOORD_0": 5,
                        "WEIGHTS_0": 6
                    },
                    "indices": 0,
                    "mode": 4,
                    "material": 0
                },
                {
                    "attributes": {
                        "COLOR_0": 8,
                        "JOINTS_0": 9,
                        "NORMAL": 10,
                        "POSITION": 11,
                        "TEXCOORD_0": 12,
                        "WEIGHTS_0": 13
                    },
                    "indices": 7,
                    "mode": 4,
                    "material": 1
                },
                {
                    "attributes": {
                        "COLOR_0": 15,
                        "JOINTS_0": 16,
                        "NORMAL": 17,
                        "POSITION": 18,
                        "TEXCOORD_0": 19,
                        "WEIGHTS_0": 20
                    },
                    "indices": 14,
                    "mode": 4,
                    "material": 2
                }
            ],
            "name": "Golem"
        }
    ],
    "skins": [
        {
            "inverseBindMatrices": 21,
            "skeleton": 2,
            "joints": [
                31,
                32,
                2,
                17,
                18,
                19,
                21,
                20,
                24,
                25,
                28,
                26,
                27,
                22,
                23,
                4,
                5,
                7,
                3,
                6,
                10,
                11,
                14,
                12,
                13,
                8,
                9,
                33,
                29,
                30,
                15,
                16
            ],
            "name": "geom-Golem-skin1"
        }
    ],
    "accessors": [
        {
            "bufferView": 0,
            "byteOffset": 0,
            "componentType": 5123,
            "count": 10272,
            "max": [
                2268
            ],
            "min": [
                0
            ],
            "type": "SCALAR"
        },
        {
            "bufferView": 1,
            "byteOffset": 0,
            "componentType": 5126,
            "count": 2269,
            "max": [
                1.0,
                1.0,
                1.0
            ],
            "min": [
                1.0,
                1.0,
                1.0
            ],
            "type": "VEC3"
        },
        {
            "bufferView": 2,
            "byteOffset": 0,
            "componentType": 5123,
            "count": 2269,
            "max": [
                25,
                25,
                26,
                26
            ],
            "min": [
                0,
                0,
                0,
                0
            ],
            "type": "VEC4"
        },
        {
            "bufferView": 1,
            "byteOffset": 27228,
            "componentType": 5126,
            "count": 2269,
            "max": [
                0.9996302723884584,
                0.9999675750732422,
                0.9990004897117616
            ],
            "min": [
                -0.9996302723884584,
                -0.999947428703308,
                -0.9987245798110962
            ],
            "type": "VEC3"
        },
        {
            "bufferView": 1,
            "byteOffset": 54456,
            "componentType": 5126,
            "count": 2269,
            "max": [
                2.7079954147338869,
                2.000592708587647,
                2.1386189460754396
            ],
            "min": [
                -2.7079954147338869,
                -0.05295196175575257,
                -0.6102375388145447
            ],
            "type": "VEC3"
        },
        {
            "bufferView": 2,
            "byteOffset": 18152,
            "componentType": 5126,
            "count": 2269,
            "max": [
                0.9960234761238098,
                0.9946420192718506
            ],
            "min": [
                0.007812070194631815,
                0.00724560022354126
            ],
            "type": "VEC2"
        },
        {
            "bufferView": 3,
            "byteOffset": 0,
            "componentType": 5126,
            "count": 2269,
            "max": [
                1.0,
                0.9900000095367432,
                0.9700000286102296,
                0.7599999904632568
            ],
            "min": [
                0.009999998845160008,
                0.0,
                0.0,
                0.0
            ],
            "type": "VEC4"
        },
        {
            "bufferView": 0,
            "byteOffset": 20544,
            "componentType": 5123,
            "count": 462,
            "max": [
                101
            ],
            "min": [
                0
            ],
            "type": "SCALAR"
        },
        {
            "bufferView": 1,
            "byteOffset": 81684,
            "componentType": 5126,
            "count": 102,
            "max": [
                1.0,
                1.0,
                1.0
            ],
            "min": [
                1.0,
                1.0,
                1.0
            ],
            "type": "VEC3"
        },
        {
            "bufferView": 2,
            "byteOffset": 36304,
            "componentType": 5123,
            "count": 102,
            "max": [
                0,
                2,
                0,
                0
            ],
            "min": [
                0,
                0,
                0,
                0
            ],
            "type": "VEC4"
        },
        {
            "bufferView": 1,
            "byteOffset": 82908,
            "componentType": 5126,
            "count": 102,
            "max": [
                0.9804549813270568,
                0.5254626870155335,
                0.7299357056617737
            ],
            "min": [
                -0.980455219745636,
                -0.3705039918422699,
                -0.15758079290390016
            ],
            "type": "VEC3"
        },
        {
            "bufferView": 1,
            "byteOffset": 84132,
            "componentType": 5126,
            "count": 102,
            "max": [
                0.5000624656677246,
                1.9105576276779178,
                2.024583101272583
            ],
            "min": [
                -0.5000624656677246,
                1.509638786315918,
                1.329128623008728
            ],
            "type": "VEC3"
        },
        {
            "bufferView": 2,
            "byteOffset": 37120,
            "componentType": 5126,
            "count": 102,
            "max": [
                0.4893616139888764,
                0.24506700038909913
            ],
            "min": [
                0.004544397816061974,
                0.0041918158531188969
            ],
            "type": "VEC2"
        },
        {
            "bufferView": 3,
            "byteOffset": 36304,
            "componentType": 5126,
            "count": 102,
            "max": [
                1.0,
                0.2800000011920929,
                0.0,
                0.0
            ],
            "min": [
                0.7200000286102295,
                0.0,
                0.0,
                0.0
            ],
            "type": "VEC4"
        },
        {
            "bufferView": 0,
            "byteOffset": 21468,
            "componentType": 5123,
            "count": 4755,
            "max": [
                1567
            ],
            "min": [
                0
            ],
            "type": "SCALAR"
        },
        {
            "bufferView": 1,
            "byteOffset": 85356,
            "componentType": 5126,
            "count": 1568,
            "max": [
                1.0,
                1.0,
                1.0
            ],
            "min": [
                1.0,
                1.0,
                1.0
            ],
            "type": "VEC3"
        },
        {
            "bufferView": 2,
            "byteOffset": 37936,
            "componentType": 5123,
            "count": 1568,
            "max": [
                31,
                31,
                29,
                30
            ],
            "min": [
                2,
                0,
                0,
                0
            ],
            "type": "VEC4"
        },
        {
            "bufferView": 1,
            "byteOffset": 104172,
            "componentType": 5126,
            "count": 1568,
            "max": [
                0.9969283938407898,
                0.9997531771659852,
                0.997361183166504
            ],
            "min": [
                -0.9967913031578064,
                -0.9972990155220032,
                -0.9999210238456726
            ],
            "type": "VEC3"
        },
        {
            "bufferView": 1,
            "byteOffset": 122988,
            "componentType": 5126,
            "count": 1568,
            "max": [
                1.5165603160858157,
                3.362680673599243,
                1.402247667312622
            ],
            "min": [
                -1.4802967309951785,
                0.51209956407547,
                -1.5824377536773682
            ],
            "type": "VEC3"
        },
        {
            "bufferView": 2,
            "byteOffset": 50480,
            "componentType": 5126,
            "count": 1568,
            "max": [
                0.9921879768371582,
                0.9924181699752808
            ],
            "min": [
                0.006088609807193279,
                0.0071250200271606449
            ],
            "type": "VEC2"
        },
        {
            "bufferView": 3,
            "byteOffset": 37936,
            "componentType": 5126,
            "count": 1568,
            "max": [
                1.0,
                0.3333336114883423,
                0.4796495735645294,
                0.3333311676979065
            ],
            "min": [
                0.3333305418491364,
                0.0,
                0.0,
                0.0
            ],
            "type": "VEC4"
        },
        {
            "bufferView": 4,
            "byteOffset": 0,
            "componentType": 5126,
            "count": 32,
            "max": [
                1.0,
                1.0,
                0.42135488986968996,
                0.0,
                1.0,
                1.0,
                1.0,
                0.0,
                1.0,
                1.0,
                1.0,
                0.0,
                36.56303024291992,
                66.54031372070313,
                80.27757263183594,
                1.0
            ],
            "min": [
                -1.0,
                -1.0,
                -0.4213604927062989,
                0.0,
                -1.0,
                -1.0,
                -1.0,
                0.0,
                -0.9999166131019592,
                -1.0,
                -0.9852011799812316,
                0.0,
                -92.615478515625,
                -66.54039001464844,
                -67.59243774414063,
                1.0
            ],
            "type": "MAT4"
        }
    ],
    "materials": [
        {
            "pbrMetallicRoughness": {
                "baseColorFactor": [
                    1.0,
                    1.0,
                    1.0,
                    1.0
                ],
                "baseColorTexture": {
                    "index": 0
                },
                "metallicFactor": 0.0
            },
            "emissiveFactor": [
                0.0,
                0.0,
                0.0
            ],
            "occlusionTexture": {
                "index": 0
            },
            "name": "BodyA00"
        },
        {
            "pbrMetallicRoughness": {
                "baseColorFactor": [
                    1.0,
                    1.0,
                    1.0,
                    1.0
                ],
                "baseColorTexture": {
                    "index": 1
                },
                "metallicFactor": 0.0
            },
            "emissiveFactor": [
                0.0,
                0.0,
                0.0
            ],
            "occlusionTexture": {
                "index": 1
            },
            "name": "Eye"
        },
        {
            "pbrMetallicRoughness": {
                "baseColorFactor": [
                    1.0,
                    1.0,
                    1.0,
                    1.0
                ],
                "baseColorTexture": {
                    "index": 2
                },
                "metallicFactor": 0.0
            },
            "emissiveFactor": [
                0.0,
                0.0,
                0.0
            ],
            "occlusionTexture": {
                "index": 2
            },
            "name": "BodyB00"
        }
    ],
    "textures": [
        {
            "sampler": 0,
            "source": 0
        },
        {
            "sampler": 0,
            "source": 1
        },
        {
            "sampler": 0,
            "source": 2
        }
    ],
    "images": [
        {
            "uri": "pm0076_00_BodyA1.png"
        },
        {
            "uri": "pm0076_00_Eye1.png"
        },
        {
            "uri": "pm0076_00_BodyB1.png"
        }
    ],
    "samplers": [
        {
            "magFilter": 9729,
            "minFilter": 9986,
            "wrapS": 10497,
            "wrapT": 10497
        }
    ],
    "bufferViews": [
        {
            "buffer": 0,
            "byteOffset": 269900,
            "byteLength": 30978,
            "target": 34963
        },
        {
            "buffer": 0,
            "byteOffset": 65072,
            "byteLength": 141804,
            "byteStride": 12,
            "target": 34962
        },
        {
            "buffer": 0,
            "byteOffset": 206876,
            "byteLength": 63024,
            "byteStride": 8,
            "target": 34962
        },
        {
            "buffer": 0,
            "byteOffset": 2048,
            "byteLength": 63024,
            "byteStride": 16,
            "target": 34962
        },
        {
            "buffer": 0,
            "byteOffset": 0,
            "byteLength": 2048
        }
    ],
    "buffers": [
        {
            "byteLength": 300878,
            "uri": "Golem0.bin"
        }
    ]
}
