{
    "asset": {
        "generator": "COLLADA2GLTF",
        "version": "2.0"
    },
    "scenes": [
        {
            "nodes": [
                0
            ]
        }
    ],
    "scene": 0,
    "nodes": [
        {
            "children": [
                28,
                1
            ],
            "matrix": [
                1.0,
                0.0,
                0.0,
                0.0,
                0.0,
                0.0,
                -1.0,
                0.0,
                0.0,
                1.0,
                0.0,
                0.0,
                0.0,
                0.0,
                0.0,
                1.0
            ],
            "name": "Z_UP"
        },
        {
            "mesh": 0,
            "skin": 0,
            "name": "Raticate_F"
        },
        {
            "children": [
                21,
                12,
                3
            ],
            "name": "_38_Spine"
        },
        {
            "children": [
                4
            ],
            "matrix": [
                0.1976081132888794,
                0.9414851069450378,
                0.2730510532855988,
                0.0,
                -0.5025085806846619,
                0.3364506959915161,
                -0.7964208126068115,
                0.0,
                -0.841686487197876,
                0.020168710500001909,
                0.5395897030830383,
                0.0,
                0.11907655000686646,
                0.220316544175148,
                0.12701624631881718,
                1.0
            ],
            "name": "_67_RShoulder"
        },
        {
            "children": [
                5
            ],
            "matrix": [
                0.608008861541748,
                -0.7677697539329529,
                0.202125683426857,
                0.0,
                0.6088861227035523,
                0.6143118143081665,
                0.5018752217292786,
                0.0,
                -0.509492814540863,
                -0.18207307159900666,
                0.8409913778305054,
                0.0,
                0.3389630019664765,
                5.934709861321608e-7,
                -0.0000015018460999272066,
                1.0
            ],
            "name": "_68_RArm"
        },
        {
            "children": [
                10,
                8,
                6
            ],
            "matrix": [
                0.611098051071167,
                -0.23099178075790409,
                -0.7571009993553162,
                0.0,
                0.06702981889247894,
                0.968138873577118,
                -0.24127604067325593,
                0.0,
                0.7887117266654968,
                0.09669496864080428,
                0.6071111559867859,
                0.0,
                0.14642828702926637,
                -3.149040992411756e-7,
                0.0000012596138958542725,
                1.0
            ],
            "name": "_69_RHand"
        },
        {
            "children": [
                7
            ],
            "matrix": [
                0.8632922172546387,
                -0.29123714566230776,
                0.41219833493232729,
                0.0,
                0.3694995641708374,
                0.9210398197174072,
                -0.12310845404863358,
                0.0,
                -0.34379732608795168,
                0.2585856914520264,
                0.9027385115623474,
                0.0,
                0.1463373750448227,
                -0.08369313180446625,
                0.0030332934111356737,
                1.0
            ],
            "name": "_76_RFingerC1"
        },
        {
            "matrix": [
                0.9912276268005372,
                1.2246977654228886e-8,
                0.13216571509838105,
                0.0,
                -3.411490467897238e-8,
                1.0,
                1.631940591551029e-7,
                0.0,
                -0.13216571509838105,
                -1.6627127763513275e-7,
                0.9912276268005372,
                0.0,
                0.09497085213661194,
                0.0000024223320451710608,
                0.0000010658271776264885,
                1.0
            ],
            "name": "_77_RFingerC2"
        },
        {
            "children": [
                9
            ],
            "matrix": [
                0.8797536492347717,
                0.328661173582077,
                0.34353357553482058,
                0.0,
                -0.4017724096775055,
                0.9002715945243836,
                0.1676005721092224,
                0.0,
                -0.25418972969055178,
                -0.28546953201293948,
                0.9240642189979552,
                0.0,
                0.14385883510112766,
                0.08006419986486435,
                0.010544657707214356,
                1.0
            ],
            "name": "_73_RFingerB1"
        },
        {
            "matrix": [
                0.9450092911720276,
                -1.6468323593699098e-8,
                0.32704341411590578,
                0.0,
                -1.578884365471822e-7,
                1.0,
                5.065821824246086e-7,
                0.0,
                -0.32704341411590578,
                -5.30361262462975e-7,
                0.9450092911720276,
                0.0,
                0.0865040123462677,
                -0.0000010900486131504297,
                1.9378650506496346e-7,
                1.0
            ],
            "name": "_74_RFingerB2"
        },
        {
            "children": [
                11
            ],
            "matrix": [
                0.9559621810913086,
                1.143573840067802e-7,
                0.293489933013916,
                0.0,
                2.8378924099570217e-8,
                1.0,
                -4.820831804863701e-7,
                0.0,
                -0.293489933013916,
                4.691822255153966e-7,
                0.9559621810913086,
                0.0,
                0.16727642714977265,
                -0.0000012353899592199014,
                -0.0000011869419722643216,
                1.0
            ],
            "name": "_70_RFingerA1"
        },
        {
            "matrix": [
                0.9732051491737366,
                -4.206878045920348e-8,
                0.2299386560916901,
                0.0,
                1.5197920788523337e-7,
                1.0,
                -4.602887031524006e-7,
                0.0,
                -0.2299386560916901,
                4.82901214127196e-7,
                0.9732051491737366,
                0.0,
                0.10879838466644289,
                0.0000015987394590410989,
                0.0000015018460999272066,
                1.0
            ],
            "name": "_71_RFingerA2"
        },
        {
            "children": [
                13
            ],
            "matrix": [
                0.19760797917842866,
                -0.9414851069450378,
                0.273050993680954,
                0.0,
                0.5025081038475037,
                0.3364505469799042,
                0.7964211702346802,
                0.0,
                -0.8416868448257446,
                -0.0201688464730978,
                0.5395891666412354,
                0.0,
                0.11907733231782912,
                -0.220316544175148,
                0.12701579928398133,
                1.0
            ],
            "name": "_55_LShoulder"
        },
        {
            "children": [
                14
            ],
            "matrix": [
                0.6080081462860107,
                0.7677703499794006,
                0.2021256983280182,
                0.0,
                -0.6088866591453552,
                0.6143112182617188,
                -0.5018752217292786,
                0.0,
                -0.5094929933547974,
                0.18207257986068729,
                0.8409913778305054,
                0.0,
                0.3389630019664765,
                -2.422331846219095e-8,
                9.689338043017418e-8,
                1.0
            ],
            "name": "_56_LArm"
        },
        {
            "children": [
                19,
                17,
                15
            ],
            "matrix": [
                0.6110981702804565,
                0.23099172115325929,
                -0.7571009397506714,
                0.0,
                -0.06702938675880432,
                0.9681388139724731,
                0.2412763088941574,
                0.0,
                0.788711667060852,
                -0.09669549018144608,
                0.6071110963821411,
                0.0,
                0.14642716944217686,
                -4.844669021508708e-8,
                0.0,
                1.0
            ],
            "name": "_57_LHand"
        },
        {
            "children": [
                16
            ],
            "matrix": [
                0.8632924556732178,
                0.291237086057663,
                0.41219791769981387,
                0.0,
                -0.36949947476387026,
                0.9210398197174072,
                0.12310871481895448,
                0.0,
                -0.3437968790531159,
                -0.25858575105667117,
                0.9027386903762816,
                0.0,
                0.1463373750448227,
                0.08369213342666626,
                0.003033778630197048,
                1.0
            ],
            "name": "_64_LFingerC1"
        },
        {
            "matrix": [
                0.9912275671958925,
                1.4898826350417949e-7,
                0.13216619193553925,
                0.0,
                -8.757231029221657e-8,
                1.0,
                -4.7049982754288079e-7,
                0.0,
                -0.13216619193553925,
                4.5479831101147296e-7,
                0.9912275671958925,
                0.0,
                0.09497161209583284,
                -0.0000012596138958542725,
                0.0000019863130091835048,
                1.0
            ],
            "name": "_65_LFingerC2"
        },
        {
            "children": [
                18
            ],
            "matrix": [
                0.8797537684440613,
                -0.3286608457565308,
                0.34353360533714297,
                0.0,
                0.4017722308635712,
                0.9002715945243836,
                -0.16760104894638062,
                0.0,
                -0.254189670085907,
                0.2854699194431305,
                0.9240641593933106,
                0.0,
                0.1438584625720978,
                -0.08006470650434494,
                0.010544246062636376,
                1.0
            ],
            "name": "_61_LFingerB1"
        },
        {
            "matrix": [
                0.9450094103813173,
                1.062947774244094e-7,
                0.3270430564880371,
                0.0,
                -2.788507629247761e-7,
                1.0,
                4.807374125448405e-7,
                0.0,
                -0.3270430564880371,
                -5.454975848806498e-7,
                0.9450094103813173,
                0.0,
                0.0865044966340065,
                -4.844669021508708e-8,
                0.0,
                1.0
            ],
            "name": "_62_LFingerB2"
        },
        {
            "children": [
                20
            ],
            "matrix": [
                0.9559623599052428,
                -4.51764407216615e-7,
                0.2934892475605011,
                0.0,
                4.6925774199735328e-7,
                1.0,
                1.0806757266834666e-8,
                0.0,
                -0.2934892475605011,
                1.273912602073324e-7,
                0.9559623599052428,
                0.0,
                0.16727600991725925,
                -9.689338043017418e-8,
                7.266990564858135e-8,
                1.0
            ],
            "name": "_58_LFingerA1"
        },
        {
            "matrix": [
                0.973205029964447,
                3.4749736421701984e-9,
                0.2299391478300095,
                0.0,
                -1.661513060469133e-8,
                1.0,
                5.521006585240684e-8,
                0.0,
                -0.2299391478300095,
                -5.7551179821757617e-8,
                0.973205029964447,
                0.0,
                0.10879896581172945,
                4.844669021508708e-8,
                -9.689338043017418e-8,
                1.0
            ],
            "name": "_59_LFingerA2"
        },
        {
            "children": [
                27,
                26,
                25,
                24,
                23,
                22
            ],
            "matrix": [
                0.994761884212494,
                1.9097162962111729e-8,
                0.10221944004297257,
                0.0,
                -1.9197715417362816e-8,
                1.0,
                -7.970417403337093e-14,
                0.0,
                -0.10221944004297257,
                -1.9623003222335457e-9,
                0.994761884212494,
                0.0,
                0.5917110443115234,
                -1.8480938892943836e-13,
                -9.689338043017418e-8,
                1.0
            ],
            "name": "_39_Head"
        },
        {
            "matrix": [
                -0.2467923164367676,
                0.9300974607467653,
                -0.27205196022987368,
                0.0,
                -0.7820285558700562,
                -0.025357190519571306,
                0.622726559638977,
                0.0,
                0.5722979307174683,
                0.36643651127815249,
                0.7336207032203674,
                0.0,
                0.3715258240699768,
                0.3048025369644165,
                0.2683611512184143,
                1.0
            ],
            "name": "_52_RFeeler1"
        },
        {
            "matrix": [
                -0.3094709515571594,
                0.7259193658828735,
                -0.6142221093177795,
                0.0,
                -0.8422613739967346,
                0.09056957066059113,
                0.5314065217971802,
                0.0,
                0.4413881301879883,
                0.6817904710769653,
                0.5833852291107178,
                0.0,
                0.31242507696151736,
                0.3194608688354492,
                -0.1211516261100769,
                1.0
            ],
            "name": "_50_REar"
        },
        {
            "matrix": [
                0.7855685353279114,
                1.1185986219328788e-13,
                0.6187746524810791,
                0.0,
                -5.577116013455453e-8,
                1.0,
                7.080438280127056e-8,
                0.0,
                -0.6187746524810791,
                -9.013147916903108e-8,
                0.7855685353279114,
                0.0,
                0.6302908062934876,
                -1.8480938892943836e-13,
                0.2805150449275971,
                1.0
            ],
            "name": "_48_Nose"
        },
        {
            "matrix": [
                -0.2467923164367676,
                -0.9300974607467653,
                -0.27205196022987368,
                0.0,
                0.7820285558700562,
                -0.025357190519571306,
                -0.622726559638977,
                0.0,
                0.5722979307174683,
                -0.36643651127815249,
                0.7336207032203674,
                0.0,
                0.3715258240699768,
                -0.3048025369644165,
                0.26835861802101138,
                1.0
            ],
            "name": "_45_LFeeler1"
        },
        {
            "matrix": [
                -0.3094693720340729,
                -0.7259199023246765,
                -0.6142222881317139,
                0.0,
                0.8422614932060242,
                0.0905710831284523,
                -0.5314061641693115,
                0.0,
                0.4413890838623047,
                -0.6817896962165833,
                0.5833854079246521,
                0.0,
                0.312422513961792,
                -0.3194608688354492,
                -0.1211516261100769,
                1.0
            ],
            "name": "_43_LEar"
        },
        {
            "matrix": [
                -0.09251287579536438,
                -7.430871562519316e-8,
                0.9957115054130554,
                0.0,
                0.0000026814720968104668,
                -1.0,
                1.7451036171678425e-7,
                0.0,
                0.9957115054130554,
                0.000002686117113626097,
                0.09251287579536438,
                0.0,
                0.1980438232421875,
                3.696182628628447e-13,
                0.1465936005115509,
                1.0
            ],
            "name": "_41_Jaw"
        },
        {
            "children": [
                29
            ],
            "matrix": [
                1.0,
                -0.0,
                0.0,
                0.0,
                0.0,
                4.4896641959724089e-11,
                1.0,
                0.0,
                -0.0,
                -1.0,
                4.4896641959724089e-11,
                0.0,
                0.0,
                0.0,
                0.0,
                1.0
            ],
            "name": "_01_pm0020_00_ratta"
        },
        {
            "children": [
                30
            ],
            "name": "_02_Origin"
        },
        {
            "children": [
                31,
                2
            ],
            "matrix": [
                -0.0000031842312182561729,
                0.8418577909469605,
                0.539699375629425,
                0.0,
                -1.0,
                -0.000003898067461705068,
                1.804473299671372e-7,
                0.0,
                0.000002255695562780602,
                -0.539699375629425,
                0.8418577909469605,
                0.0,
                0.0,
                0.640803873538971,
                0.03669868037104607,
                1.0
            ],
            "name": "_03_Waist"
        },
        {
            "children": [
                47,
                39,
                32
            ],
            "matrix": [
                -0.8418579697608948,
                -0.0000015428875030920609,
                0.539699137210846,
                0.0,
                0.000002035269972111564,
                -1.0,
                3.159554182730062e-7,
                0.0,
                0.539699137210846,
                0.0000013644230421050452,
                0.8418579697608948,
                0.0,
                0.0,
                0.0,
                0.0,
                1.0
            ],
            "name": "_04_Hips"
        },
        {
            "children": [
                33
            ],
            "matrix": [
                -2.2613196648535454e-8,
                0.0000027736148240364857,
                -1.0,
                0.0,
                0.016304854303598405,
                -0.9998670816421508,
                -0.0000027736148240364857,
                0.0,
                -0.9998670816421508,
                -0.016304854303598405,
                -2.2613196648535454e-8,
                0.0,
                0.2240847647190094,
                1.4784756535365928e-12,
                -0.44607481360435488,
                1.0
            ],
            "name": "_30_Tail1"
        },
        {
            "children": [
                34
            ],
            "matrix": [
                1.0,
                0.0,
                0.0,
                0.0,
                0.0,
                1.0,
                0.0,
                0.0,
                0.0,
                0.0,
                1.0,
                0.0,
                0.5061889886856079,
                -7.569783688765597e-10,
                1.9378650506496346e-7,
                1.0
            ],
            "name": "_31_Tail2"
        },
        {
            "children": [
                35
            ],
            "matrix": [
                1.0,
                0.0,
                0.0,
                0.0,
                0.0,
                1.0,
                0.0,
                0.0,
                0.0,
                0.0,
                1.0,
                0.0,
                0.36514782905578616,
                0.0,
                1.4534006709254758e-7,
                1.0
            ],
            "name": "_32_Tail3"
        },
        {
            "children": [
                36
            ],
            "matrix": [
                1.0,
                0.0,
                0.0,
                0.0,
                0.0,
                1.0,
                0.0,
                0.0,
                0.0,
                0.0,
                1.0,
                0.0,
                0.3726789355278015,
                0.0,
                0.0,
                1.0
            ],
            "name": "_33_Tail4"
        },
        {
            "children": [
                37
            ],
            "matrix": [
                1.0,
                0.0,
                0.0,
                0.0,
                0.0,
                1.0,
                0.0,
                0.0,
                0.0,
                0.0,
                1.0,
                0.0,
                0.36854636669158938,
                -7.569783688765597e-10,
                -4.844669021508708e-8,
                1.0
            ],
            "name": "_34_Tail5"
        },
        {
            "children": [
                38
            ],
            "matrix": [
                1.0,
                0.0,
                0.0,
                0.0,
                0.0,
                1.0,
                0.0,
                0.0,
                0.0,
                0.0,
                1.0,
                0.0,
                0.3726789355278015,
                7.569783688765597e-10,
                0.0,
                1.0
            ],
            "name": "_35_Tail6"
        },
        {
            "matrix": [
                1.0,
                0.0,
                0.0,
                0.0,
                0.0,
                1.0,
                0.0,
                0.0,
                0.0,
                0.0,
                1.0,
                0.0,
                0.3934861421585083,
                -1.5139567377531194e-9,
                0.0,
                1.0
            ],
            "name": "_36_Tail7"
        },
        {
            "children": [
                40
            ],
            "matrix": [
                0.9538449048995972,
                0.1151108294725418,
                -0.27736160159111025,
                0.0,
                -0.1198115646839142,
                0.9927966594696044,
                5.116876922173218e-10,
                0.0,
                0.27536365389823916,
                0.03323112428188324,
                0.9607656002044678,
                0.0,
                -0.05405198782682419,
                -0.3991813063621521,
                0.09957586973905564,
                1.0
            ],
            "name": "_18_RThigh"
        },
        {
            "children": [
                45,
                43,
                41
            ],
            "matrix": [
                -0.2997448444366455,
                -0.32434481382369997,
                0.8971920013427734,
                0.0,
                0.01818222366273403,
                0.9383206963539124,
                0.34528782963752749,
                0.0,
                -0.9538461565971376,
                0.11981119215488434,
                -0.27535948157310488,
                0.0,
                0.661967396736145,
                4.844669021508708e-8,
                -3.027908519470657e-7,
                1.0
            ],
            "name": "_19_RFoot"
        },
        {
            "children": [
                42
            ],
            "matrix": [
                0.9768844842910768,
                0.21376784145832065,
                -0.0001405253860866651,
                0.0,
                -0.2137664407491684,
                0.9768800735473632,
                0.003034166758880019,
                0.0,
                0.0007858837489038706,
                -0.0029339909087866546,
                0.9999954104423524,
                0.0,
                0.3478631377220154,
                0.14558978378772736,
                -0.026089606806635858,
                1.0
            ],
            "name": "_27_RToeC1"
        },
        {
            "matrix": [
                0.9623385071754456,
                3.742181888810592e-7,
                -0.2718539834022522,
                0.0,
                -5.18659078352357e-7,
                1.0,
                -4.5946495674797929e-7,
                0.0,
                0.2718539834022522,
                5.831603289152554e-7,
                0.9623385071754456,
                0.0,
                0.1271968185901642,
                0.0000014049527408133145,
                9.08375099584191e-8,
                1.0
            ],
            "name": "_28_RToeC2"
        },
        {
            "children": [
                44
            ],
            "matrix": [
                0.9684013724327089,
                -0.24939152598381046,
                -0.0016334933461621404,
                0.0,
                0.24923914670944218,
                0.9680010080337524,
                -0.02922067791223526,
                0.0,
                0.00886861328035593,
                0.027890214696526529,
                0.9995716214179992,
                0.0,
                0.3653408885002136,
                -0.1338472068309784,
                -0.02251681312918663,
                1.0
            ],
            "name": "_24_RToeB1"
        },
        {
            "matrix": [
                0.955627143383026,
                3.152418912577559e-7,
                -0.2945789396762848,
                0.0,
                -4.677371521211171e-7,
                1.0,
                -4.472161094781768e-7,
                0.0,
                0.2945789396762848,
                5.6515739288443e-7,
                0.955627143383026,
                0.0,
                0.09915313869714736,
                -0.0000015745155224067276,
                1.4534006709254758e-7,
                1.0
            ],
            "name": "_25_RToeB2"
        },
        {
            "children": [
                46
            ],
            "matrix": [
                0.999988317489624,
                0.004836226347833872,
                -0.00003907705831807107,
                0.0,
                -0.004836349748075008,
                0.9999181032180786,
                -0.011850560083985329,
                0.0,
                -0.0000182381336344406,
                0.011850610375404358,
                0.9999297857284546,
                0.0,
                0.3806065320968628,
                0.001524325693026185,
                -0.02662224881350994,
                1.0
            ],
            "name": "_21_RToeA1"
        },
        {
            "matrix": [
                0.975379467010498,
                -4.652999621157506e-7,
                -0.22053316235542298,
                0.0,
                3.7235994909678995e-7,
                1.0,
                -4.630038574759965e-7,
                0.0,
                0.22053316235542298,
                3.69486770068761e-7,
                0.975379467010498,
                0.0,
                0.13613617420196534,
                -4.117974867767771e-7,
                2.422331704110548e-7,
                1.0
            ],
            "name": "_22_RToeA2"
        },
        {
            "children": [
                48
            ],
            "matrix": [
                0.953844964504242,
                -0.11511073261499404,
                -0.2773614227771759,
                0.0,
                0.11981146037578584,
                0.9927966594696044,
                2.2737008720241648e-8,
                0.0,
                0.2753635048866272,
                -0.03323109820485115,
                0.9607656598091126,
                0.0,
                -0.05405198782682419,
                0.3991813063621521,
                0.09957586973905564,
                1.0
            ],
            "name": "_06_LThigh"
        },
        {
            "children": [
                53,
                51,
                49
            ],
            "matrix": [
                -0.299746572971344,
                0.3243441581726074,
                0.8971916437149048,
                0.0,
                -0.018181927502155305,
                0.9383208751678468,
                -0.3452872633934021,
                0.0,
                -0.9538456201553344,
                -0.11981134861707688,
                -0.2753612697124481,
                0.0,
                0.6619671583175659,
                -1.9378650506496346e-7,
                -3.270148454248556e-7,
                1.0
            ],
            "name": "_07_LFoot"
        },
        {
            "children": [
                50
            ],
            "matrix": [
                0.9768846035003662,
                -0.2137671858072281,
                -0.0001404933718731627,
                0.0,
                0.21376578509807588,
                0.9768802523612976,
                -0.00303267827257514,
                0.0,
                0.0007855322910472751,
                0.0029325440991669899,
                0.9999954104423524,
                0.0,
                0.3478631377220154,
                -0.14559102058410645,
                -0.026089634746313096,
                1.0
            ],
            "name": "_15_LToeC1"
        },
        {
            "matrix": [
                0.9623385667800904,
                -4.491076879276079e-7,
                -0.27185380458831789,
                0.0,
                2.096811044793867e-7,
                1.0,
                -9.097664133150828e-7,
                0.0,
                0.27185380458831789,
                8.185006663552485e-7,
                0.9623385667800904,
                0.0,
                0.12719608843326569,
                4.844669021508708e-8,
                0.0,
                1.0
            ],
            "name": "_16_LToeC2"
        },
        {
            "children": [
                52
            ],
            "matrix": [
                0.9684011340141296,
                0.24939249455928806,
                -0.0016333031235262752,
                0.0,
                -0.24924010038375858,
                0.9680007696151732,
                0.02922123298048973,
                0.0,
                0.008868594653904438,
                -0.02789079025387764,
                0.9995716214179992,
                0.0,
                0.3653408885002136,
                0.13384824991226197,
                -0.022516706958413125,
                1.0
            ],
            "name": "_12_LToeB1"
        },
        {
            "matrix": [
                0.9556270837783814,
                3.362107037219175e-8,
                -0.2945790886878968,
                0.0,
                -1.7849414746251569e-7,
                1.0,
                -4.649100162623654e-7,
                0.0,
                0.2945790886878968,
                4.968612756783841e-7,
                0.9556270837783814,
                0.0,
                0.09915360063314438,
                -2.422331846219095e-8,
                -6.055842494134822e-9,
                1.0
            ],
            "name": "_13_LToeB2"
        },
        {
            "children": [
                54
            ],
            "matrix": [
                0.999988317489624,
                -0.004835582338273525,
                -0.00003920376184396446,
                0.0,
                0.004835707135498524,
                0.9999181032180786,
                0.01185044925659895,
                0.0,
                -0.000018103270122082905,
                -0.01185049954801798,
                0.9999297857284546,
                0.0,
                0.3806062936782837,
                -0.0015252460725605488,
                -0.02662201784551144,
                1.0
            ],
            "name": "_09_LToeA1"
        },
        {
            "matrix": [
                0.975379467010498,
                1.76423114339741e-7,
                -0.22053316235542298,
                0.0,
                -1.661641277905801e-7,
                1.0,
                6.50696918569338e-8,
                0.0,
                0.22053316235542298,
                -2.68229438660228e-8,
                0.975379467010498,
                0.0,
                0.13613563776016236,
                -4.844669021508708e-8,
                6.055842494134822e-9,
                1.0
            ],
            "name": "_10_LToeA2"
        }
    ],
    "meshes": [
        {
            "primitives": [
                {
                    "attributes": {
                        "COLOR_0": 1,
                        "JOINTS_0": 2,
                        "NORMAL": 3,
                        "POSITION": 4,
                        "TEXCOORD_0": 5,
                        "WEIGHTS_0": 6
                    },
                    "indices": 0,
                    "mode": 4,
                    "material": 0
                },
                {
                    "attributes": {
                        "COLOR_0": 8,
                        "JOINTS_0": 9,
                        "NORMAL": 10,
                        "POSITION": 11,
                        "TEXCOORD_0": 12,
                        "WEIGHTS_0": 13
                    },
                    "indices": 7,
                    "mode": 4,
                    "material": 1
                }
            ],
            "name": "Raticate_F"
        }
    ],
    "skins": [
        {
            "inverseBindMatrices": 14,
            "skeleton": 2,
            "joints": [
                21,
                27,
                31,
                2,
                3,
                47,
                48,
                39,
                40,
                32,
                33,
                34,
                35,
                36,
                37,
                38,
                4,
                5,
                12,
                13,
                14,
                26,
                23,
                24,
                10,
                11,
                6,
                7,
                8,
                9,
                54,
                53,
                51,
                52,
                49,
                50,
                19,
                20,
                15,
                16,
                17,
                18,
                41,
                45,
                43,
                44,
                46,
                42,
                25,
                22
            ],
            "name": "geom-Raticate_F-skin1"
        }
    ],
    "accessors": [
        {
            "bufferView": 0,
            "byteOffset": 0,
            "componentType": 5123,
            "count": 16272,
            "max": [
                3827
            ],
            "min": [
                0
            ],
            "type": "SCALAR"
        },
        {
            "bufferView": 1,
            "byteOffset": 0,
            "componentType": 5126,
            "count": 3828,
            "max": [
                1.0,
                1.0,
                1.0
            ],
            "min": [
                0.8980392813682556,
                0.8980392813682556,
                0.8980392813682556
            ],
            "type": "VEC3"
        },
        {
            "bufferView": 2,
            "byteOffset": 0,
            "componentType": 5123,
            "count": 3828,
            "max": [
                49,
                49,
                47,
                40
            ],
            "min": [
                0,
                0,
                0,
                0
            ],
            "type": "VEC4"
        },
        {
            "bufferView": 1,
            "byteOffset": 45936,
            "componentType": 5126,
            "count": 3828,
            "max": [
                1.0,
                1.0,
                0.9995431900024414
            ],
            "min": [
                -1.0,
                -1.0,
                -1.0
            ],
            "type": "VEC3"
        },
        {
            "bufferView": 1,
            "byteOffset": 91872,
            "componentType": 5126,
            "count": 3828,
            "max": [
                0.839210569858551,
                1.8301687240600589,
                1.095791578292847
            ],
            "min": [
                -0.8392108678817749,
                -0.020415086299180986,
                -3.078911781311035
            ],
            "type": "VEC3"
        },
        {
            "bufferView": 2,
            "byteOffset": 30624,
            "componentType": 5126,
            "count": 3828,
            "max": [
                0.9986205101013184,
                0.9949464201927184
            ],
            "min": [
                0.000764311000239104,
                0.0039060115814208986
            ],
            "type": "VEC2"
        },
        {
            "bufferView": 3,
            "byteOffset": 0,
            "componentType": 5126,
            "count": 3828,
            "max": [
                1.0,
                0.9900000095367432,
                0.9200000166893004,
                0.2600000202655792
            ],
            "min": [
                0.009999999776482582,
                0.0,
                0.0,
                0.0
            ],
            "type": "VEC4"
        },
        {
            "bufferView": 0,
            "byteOffset": 32544,
            "componentType": 5123,
            "count": 216,
            "max": [
                53
            ],
            "min": [
                0
            ],
            "type": "SCALAR"
        },
        {
            "bufferView": 1,
            "byteOffset": 137808,
            "componentType": 5126,
            "count": 54,
            "max": [
                1.0,
                1.0,
                1.0
            ],
            "min": [
                1.0,
                1.0,
                1.0
            ],
            "type": "VEC3"
        },
        {
            "bufferView": 2,
            "byteOffset": 61248,
            "componentType": 5123,
            "count": 54,
            "max": [
                0,
                23,
                0,
                0
            ],
            "min": [
                0,
                0,
                0,
                0
            ],
            "type": "VEC4"
        },
        {
            "bufferView": 1,
            "byteOffset": 138456,
            "componentType": 5126,
            "count": 54,
            "max": [
                0.9118019342422484,
                0.8206561803817749,
                0.5634940266609192
            ],
            "min": [
