{
    "asset": {
        "generator": "COLLADA2GLTF",
        "version": "2.0"
    },
    "scenes": [
        {
            "nodes": [
                0
            ]
        }
    ],
    "scene": 0,
    "nodes": [
        {
            "children": [
                20,
                1
            ],
            "matrix": [
                1.0,
                0.0,
                0.0,
                0.0,
                0.0,
                0.0,
                -1.0,
                0.0,
                0.0,
                1.0,
                0.0,
                0.0,
                0.0,
                0.0,
                0.0,
                1.0
            ],
            "name": "Z_UP"
        },
        {
            "mesh": 0,
            "skin": 0,
            "name": "Charmander"
        },
        {
            "children": [
                16,
                12,
                3
            ],
            "matrix": [
                -1.0,
                -8.979318677493353e-11,
                0.0,
                0.0,
                8.979318677493353e-11,
                -1.0,
                0.0,
                0.0,
                0.0,
                0.0,
                1.0,
                0.0,
                0.0,
                0.0,
                0.0,
                1.0
            ],
            "name": "Hips"
        },
        {
            "children": [
                4
            ],
            "matrix": [
                0.3843716681003571,
                4.9818160013925808e-11,
                -0.9231784343719482,
                0.0,
                -4.9818160013925808e-11,
                -1.0,
                -7.470587343183509e-11,
                0.0,
                -0.9231784343719482,
                7.470587343183509e-11,
                -0.3843716681003571,
                0.0,
                0.251298189163208,
                0.0,
                -0.20330438017845157,
                1.0
            ],
            "name": "Tail1"
        },
        {
            "children": [
                5
            ],
            "matrix": [
                0.9744253754615784,
                0.0,
                0.22471126914024354,
                0.0,
                0.0,
                1.0,
                0.0,
                0.0,
                -0.22471126914024354,
                0.0,
                0.9744253754615784,
                0.0,
                0.18593941628932954,
                0.0,
                0.0,
                1.0
            ],
            "name": "Tail2"
        },
        {
            "children": [
                6
            ],
            "matrix": [
                0.9888216853141784,
                6.707001887207299e-8,
                0.149103045463562,
                0.0,
                6.707001887207299e-8,
                1.0,
                -8.94618267466285e-7,
                0.0,
                -0.149103045463562,
                8.94618267466285e-7,
                0.9888216853141784,
                0.0,
                0.1896328330039978,
                0.0,
                0.0,
                1.0
            ],
            "name": "Tail3"
        },
        {
            "children": [
                7
            ],
            "matrix": [
                0.9995550513267516,
                1.6861958940239679e-8,
                0.02982848510146141,
                0.0,
                1.9583288235480726e-7,
                1.0,
                -0.000007127673143259017,
                0.0,
                -0.02982848510146141,
                0.000007130342964956071,
                0.9995550513267516,
                0.0,
                0.20160537958145145,
                0.0,
                0.0,
                1.0
            ],
            "name": "Tail4"
        },
        {
            "children": [
                8
            ],
            "matrix": [
                0.9988571405410768,
                -2.3471161014754217e-8,
                0.04779559746384621,
                0.0,
                -3.102447578839929e-7,
                1.0,
                0.000006974729330977425,
                0.0,
                -0.04779559746384621,
                -0.000006981586466281442,
                0.9988571405410768,
                0.0,
                0.1919343322515488,
                0.0,
                0.0,
                1.0
            ],
            "name": "Tail5"
        },
        {
            "children": [
                9
            ],
            "matrix": [
                0.9985529184341432,
                0.0,
                0.05377800390124321,
                0.0,
                0.0,
                1.0,
                0.0,
                0.0,
                -0.05377800390124321,
                0.0,
                0.9985529184341432,
                0.0,
                0.174770787358284,
                2.5400000325248585e-8,
                2.5400000325248585e-8,
                1.0
            ],
            "name": "Tail6"
        },
        {
            "children": [
                10
            ],
            "matrix": [
                0.11299510300159456,
                0.0,
                0.993595540523529,
                0.0,
                0.0,
                1.0,
                0.0,
                0.0,
                -0.993595540523529,
                0.0,
                0.11299510300159456,
                0.0,
                0.15240000188350678,
                0.0,
                2.5400000325248585e-8,
                1.0
            ],
            "name": "TailA01"
        },
        {
            "children": [
                11
            ],
            "matrix": [
                1.0,
                0.0,
                0.0,
                0.0,
                0.0,
                1.0,
                0.0,
                0.0,
                0.0,
                0.0,
                1.0,
                0.0,
                0.19766101241111756,
                0.0,
                0.0,
                1.0
            ],
            "name": "TailA02"
        },
        {
            "matrix": [
                1.0,
                0.0,
                0.0,
                0.0,
                0.0,
                1.0,
                0.0,
                0.0,
                0.0,
                0.0,
                1.0,
                0.0,
                0.19766101241111756,
                0.0,
                0.0,
                1.0
            ],
            "name": "TailA03"
        },
        {
            "children": [
                13
            ],
            "matrix": [
                0.8675302863121033,
                4.973843488187413e-7,
                0.4973843395709992,
                0.0,
                -4.973843488187413e-7,
                1.0,
                -1.3246969388092115e-7,
                0.0,
                -0.4973843395709992,
                -1.3246969388092115e-7,
                0.8675302863121033,
                0.0,
                0.1513405591249466,
                0.2412184625864029,
                -0.02811957709491253,
                1.0
            ],
            "name": "LThigh"
        },
        {
            "children": [
                14
            ],
            "matrix": [
                0.4958786070346832,
                0.0,
                -0.8683918714523315,
                0.0,
                0.0,
                1.0,
                0.0,
                0.0,
                0.8683918714523315,
                0.0,
                0.4958786070346832,
                0.0,
                0.1773615926504135,
                0.0,
                0.0,
                1.0
            ],
            "name": "LLeg"
        },
        {
            "children": [
                15
            ],
            "matrix": [
                -0.5067111253738403,
                0.0000015067111007738277,
                0.8621159195899963,
                0.0,
                0.0000015067111007738277,
                1.0,
                -8.621158826827013e-7,
                0.0,
                -0.8621159195899963,
                8.621158826827013e-7,
                -0.5067111253738403,
                0.0,
                0.16599787771701814,
                0.0,
                0.0,
                1.0
            ],
            "name": "LFoot"
        },
        {
            "matrix": [
                1.0,
                0.0,
                0.0,
                0.0,
                0.0,
                1.0,
                0.0,
                0.0,
                0.0,
                0.0,
                1.0,
                0.0,
                0.15198419988155366,
                2.5400000325248585e-8,
                -0.07025258243083954,
                1.0
            ],
            "name": "LToe"
        },
        {
            "children": [
                17
            ],
            "matrix": [
                0.8675302863121033,
                4.973843488187413e-7,
                0.4973843395709992,
                0.0,
                -4.973843488187413e-7,
                1.0,
                -1.3246969388092115e-7,
                0.0,
                -0.4973843395709992,
                -1.3246969388092115e-7,
                0.8675302863121033,
                0.0,
                0.15133929252624513,
                -0.2412184625864029,
                -0.02811957709491253,
                1.0
            ],
            "name": "RThigh"
        },
        {
            "children": [
                18
            ],
            "matrix": [
                0.4958786070346832,
                0.0,
                -0.8683918714523315,
                0.0,
                0.0,
                1.0,
                0.0,
                0.0,
                0.8683918714523315,
                0.0,
                0.4958786070346832,
                0.0,
                0.1773626059293747,
                0.0,
                0.0,
                1.0
            ],
            "name": "RLeg"
        },
        {
            "children": [
                19
            ],
            "matrix": [
                -0.5067111253738403,
                0.0000015067111007738277,
                0.8621159195899963,
                0.0,
                0.0000015067111007738277,
                1.0,
                -8.621158826827013e-7,
                0.0,
                -0.8621159195899963,
                8.621158826827013e-7,
                -0.5067111253738403,
                0.0,
                0.16599813103675846,
                0.0,
                7.620000275210259e-8,
                1.0
            ],
            "name": "RFoot"
        },
        {
            "matrix": [
                1.0,
                0.0,
                0.0,
                0.0,
                0.0,
                1.0,
                0.0,
                0.0,
                0.0,
                0.0,
                1.0,
                0.0,
                0.15198419988155366,
                2.5400000325248585e-8,
                -0.07025258243083954,
                1.0
            ],
            "name": "RToe"
        },
        {
            "children": [
                21
            ],
            "matrix": [
                1.0,
                0.0,
                0.0,
                0.0,
                0.0,
                4.4896641959724089e-11,
                1.0,
                0.0,
                0.0,
                -1.0,
                4.4896641959724089e-11,
                0.0,
                0.0,
                0.0,
                0.0,
                1.0
            ],
            "name": "pm0004_00"
        },
        {
            "children": [
                22
            ],
            "name": "Origin"
        },
        {
            "children": [
                2,
                23
            ],
            "matrix": [
                -0.0000034620645692484688,
                1.0,
                0.0,
                0.0,
                -1.0,
                -0.0000034620645692484688,
                -0.0,
                0.0,
                0.0,
                0.0,
                1.0,
                0.0,
                0.0,
                0.5426227450370789,
                -0.03923741355538368,
                1.0
            ],
            "name": "Waist"
        },
        {
            "children": [
                24
            ],
            "name": "Spine1"
        },
        {
            "children": [
                39,
                28,
                25
            ],
            "matrix": [
                0.9989128708839417,
                0.0,
                0.0466158539056778,
                0.0,
                0.0,
                1.0,
                0.0,
                0.0,
                -0.0466158539056778,
                0.0,
                0.9989128708839417,
                0.0,
                0.11938000470399857,
                0.0,
                0.0,
                1.0
            ],
            "name": "Spine2"
        },
        {
            "children": [
                26
            ],
            "matrix": [
                0.9989128708839417,
                0.0,
                -0.04661602899432182,
                0.0,
                0.0,
                1.0,
                0.0,
                0.0,
                0.04661602899432182,
                0.0,
                0.9989128708839417,
                0.0,
                0.2288489192724228,
                0.0,
                0.0,
                1.0
            ],
            "name": "Neck"
        },
        {
            "children": [
                27
            ],
            "matrix": [
                1.0,
                0.0,
                0.0,
                0.0,
                0.0,
                1.0,
                0.0,
                0.0,
                0.0,
                0.0,
                1.0,
                0.0,
                0.09143999963998796,
                0.0,
                0.0,
                1.0
            ],
            "name": "Head"
        },
        {
            "matrix": [
                -0.4617486000061035,
                0.0,
                0.8870108127593994,
                0.0,
                0.0,
                1.0,
                0.0,
                0.0,
                -0.8870108127593994,
                0.0,
                -0.4617486000061035,
                0.0,
                0.13335609436035157,
                0.0,
                0.13233527541160584,
                1.0
            ],
            "name": "Jaw"
        },
        {
            "children": [
                29
            ],
            "matrix": [
                -0.000002655132220752421,
                1.0,
                6.191952905965081e-8,
                0.0,
                -0.9989128708839417,
                -0.000002655132220752421,
                0.04661603644490242,
                0.0,
                0.04661603644490242,
                6.191952905965081e-8,
                0.9989128708839417,
                0.0,
                0.14123161137104038,
                0.07686420530080795,
                -0.0006017260020598769,
                1.0
            ],
            "name": "RShoulder"
        },
        {
            "children": [
                30
            ],
            "matrix": [
                1.0,
                0.0,
                0.0,
                0.0,
                0.0,
                1.0,
                0.0,
                0.0,
                0.0,
                0.0,
                1.0,
                0.0,
                0.13208000361919404,
                7.620000275210259e-8,
                0.0,
                1.0
            ],
            "name": "RArm"
        },
        {
            "children": [
                31
            ],
            "matrix": [
                1.0,
                0.0,
                0.0,
                0.0,
                0.0,
                1.0,
                0.0,
                0.0,
                0.0,
                0.0,
                1.0,
                0.0,
                0.16001871228218079,
                -2.5400000325248585e-8,
                0.0,
                1.0
            ],
            "name": "RForeArm"
        },
        {
            "children": [
                37,
                35,
                33,
                32
            ],
            "matrix": [
                1.0,
                0.0,
                0.0,
                0.0,
                0.0,
                1.0,
                0.0,
                0.0,
                0.0,
                0.0,
                1.0,
                0.0,
                0.1394459903240204,
                -7.620000275210259e-8,
                -0.0,
                1.0
            ],
            "name": "RHand"
        },
        {
            "matrix": [
                0.4964593350887299,
                0.6767054200172424,
                0.5436891317367554,
                0.0,
                0.8666601777076721,
                -0.3508407771587372,
                -0.35469838976860049,
                0.0,
                -0.04927800968289375,
                0.6472870111465454,
                -0.7606518268585205,
                0.0,
                0.04670297726988793,
                0.04019295796751976,
                0.03546246513724327,
                1.0
            ],
            "name": "RFingerA"
        },
        {
            "children": [
                34
            ],
            "matrix": [
                0.9058330059051514,
                -0.3034075200557709,
                -0.2956525981426239,
                0.0,
                0.2942633330821991,
                0.9526896476745606,
                -0.076102115213871,
                0.0,
                0.3047551214694977,
                -0.01806391216814518,
                0.9522594213485718,
                0.0,
                0.0793750062584877,
                -0.02130800858139992,
                -0.05639282613992691,
                1.0
            ],
            "name": "RFingerD1"
        },
        {
            "matrix": [
                0.951005518436432,
                0.303944855928421,
                0.05662180110812187,
                0.0,
                -0.3034076094627381,
                0.9526896476745606,
                -0.01806388981640339,
                0.0,
                -0.05943343043327332,
                -6.269731329666683e-7,
                0.9982322454452516,
                0.0,
                0.05023154616355896,
                5.588000249190372e-7,
                5.079999709778349e-7,
                1.0
            ],
            "name": "RFingerD2"
        },
        {
            "children": [
                36
            ],
            "matrix": [
                0.951005518436432,
                -0.3034076392650604,
                -0.05943318083882332,
                0.0,
                0.3039449155330658,
                0.9526895880699158,
                -2.709580826376623e-7,
                0.0,
                0.05662145465612412,
                -0.01806415617465973,
                0.9982323050498962,
                0.0,
                0.08267445862293244,
                -0.021343670785427098,
                -0.0034008061047643425,
                1.0
            ],
            "name": "RFingerC1"
        },
        {
            "matrix": [
                0.951005518436432,
                0.30394503474235537,
                0.05662085115909577,
                0.0,
                -0.30340775847435,
                0.9526895880699158,
                -0.018064068630337716,
                0.0,
                -0.05943258106708527,
                -1.775170090922984e-7,
                0.9982323050498962,
                0.0,
                0.05022824555635452,
                -2.5400000325248585e-8,
                0.0,
                1.0
            ],
            "name": "RFingerC2"
        },
        {
            "children": [
                38
            ],
            "matrix": [
                0.9248622059822084,
                -0.30340689420700076,
                0.22929050028324128,
                0.0,
                0.2898767590522766,
                0.9526898264884948,
                0.09139753878116608,
                0.0,
                -0.24617336690425874,
                -0.01806413941085339,
                0.9690574407577516,
                0.0,
                0.07109205424785614,
                -0.021221674978733064,
                0.03785742819309235,
                1.0
            ],
            "name": "RFingerB1"
        },
        {
            "matrix": [
                0.951005518436432,
                0.303944855928421,
                0.05662180110812187,
                0.0,
                -0.3034076094627381,
                0.9526896476745606,
                -0.01806388981640339,
                0.0,
                -0.05943343043327332,
                -6.269731329666683e-7,
                0.9982322454452516,
                0.0,
                0.05022798851132393,
                2.5400000325248585e-8,
                2.794000124595186e-7,
                1.0
            ],
            "name": "RFingerB2"
        },
        {
            "children": [
                40
            ],
            "matrix": [
                -0.0000027017331376555377,
                -1.0,
                6.300358990074528e-8,
                0.0,
                0.9989129900932312,
                -0.0000027017331376555377,
                -0.04661403596401215,
                0.0,
                0.04661403596401215,
                -6.300358990074528e-8,
                0.9989129900932312,
                0.0,
                0.14123237133026124,
                -0.07686420530080795,
                -0.0006019037682563067,
                1.0
            ],
            "name": "LShoulder"
        },
        {
            "children": [
                41
            ],
            "matrix": [
                1.0,
                0.0,
                0.0,
                0.0,
                0.0,
                1.0,
                0.0,
                0.0,
                0.0,
                0.0,
                1.0,
                0.0,
                0.13208000361919404,
                0.0,
                7.620000275210259e-8,
                1.0
            ],
            "name": "LArm"
        },
        {
            "children": [
                42
            ],
            "matrix": [
                1.0,
                0.0,
                0.0,
                0.0,
                0.0,
                1.0,
                0.0,
                0.0,
                0.0,
                0.0,
                1.0,
                0.0,
                0.16002000868320466,
                0.0,
                0.0,
                1.0
            ],
            "name": "LForeArm"
        },
        {
            "children": [
                49,
                47,
                45,
                43
            ],
            "matrix": [
                1.0,
                0.0,
                0.0,
                0.0,
                0.0,
                1.0,
                0.0,
                0.0,
                0.0,
                0.0,
                1.0,
                0.0,
                0.1394459903240204,
                7.620000275210259e-8,
                -0.0,
                1.0
            ],
            "name": "LHand"
        },
        {
            "children": [
                44
            ],
            "matrix": [
                0.9058329463005066,
                0.3034074902534485,
                -0.29565268754959109,
                0.0,
                -0.29426342248916628,
                0.9526896476745606,
                0.07610169798135758,
                0.0,
                0.3047550916671753,
                0.018064340576529504,
                0.9522594213485718,
                0.0,
                0.0793750062584877,
                0.021307120099663736,
                -0.05639282613992691,
                1.0
            ],
            "name": "LFingerD1"
        },
        {
            "matrix": [
                0.951005518436432,
                -0.303944855928421,
                0.05662180110812187,
                0.0,
                0.3034076094627381,
                0.9526896476745606,
                0.01806388981640339,
                0.0,
                -0.05943343043327332,
                6.269731329666683e-7,
                0.9982322454452516,
                0.0,
                0.050229512155056,
                7.620000275210259e-8,
                0.0,
                1.0
            ],
            "name": "LFingerD2"
        },
        {
            "children": [
                46
            ],
            "matrix": [
                0.951005518436432,
                0.3034076392650604,
                -0.05943318083882332,
                0.0,
                -0.3039449155330658,
                0.9526895880699158,
                2.709580826376623e-7,
                0.0,
                0.05662145465612412,
                0.01806415617465973,
                0.9982323050498962,
                0.0,
                0.08267293125391007,
                0.021342020481824876,
                -0.003400678746402264,
                1.0
            ],
            "name": "LFingerC1"
        },
        {
            "matrix": [
                0.951005518436432,
                -0.30394503474235537,
                0.05662090331315994,
                0.0,
                0.3034077882766724,
                0.9526895880699158,
                0.018063759431242944,
                0.0,
                -0.05943253263831139,
                4.871578198617499e-7,
                0.9982323050498962,
                0.0,
                0.050229512155056,
                0.0,
                0.0,
                1.0
            ],
            "name": "LFingerC2"
        },
        {
            "children": [
                48
            ],
            "matrix": [
                0.9248622059822084,
                0.30340689420700076,
                0.22929050028324128,
                0.0,
                -0.2898767590522766,
                0.9526898264884948,
                -0.09139753878116608,
                0.0,
                -0.24617336690425874,
                0.01806413941085339,
                0.9690574407577516,
                0.0,
                0.07108952105045319,
                0.021219642832875253,
                0.03785742819309235,
                1.0
            ],
            "name": "LFingerB1"
        },
        {
            "matrix": [
                0.951005518436432,
                -0.30394503474235537,
                0.05662090331315994,
                0.0,
                0.3034077882766724,
                0.9526895880699158,
                0.018063759431242944,
                0.0,
                -0.05943253263831139,
                4.871578198617499e-7,
                0.9982323050498962,
                0.0,
                0.050229512155056,
                -2.5400000325248585e-8,
                0.0,
                1.0
            ],
            "name": "LFingerB2"
        },
        {
            "matrix": [
                0.49645936489105227,
                -0.6767053604125977,
                0.5436892509460449,
                0.0,
                -0.8666601181030273,
                -0.35084065794944765,
                0.3546985685825348,
                0.0,
                -0.0492781400680542,
                -0.6472871899604797,
                -0.7606516480445862,
                0.0,
                0.04670221358537674,
                -0.04019270464777947,
                0.03546246513724327,
                1.0
            ],
            "name": "LFingerA"
        }
    ],
    "meshes": [
        {
            "primitives": [
                {
                    "attributes": {
                        "JOINTS_0": 1,
                        "NORMAL": 2,
                        "POSITION": 3,
                        "TEXCOORD_0": 4,
                        "WEIGHTS_0": 5
                    },
                    "indices": 0,
                    "mode": 4,
                    "material": 0
                },
                {
                    "attributes": {
                        "JOINTS_0": 7,
                        "NORMAL": 8,
                        "POSITION": 9,
                        "TEXCOORD_0": 10,
                        "WEIGHTS_0": 11
                    },
                    "indices": 6,
                    "mode": 4,
                    "material": 1
                },
                {
                    "attributes": {
                        "JOINTS_0": 13,
                        "NORMAL": 14,
                        "POSITION": 15,
                        "TEXCOORD_0": 16,
                        "WEIGHTS_0": 17
                    },
                    "indices": 12,
                    "mode": 4,
                    "material": 2
                },
                {
                    "attributes": {
                        "JOINTS_0": 19,
                        "NORMAL": 20,
                        "POSITION": 21,
                        "TEXCOORD_0": 22,
                        "WEIGHTS_0": 23
                    },
                    "indices": 18,
                    "mode": 4,
                    "material": 3
                }
            ],
            "name": "Charmander"
        }
    ],
    "skins": [
        {
            "inverseBindMatrices": 24,
            "skeleton": 2,
            "joints": [
                2,
                12,
                13,
                14,
                15,
                16,
                17,
                18,
                19,
                3,
                4,
                5,
                6,
                7,
                8,
                9,
                10,
                11,
                23,
                24,
                39,
                40,
                41,
                42,
                49,
                47,
                48,
                45,
                46,
                43,
                44,
                25,
                26,
                27,
                28,
                29,
                30,
                31,
                32,
                37,
                38,
                35,
                36,
                33,
                34
            ],
            "name": "Charmander-mesh-skin"
        }
    ],
    "accessors": [
        {
            "bufferView": 0,
            "byteOffset": 0,
            "componentType": 5123,
            "count": 576,
            "max": [
                119
            ],
            "min": [
                0
            ],
            "type": "SCALAR"
        },
        {
            "bufferView": 1,
            "byteOffset": 0,
            "componentType": 5123,
            "count": 120,
            "max": [
                15,
                16,
                17,
                32
            ],
            "min": [
                15,
                16,
                17,
                32
            ],
            "type": "VEC4"
        },
        {
            "bufferView": 2,
            "byteOffset": 0,
            "componentType": 5126,
            "count": 120,
            "max": [
                0.979561984539032,
                -0.16948600113391877,
                0.6319389939308167
            ],
            "min": [
                -0.979561984539032,
                -0.6191040277481079,
                -0.015064000152051449
            ],
            "type": "VEC3"
        },
        {
            "bufferView": 2,
            "byteOffset": 1440,
            "componentType": 5126,
            "count": 120,
            "max": [
                0.2534140050411225,
                -0.11045417934656145,
                1.3863801956176758
            ],
            "min": [
                -0.2534140050411225,
                -0.3641166090965271,
                1.132753610610962
            ],
            "type": "VEC3"
        },
        {
            "bufferView": 1,
            "byteOffset": 960,
            "componentType": 5126,
            "count": 120,
            "max": [
                0.4924899935722351,
                -0.7550599575042725
            ],
            "min": [
                0.007505999878048897,
                -0.9689099788665772
            ],
            "type": "VEC2"
        },
        {
            "bufferView": 3,
            "byteOffset": 0,
            "componentType": 5126,
            "count": 120,
            "max": [
                0.0,
                0.0,
                0.0,
                1.0
            ],
            "min": [
                0.0,
                0.0,
                0.0,
                1.0
            ],
            "type": "VEC4"
        },
        {
            "bufferView": 0,
            "byteOffset": 1152,
            "componentType": 5123,
            "count": 12690,
            "max": [
                2695
            ],
            "min": [
                0
            ],
            "type": "SCALAR"
        },
        {
            "bufferView": 1,
            "byteOffset": 1920,
            "componentType": 5123,
            "count": 2696,
            "max": [
                44,
                43,
                44,
                42
            ],
            "min": [
                0,
                0,
                0,
                0
            ],
            "type": "VEC4"
        },
        {
            "bufferView": 2,
            "byteOffset": 2880,
            "componentType": 5126,
            "count": 2696,
            "max": [
                0.9996920228004456,
                0.999983012676239,
                0.9996920228004456
            ],
            "min": [
                -0.9996920228004456,
                -0.9999729990959168,
                -1.0
            ],
            "type": "VEC3"
        },
        {
            "bufferView": 2,
            "byteOffset": 35232,
            "componentType": 5126,
            "count": 2696,
            "max": [
                0.6756476163864136,
                1.351460337638855,
                1.5191282033920289
            ],
            "min": [
                -0.6756476163864136,
                -0.4798314273357392,
                -2.5400000325248585e-8
            ],
            "type": "VEC3"
        },
        {
            "bufferView": 1,
            "byteOffset": 23488,
            "componentType": 5126,
            "count": 2696,
            "max": [
                0.9948220252990724,
                0.9946060180664064
            ],
            "min": [
                0.005177999846637249,
                0.007812023162841797
            ],
            "type": "VEC2"
        },
        {
            "bufferView": 3,
            "byteOffset": 1920,
            "componentType": 5126,
            "count": 2696,
            "max": [
                1.0,
                0.9900000095367432,
                0.9800000190734864,
                1.0
            ],
            "min": [
                0.0,
                0.0,
                0.0,
                0.0
            ],
            "type": "VEC4"
        },
        {
            "bufferView": 0,
            "byteOffset": 26532,
            "componentType": 5123,
            "count": 528,
            "max": [
                165
            ],
            "min": [
                0
            ],
            "type": "SCALAR"
        },
        {
            "bufferView": 1,
            "byteOffset": 45056,
            "componentType": 5123,
            "count": 166,
            "max": [
                17,
                17,
                17,
                0
            ],
            "min": [
                15,
                0,
                0,
                0
            ],
            "type": "VEC4"
        },
        {
            "bufferView": 2,
            "byteOffset": 67584,
            "componentType": 5126,
            "count": 166,
            "max": [
                0.9984359741210938,
                0.9984359741210938,
                1.0
            ],
            "min": [
                -0.9997299909591676,
                -0.9984359741210938,
                -1.0
            ],
            "type": "VEC3"
        },
        {
            "bufferView": 2,
            "byteOffset": 69576,
            "componentType": 5126,
            "count": 166,
            "max": [
                0.19598029553890229,
                1.516887903213501,
                0.9102140069007874
            ],
            "min": [
                -0.19598029553890229,
                1.1249278783798218,
                0.16961966454982758
            ],
            "type": "VEC3"
        },
        {
            "bufferView": 1,
            "byteOffset": 46384,
            "componentType": 5126,
            "count": 166,
            "max": [
                0.9858070015907288,
                0.9957630038261414
            ],
            "min": [
                0.01423100009560585,
                -0.8401299715042114
            ],
            "type": "VEC2"
        },
        {
            "bufferView": 3,
            "byteOffset": 45056,
            "componentType": 5126,
            "count": 166,
            "max": [
                1.0,
                0.6800000071525574,
                0.5,
                0.0
            ],
            "min": [
                0.04999999701976776,
                0.0,
                0.0,
                0.0
            ],
            "type": "VEC4"
        },
        {
            "bufferView": 0,
            "byteOffset": 27588,
            "componentType": 5123,
            "count": 576,
            "max": [
                106
            ],
            "min": [
                0
            ],
            "type": "SCALAR"
        },
        {
            "bufferView": 1,
            "byteOffset": 47712,
            "componentType": 5123,
            "count": 107,
            "max": [
                17,
                17,
                17,
                0
            ],
            "min": [
                15,
                0,
                0,
                0
            ],
            "type": "VEC4"
        },
        {
            "bufferView": 2,
            "byteOffset": 71568,
            "componentType": 5126,
            "count": 107,
            "max": [
                0.999135971069336,
                0.999123990535736,
                1.0
            ],
            "min": [
                -0.999135971069336,
                -0.999123990535736,
                -1.0
            ],
            "type": "VEC3"
        },
        {
            "bufferView": 2,
            "byteOffset": 72852,
            "componentType": 5126,
            "count": 107,
            "max": [
                0.21761271357536317,
                1.5403194427490237,
                0.9403918385505676
            ],
            "min": [
                -0.2176124602556229,
                1.1005845069885257,
                0.15398164093494416
            ],
            "type": "VEC3"
        },
        {
            "bufferView": 1,
            "byteOffset": 48568,
            "componentType": 5126,
            "count": 107,
