{
    "asset": {
        "generator": "COLLADA2GLTF",
        "version": "2.0"
    },
    "scenes": [
        {
            "nodes": [
                0
            ]
        }
    ],
    "scene": 0,
    "nodes": [
        {
            "children": [
                34,
                1
            ],
            "matrix": [
                1.0,
                0.0,
                0.0,
                0.0,
                0.0,
                0.0,
                -1.0,
                0.0,
                0.0,
                1.0,
                0.0,
                0.0,
                0.0,
                0.0,
                0.0,
                1.0
            ],
            "name": "Z_UP"
        },
        {
            "children": [
                2
            ],
            "matrix": [
                1.0,
                0.0,
                0.0,
                0.0,
                0.0,
                4.4896641959724089e-11,
                1.0,
                0.0,
                0.0,
                -1.0,
                4.4896641959724089e-11,
                0.0,
                0.0,
                0.0,
                0.0,
                1.0
            ],
            "name": "pm0032_00"
        },
        {
            "children": [
                3
            ],
            "name": "Origin"
        },
        {
            "children": [
                23,
                4
            ],
            "matrix": [
                0.000001368545781588182,
                0.1434372514486313,
                0.9896594285964966,
                0.0,
                1.0,
                0.0000032895895856199788,
                -0.0000018596250583868824,
                0.0,
                -0.000003522312908899039,
                0.9896594285964966,
                -0.1434372514486313,
                0.0,
                0.0,
                0.5301995873451233,
                -0.08645778149366379,
                1.0
            ],
            "name": "Waist"
        },
        {
            "children": [
                5
            ],
            "name": "Spine1"
        },
        {
            "children": [
                16,
                11,
                6
            ],
            "matrix": [
                0.9884499311447144,
                6.79036844530856e-8,
                -0.1515478938817978,
                0.0,
                3.709994587097754e-7,
                1.0,
                0.000002867859620891977,
                0.0,
                0.1515478938817978,
                -0.000002890959876822308,
                0.9884499311447144,
                0.0,
                0.13243737816810609,
                0.0,
                0.0,
                1.0
            ],
            "name": "Spine2"
        },
        {
            "children": [
                7
            ],
            "matrix": [
                -0.0293135829269886,
                -0.8795774579048157,
                -0.4748517572879791,
                0.0,
                0.007206406444311142,
                0.4748575985431671,
                -0.8800331354141235,
                0.0,
                0.9995442628860474,
                -0.029218899086117746,
                -0.0075811841525137428,
                0.0,
                0.1336781680583954,
                -0.1773633658885956,
                -0.12528295814990998,
                1.0
            ],
            "name": "RShoulder"
        },
        {
            "children": [
                8
            ],
            "matrix": [
                0.4757535457611084,
                0.878140389919281,
                -0.05027952417731285,
                0.0,
                -0.8795768022537231,
                0.4748588502407074,
                -0.029217690229415898,
                0.0,
                -0.001781557803042233,
                0.058125123381614688,
                0.9983077049255372,
                0.0,
                0.10169193893671036,
                -2.2860000115088042e-7,
                1.7780000405309696e-7,
                1.0
            ],
            "name": "RArm"
        },
        {
            "children": [
                9
            ],
            "matrix": [
                0.996530294418335,
                0.0,
                0.08323051035404206,
                0.0,
                0.0,
                1.0,
                0.0,
                0.0,
                -0.08323051035404206,
                0.0,
                0.996530294418335,
                0.0,
                0.17541010677814485,
                0.0,
                0.0,
                1.0
            ],
            "name": "RForeArm"
        },
        {
            "children": [
                10
            ],
            "matrix": [
                0.01722769066691399,
                0.0000034726956528174925,
                0.9998515844345092,
                0.0,
                0.008802172727882862,
                0.999961256980896,
                -0.0001551366876810789,
                0.0,
                -0.9998128414154052,
                0.008803538978099823,
                0.017226992174983026,
                0.0,
                0.1684715896844864,
                -2.5400000325248585e-8,
                -5.0800000650497177e-8,
                1.0
            ],
            "name": "RHand"
        },
        {
            "matrix": [
                1.0,
                0.000002997090405187919,
                -0.000002997115871039569,
                0.0,
                -0.000002970594096041168,
                0.999961256980896,
                0.008801895193755627,
                0.0,
                0.000003023379804290016,
                -0.008801895193755627,
                0.999961256980896,
                0.0,
                0.060731902718544009,
                0.0,
                -0.01094783190637827,
                1.0
            ],
            "name": "RFinger"
        },
        {
            "children": [
                12
            ],
            "matrix": [
                -0.02931570075452328,
                0.8795750737190247,
                -0.47485601902008059,
                0.0,
                -0.007205211091786623,
                0.47486189007759097,
                0.8800308108329773,
                0.0,
                0.9995442628860474,
                0.029220158234238626,
                -0.007583385333418846,
                0.0,
                0.13367842137813569,
                0.1773633658885956,
                -0.12528346478939057,
                1.0
            ],
            "name": "LShoulder"
        },
        {
            "children": [
                13
            ],
            "matrix": [
                0.47575506567955019,
                -0.8781395554542542,
                -0.050279781222343448,
                0.0,
                0.8795760273933411,
                0.47486045956611636,
                0.029216289520263673,
                0.0,
                -0.0017800992354750634,
                -0.058124687522649768,
                0.998307764530182,
                0.0,
                0.10169067978858948,
                1.2699999274445873e-7,
                0.0,
                1.0
            ],
            "name": "LArm"
        },
        {
            "children": [
                14
            ],
            "matrix": [
                0.996530294418335,
                -3.8166461990840619e-8,
                0.08323051035404206,
                0.0,
                -3.8166461990840619e-8,
                1.0,
                9.155356224255228e-7,
                0.0,
                -0.08323051035404206,
                -9.155356224255228e-7,
                0.996530294418335,
                0.0,
                0.17540985345840458,
                0.0,
                0.0,
                1.0
            ],
            "name": "LForeArm"
        },
        {
            "children": [
                15
            ],
            "matrix": [
                0.017222078517079358,
                0.0000019826295556413244,
                0.9998517036437988,
                0.0,
                -1.7073766400699246e-8,
                1.0,
                -0.0000019826295556413244,
                0.0,
                -0.9998517036437988,
                1.7073766400699246e-8,
                0.017222078517079358,
                0.0,
                0.1684715896844864,
                0.0,
                0.0,
                1.0
            ],
            "name": "LHand"
        },
        {
            "matrix": [
                1.0,
                0.0,
                0.0,
                0.0,
                0.0,
                1.0,
                0.0,
                0.0,
                0.0,
                0.0,
                1.0,
                0.0,
                0.060731902718544009,
                -0.0,
                -0.010947958566248416,
                1.0
            ],
            "name": "LFinger"
        },
        {
            "children": [
                21,
                20,
                18,
                17
            ],
            "matrix": [
                0.9576714038848876,
                -6.688210305583198e-7,
                -0.2878636419773102,
                0.0,
                -9.309371762356025e-8,
                1.0,
                -0.000002633101530591375,
                0.0,
                0.2878636419773102,
                0.0000025484443995082985,
                0.9576714038848876,
                0.0,
                0.2783052623271942,
                0.0,
                -2.5400000325248585e-8,
                1.0
            ],
            "name": "Head"
        },
        {
            "matrix": [
                0.9552804827690125,
                0.000003124264367215801,
                0.29570114612579348,
                0.0,
                0.011524352245032788,
                0.9992398619651794,
                -0.03724067658185959,
                0.0,
                -0.295476496219635,
                0.0389830581843853,
                0.954554319381714,
                0.0,
                0.5199354290962219,
                0.0,
                -2.5400000325248585e-8,
                1.0
            ],
            "name": "Nose"
        },
        {
            "children": [
                19
            ],
            "matrix": [
                -0.6083837747573853,
                0.7313188910484314,
                0.3082886040210724,
                0.0,
                -0.6085769534111023,
                -0.679214596748352,
                0.410245805978775,
                0.0,
                0.5094146132469177,
                0.06196955218911171,
                0.85828697681427,
                0.0,
                0.058448195457458499,
                0.21525558829307557,
                0.1650867909193039,
                1.0
            ],
            "name": "LEar1"
        },
        {
            "matrix": [
                0.9973182678222656,
                -0.07318685203790665,
                0.0,
                0.0,
                0.07318685203790665,
                0.9973182678222656,
                0.0,
                0.0,
                0.0,
                0.0,
                1.0,
                0.0,
                0.3362959921360016,
                0.0,
                0.0,
                1.0
            ],
            "name": "LEar2"
        },
        {
            "matrix": [
                0.8548104763031006,
                0.0,
                -0.5189403891563416,
                0.0,
                0.0,
                1.0,
                0.0,
                0.0,
                0.5189403891563416,
                0.0,
                0.8548104763031006,
                0.0,
                0.3316909670829773,
                0.0,
                -0.09223628044128418,
                1.0
            ],
            "name": "Jaw"
        },
        {
            "children": [
                22
            ],
            "matrix": [
                -0.6083839535713196,
                -0.7313187122344971,
                0.3082886636257172,
                0.0,
                0.608576774597168,
                -0.6792147755622864,
                -0.41024577617645266,
                0.0,
                0.5094146132469177,
                -0.06196962296962738,
                0.85828697681427,
                0.0,
                0.058448195457458499,
                -0.21525558829307557,
                0.1650875508785248,
                1.0
            ],
            "name": "REar1"
        },
        {
            "matrix": [
                0.9973183274269104,
                0.07318545877933502,
                0.0,
                0.0,
                -0.07318545877933502,
                0.9973183274269104,
                0.0,
                0.0,
                0.0,
                0.0,
                1.0,
                0.0,
                0.3362959921360016,
                5.079999709778349e-7,
                5.079999709778349e-7,
                1.0
            ],
            "name": "REar2"
        },
        {
            "children": [
                29,
                24
            ],
            "matrix": [
                -0.99115389585495,
                -8.959438746458659e-11,
                -0.13271751999855042,
                0.0,
                8.959438746458659e-11,
                -1.0,
                5.9717855660501584e-12,
                0.0,
                -0.13271751999855042,
                -5.9717855660501584e-12,
                0.99115389585495,
                0.0,
                0.0,
                0.0,
                0.0,
                1.0
            ],
            "name": "Hips"
        },
        {
            "children": [
                25
            ],
            "matrix": [
                0.22049090266227726,
                0.8948600888252258,
                -0.38808396458625796,
                0.0,
                0.2461559921503067,
                -0.4360480308532715,
                -0.8656034469604492,
                0.0,
                -0.9438172578811646,
                0.09532848745584488,
                -0.316419780254364,
                0.0,
                0.21311615407466889,
                0.1895340383052826,
                -0.05083301663398743,
                1.0
            ],
            "name": "RHips"
        },
        {
            "children": [
                26
            ],
            "matrix": [
                0.4049891531467438,
                0.8829952478408814,
                0.23728284239768986,
                0.0,
                -0.8948582410812378,
                0.4360497891902924,
                -0.09533773362636566,
                0.0,
                -0.1876498907804489,
                -0.17372377216815949,
                0.9667510390281676,
                0.0,
                0.1064613088965416,
                -0.0000014478000593953766,
                -0.000001549399939904106,
                1.0
            ],
            "name": "RThigh"
        },
        {
            "children": [
                27
            ],
            "matrix": [
                0.8226385116577148,
                0.0,
                -0.5685647130012512,
                0.0,
                0.0,
                1.0,
                0.0,
                0.0,
                0.5685647130012512,
                0.0,
                0.8226385116577148,
                0.0,
                0.16537609696388246,
                -5.0800000650497177e-8,
                5.079999709778349e-7,
                1.0
            ],
            "name": "RLeg"
        },
        {
            "children": [
                28
            ],
            "matrix": [
                -0.3990603983402252,
                -6.66735729737411e-7,
                0.9169246554374696,
                0.0,
                0.011789017356932164,
                0.9999173283576964,
                0.005131497513502836,
                0.0,
                -0.9168488383293152,
                0.012857417576014996,
                -0.3990274071693421,
                0.0,
                0.16406112909317017,
                2.5400000325248585e-8,
                2.2860000115088042e-7,
                1.0
            ],
            "name": "RFoot"
        },
        {
            "matrix": [
                1.0,
                0.0,
                0.0,
                0.0,
                0.0,
                1.0,
                0.0,
                0.0,
                0.0,
                0.0,
                1.0,
                0.0,
                0.10423600673675536,
                -0.0,
                -0.04014114290475845,
                1.0
            ],
            "name": "RToe"
        },
        {
            "children": [
                30
            ],
            "matrix": [
                0.2204909771680832,
                -0.8948601484298706,
                -0.388083815574646,
                0.0,
                -0.2461558282375336,
                -0.4360478818416596,
                0.8656035661697388,
                0.0,
                -0.9438172578811646,
                -0.0953286811709404,
                -0.31641966104507449,
                0.0,
                0.21311691403388978,
                -0.1895340383052826,
                -0.050831496715545657,
                1.0
            ],
            "name": "LHips"
        },
        {
            "children": [
                31
            ],
            "matrix": [
                0.4049891531467438,
                -0.8829952478408814,
                0.23728284239768986,
                0.0,
                0.8948582410812378,
                0.4360497891902924,
                0.09533773362636566,
                0.0,
                -0.1876498907804489,
                0.17372377216815949,
                0.9667510390281676,
                0.0,
                0.1064618155360222,
                2.5400000325248585e-8,
                0.0,
                1.0
            ],
            "name": "LThigh"
        },
        {
            "children": [
                32
            ],
            "matrix": [
                0.8226385116577148,
                0.0,
                -0.5685647130012512,
                0.0,
                0.0,
                1.0,
                0.0,
                0.0,
                0.5685647130012512,
                0.0,
                0.8226385116577148,
                0.0,
                0.16537584364414216,
                2.5400000325248585e-8,
                0.0,
                1.0
            ],
            "name": "LLeg"
        },
        {
            "children": [
                33
            ],
            "matrix": [
                -0.39906805753707888,
                0.000008686880391906016,
                0.916921317577362,
                0.0,
                0.002425689715892077,
                0.9999964833259584,
                0.0010462494101375342,
                0.0,
                -0.9169180989265442,
                0.002641691360622645,
                -0.399066686630249,
                0.0,
                0.16406087577342988,
                -5.0800000650497177e-8,
                2.5400000325248585e-8,
                1.0
            ],
            "name": "LFoot"
        },
        {
            "matrix": [
                1.0,
                0.0,
                0.0,
                0.0,
                0.0,
                1.0,
                0.0,
                0.0,
                0.0,
                0.0,
                1.0,
                0.0,
                0.10423626005649568,
                0.0,
                -0.04014114290475845,
                1.0
            ],
            "name": "LToe"
        },
        {
            "mesh": 0,
            "skin": 0,
            "name": "NidoranM"
        }
    ],
    "meshes": [
        {
            "primitives": [
                {
                    "attributes": {
                        "JOINTS_0": 1,
                        "NORMAL": 2,
                        "POSITION": 3,
                        "TEXCOORD_0": 4,
                        "WEIGHTS_0": 5
                    },
                    "indices": 0,
                    "mode": 4,
                    "material": 0
                },
                {
                    "attributes": {
                        "JOINTS_0": 7,
                        "NORMAL": 8,
                        "POSITION": 9,
                        "TEXCOORD_0": 10,
                        "WEIGHTS_0": 11
                    },
                    "indices": 6,
                    "mode": 4,
                    "material": 1
                },
                {
                    "attributes": {
                        "JOINTS_0": 13,
                        "NORMAL": 14,
                        "POSITION": 15,
                        "TEXCOORD_0": 16,
                        "WEIGHTS_0": 17
                    },
                    "indices": 12,
                    "mode": 4,
                    "material": 2
                }
            ],
            "name": "NidoranM"
        }
    ],
    "skins": [
        {
            "inverseBindMatrices": 18,
            "joints": [
                23,
                29,
                30,
                31,
                32,
                33,
                24,
                25,
                26,
                27,
                28,
                4,
                5,
                16,
                20,
                18,
                19,
                17,
                21,
                22,
                11,
                12,
                13,
                14,
                15,
                6,
                7,
                8,
                9,
                10
            ],
            "name": "NidoranM-mesh-skin"
        }
    ],
    "accessors": [
        {
            "bufferView": 0,
            "byteOffset": 0,
            "componentType": 5123,
            "count": 228,
            "max": [
                55
            ],
            "min": [
                0
            ],
            "type": "SCALAR"
        },
        {
            "bufferView": 1,
            "byteOffset": 0,
            "componentType": 5123,
            "count": 56,
            "max": [
                13,
                12,
                0,
                0
            ],
            "min": [
                13,
                0,
                0,
                0
            ],
            "type": "VEC4"
        },
        {
            "bufferView": 2,
            "byteOffset": 0,
            "componentType": 5126,
            "count": 56,
            "max": [
                0.9600750207901,
                -0.2098959982395172,
                0.4280349910259247
            ],
            "min": [
                -0.9600750207901,
                -0.6244230270385742,
                -0.19786399602890016
            ],
            "type": "VEC3"
        },
        {
            "bufferView": 2,
            "byteOffset": 672,
            "componentType": 5126,
            "count": 56,
            "max": [
                0.28131768107414248,
                -0.5041468143463135,
                0.7098131775856018
            ],
            "min": [
                -0.28131768107414248,
                -0.7747024893760681,
                0.3844747245311737
            ],
            "type": "VEC3"
        },
        {
            "bufferView": 1,
            "byteOffset": 448,
            "componentType": 5126,
            "count": 56,
            "max": [
                0.49045997858047488,
                -0.7732399702072144
            ],
            "min": [
                0.009538999758660794,
                -0.982569932937622
            ],
            "type": "VEC2"
        },
        {
            "bufferView": 3,
            "byteOffset": 0,
            "componentType": 5126,
            "count": 56,
            "max": [
                1.0,
                0.03999999910593033,
                0.0,
                0.0
            ],
            "min": [
                0.959999978542328,
                0.0,
                0.0,
                0.0
            ],
            "type": "VEC4"
        },
        {
            "bufferView": 0,
            "byteOffset": 456,
            "componentType": 5123,
            "count": 13392,
            "max": [
                2873
            ],
            "min": [
                0
            ],
            "type": "SCALAR"
        },
        {
            "bufferView": 1,
            "byteOffset": 896,
            "componentType": 5123,
            "count": 2874,
            "max": [
                28,
                29,
                29,
                29
            ],
            "min": [
                0,
                0,
                0,
                0
            ],
            "type": "VEC4"
        },
        {
            "bufferView": 2,
            "byteOffset": 1344,
            "componentType": 5126,
            "count": 2874,
            "max": [
                0.999879002571106,
                0.9999719858169556,
                0.9999939799308776
            ],
            "min": [
                -0.999879002571106,
                -0.9999920129776,
                -1.0
            ],
            "type": "VEC3"
        },
        {
            "bufferView": 2,
            "byteOffset": 35832,
            "componentType": 5126,
            "count": 2874,
            "max": [
                0.9597338438034058,
                0.6905726194381714,
                1.157863974571228
            ],
            "min": [
                -0.9597338438034058,
                -1.0524896383285525,
                -0.000555878970772028
            ],
            "type": "VEC3"
        },
        {
            "bufferView": 1,
            "byteOffset": 23888,
            "componentType": 5126,
            "count": 2874,
            "max": [
                0.9960939884185792,
                0.9960939884185792
            ],
            "min": [
                0.003905999939888716,
                0.008192002773284912
            ],
            "type": "VEC2"
        },
        {
            "bufferView": 3,
            "byteOffset": 896,
            "componentType": 5126,
            "count": 2874,
            "max": [
                1.0,
                1.0,
                0.800000011920929,
                0.5600000023841858
            ],
            "min": [
                0.0,
                0.0,
                0.0,
                0.0
            ],
            "type": "VEC4"
        },
        {
            "bufferView": 0,
            "byteOffset": 27240,
            "componentType": 5123,
            "count": 228,
            "max": [
                55
            ],
            "min": [
                0
            ],
            "type": "SCALAR"
        },
        {
            "bufferView": 1,
            "byteOffset": 46880,
            "componentType": 5123,
            "count": 56,
            "max": [
                13,
                12,
                0,
                0
            ],
            "min": [
                13,
                0,
                0,
                0
            ],
            "type": "VEC4"
        },
        {
            "bufferView": 2,
            "byteOffset": 70320,
            "componentType": 5126,
            "count": 56,
            "max": [
                0.9498029947280884,
                -0.27142199873924258,
                0.20146200060844425
            ],
            "min": [
                -0.9498040080070496,
                -0.582211971282959,
                -0.22736400365829469
            ],
            "type": "VEC3"
        },
        {
            "bufferView": 2,
            "byteOffset": 70992,
            "componentType": 5126,
            "count": 56,
            "max": [
                0.2820136547088623,
                -0.5044541358947754,
                0.709968090057373
            ],
            "min": [
                -0.2820136547088623,
                -0.7751241326332092,
                0.3844213783740998
            ],
            "type": "VEC3"
        },
        {
            "bufferView": 1,
            "byteOffset": 47328,
            "componentType": 5126,
            "count": 56,
            "max": [
                0.957535982131958,
                -1.0929598808288577
            ],
            "min": [
                0.03815599903464317,
                -1.9302799701690672
            ],
            "type": "VEC2"
        },
        {
            "bufferView": 3,
            "byteOffset": 46880,
            "componentType": 5126,
            "count": 56,
            "max": [
                1.0,
                0.03999999910593033,
                0.0,
                0.0
            ],
            "min": [
                0.959999978542328,
                0.0,
                0.0,
                0.0
            ],
            "type": "VEC4"
        },
        {
            "bufferView": 4,
            "byteOffset": 0,
            "componentType": 5126,
            "count": 30,
            "max": [
                0.8948619961738586,
                1.0,
                0.0953349992632866,
                0.0,
                0.9618669748306274,
                0.4946840107440949,
                0.2735179960727692,
                0.0,
                0.47439998388290408,
                0.8999260067939758,
                1.0,
                0.0,
                16.75269889831543,
                18.241100311279298,
                12.645400047302246,
                1.0
            ],
            "min": [
                -0.8948609828948975,
                -1.0,
                -0.09532999992370606,
                0.0,
                -1.0,
                -0.4946819841861725,
                -0.9998520016670228,
                0.0,
                -0.9998520016670228,
                -0.8999239802360535,
                -0.39906999468803408,
                0.0,
                -32.26729965209961,
                -18.241199493408204,
                -31.099599838256837,
                1.0
            ],
            "type": "MAT4"
        }
    ],
    "materials": [
        {
            "pbrMetallicRoughness": {
                "baseColorFactor": [
                    1.0,
                    1.0,
                    1.0,
                    1.0
                ],
                "baseColorTexture": {
                    "index": 0
                },
                "metallicFactor": 0.0
            },
            "name": "Material__139"
        },
        {
            "pbrMetallicRoughness": {
                "baseColorFactor": [
                    1.0,
                    1.0,
                    1.0,
                    1.0
                ],
                "baseColorTexture": {
                    "index": 1
                },
                "metallicFactor": 0.0
            },
            "name": "Material__140"
        },
        {
            "pbrMetallicRoughness": {
                "baseColorTexture": {
                    "index": 2
                },
                "metallicFactor": 0.0
            },
            "name": "Material__141"
        }
    ],
    "textures": [
        {
            "sampler": 0,
            "source": 0
        },
        {
            "sampler": 0,
            "source": 1
        },
        {
            "sampler": 0,
            "source": 2
        }
    ],
    "images": [
        {
            "uri": "pm0032_00_Eye1.png"
        },
        {
            "uri": "pm0032_00_Body1.png"
        },
        {
            "uri": "pm0032_00_Iris1.png"
        }
    ],
    "samplers": [
        {
            "magFilter": 9729,
            "minFilter": 9986,
            "wrapS": 10497,
            "wrapT": 10497
        }
    ],
    "bufferViews": [
        {
            "buffer": 0,
            "byteOffset": 169136,
            "byteLength": 27696,
            "target": 34963
        },
        {
            "buffer": 0,
            "byteOffset": 121360,
            "byteLength": 47776,
            "byteStride": 8,
            "target": 34962
        },
        {
            "buffer": 0,
            "byteOffset": 49696,
            "byteLength": 71664,
            "byteStride": 12,
            "target": 34962
        },
        {
            "buffer": 0,
            "byteOffset": 1920,
            "byteLength": 47776,
            "byteStride": 16,
            "target": 34962
        },
        {
            "buffer": 0,
            "byteOffset": 0,
            "byteLength": 1920
        }
    ],
    "buffers": [
        {
            "byteLength": 196832,
            "uri": "NidoranM_ColladaMax0.bin"
        }
    ]
}
