{
    "asset": {
        "generator": "COLLADA2GLTF",
        "version": "2.0"
    },
    "scenes": [
        {
            "nodes": [
                0
            ]
        }
    ],
    "scene": 0,
    "nodes": [
        {
            "children": [
                16,
                1
            ],
            "matrix": [
                1.0,
                0.0,
                0.0,
                0.0,
                0.0,
                0.0,
                -1.0,
                0.0,
                0.0,
                1.0,
                0.0,
                0.0,
                0.0,
                0.0,
                0.0,
                1.0
            ],
            "name": "Z_UP"
        },
        {
            "mesh": 0,
            "skin": 0,
            "name": "Vileplume"
        },
        {
            "children": [
                3
            ],
            "name": "_20_Spine"
        },
        {
            "children": [
                4
            ],
            "matrix": [
                1.0,
                0.0,
                0.0,
                0.0,
                0.0,
                1.0,
                0.0,
                0.0,
                0.0,
                0.0,
                1.0,
                0.0,
                0.5481774210929871,
                -1.4784756535365928e-12,
                -5.775299756792052e-15,
                1.0
            ],
            "name": "_21_Head"
        },
        {
            "children": [
                14,
                12,
                10,
                8,
                6,
                5
            ],
            "matrix": [
                1.0,
                0.0,
                0.0,
                0.0,
                0.0,
                1.0,
                0.0,
                0.0,
                0.0,
                0.0,
                1.0,
                0.0,
                0.49417221546173098,
                1.1088547614834798e-12,
                -2.3101173616179795e-14,
                1.0
            ],
            "name": "_22_FeelerF1"
        },
        {
            "matrix": [
                1.0,
                0.0,
                0.0,
                0.0,
                0.0,
                1.0,
                0.0,
                0.0,
                0.0,
                0.0,
                1.0,
                0.0,
                0.3642393052577973,
                1.1088547614834798e-12,
                2.8996639755973779e-8,
                1.0
            ],
            "name": "_38_FeelerF2"
        },
        {
            "children": [
                7
            ],
            "matrix": [
                -0.000003857873707602266,
                0.9961946606636049,
                0.0871560275554657,
                0.0,
                0.000004319744675740367,
                -0.0871560275554657,
                0.9961946606636049,
                0.0,
                1.0,
                0.0000042196852518827658,
                -0.000003967069460486528,
                0.0,
                0.01548374630510807,
                0.6039129495620728,
                0.04522647336125374,
                1.0
            ],
            "name": "_35_FeelerE1"
        },
        {
            "matrix": [
                1.0,
                0.0,
                0.0,
                0.0,
                0.0,
                1.0,
                0.0,
                0.0,
                0.0,
                0.0,
                1.0,
                0.0,
                0.7522334456443787,
                -9.083751528748964e-9,
                3.875735217206966e-7,
                1.0
            ],
            "name": "_36_FeelerE2"
        },
        {
            "children": [
                9
            ],
            "matrix": [
                -0.0000013386602404352744,
                0.3420207798480988,
                -0.9396923780441284,
                0.0,
                5.431920158116554e-7,
                0.9396923780441284,
                0.3420207798480988,
                0.0,
                1.0,
                -5.258381463590923e-8,
                -0.0000014437117670240696,
                0.0,
                0.01548374630510807,
                0.212417870759964,
                -0.5731129050254822,
                1.0
            ],
            "name": "_32_FeelerD1"
        },
        {
            "matrix": [
                1.0,
                0.0,
                0.0,
                0.0,
                0.0,
                1.0,
                0.0,
                0.0,
                0.0,
                0.0,
                1.0,
                0.0,
                0.8426147103309631,
                -2.422331846219095e-8,
                0.0,
                1.0
            ],
            "name": "_33_FeelerD2"
        },
        {
            "children": [
                11
            ],
            "matrix": [
                -0.000002901162588386797,
                -0.7071067690849304,
                -0.7071067690849304,
                0.0,
                -0.0000012017009112241797,
                0.7071067690849304,
                -0.7071067690849304,
                0.0,
                1.0,
                -0.0000012017009112241797,
                -0.000002901162588386797,
                0.0,
                0.01548374630510807,
                -0.4237253367900849,
                -0.4374591112136841,
                1.0
            ],
            "name": "_29_FeelerC1"
        },
        {
            "matrix": [
                1.0,
                0.0,
                0.0,
                0.0,
                0.0,
                1.0,
                0.0,
                0.0,
                0.0,
                0.0,
                1.0,
                0.0,
                0.9153398275375366,
                -9.689338043017418e-8,
                -5.813602683701902e-7,
                1.0
            ],
            "name": "_30_FeelerC2"
        },
        {
            "children": [
                13
            ],
            "matrix": [
                -0.000003518163794069551,
                -0.9659261107444764,
                0.2588179409503937,
                0.0,
                -0.000004584954695019405,
                -0.2588179409503937,
                -0.9659261107444764,
                0.0,
                1.0,
                -0.000004584954695019405,
                -0.000003518163794069551,
                0.0,
                0.01548374630510807,
                -0.5818073153495789,
                0.15066593885421754,
                1.0
            ],
            "name": "_26_FeelerB1"
        },
        {
            "matrix": [
                1.0,
                0.0,
                0.0,
                0.0,
                0.0,
                1.0,
                0.0,
                0.0,
                0.0,
                0.0,
                1.0,
                0.0,
                0.8551443219184876,
                -2.422331846219095e-8,
                0.0,
                1.0
            ],
            "name": "_27_FeelerB2"
        },
        {
            "children": [
                15
            ],
            "matrix": [
                -3.8078834307953e-8,
                -0.000003427559477131581,
                1.0,
                0.0,
                -0.022216469049453737,
                -0.9997531771659852,
                -0.000003427559477131581,
                0.0,
                0.9997531771659852,
                -0.022216469049453737,
                -3.8078834307953e-8,
                0.0,
                0.01548374630510807,
                0.0018567342776805165,
                0.5902985334396362,
                1.0
            ],
            "name": "_23_FeelerA1"
        },
        {
            "matrix": [
                1.0,
                0.0,
                0.0,
                0.0,
                0.0,
                1.0,
                0.0,
                0.0,
                0.0,
                0.0,
                1.0,
                0.0,
                0.8422538042068481,
                0.0,
                0.0,
                1.0
            ],
            "name": "_24_FeelerA2"
        },
        {
            "children": [
                17
            ],
            "matrix": [
                1.0,
                -0.0,
                0.0,
                0.0,
                0.0,
                4.4896641959724089e-11,
                1.0,
                0.0,
                -0.0,
                -1.0,
                4.4896641959724089e-11,
                0.0,
                0.0,
                0.0,
                0.0,
                1.0
            ],
            "name": "_01_pm0045_00_ruffresia"
        },
        {
            "children": [
                18
            ],
            "name": "_02_Origin"
        },
        {
            "children": [
                19,
                2
            ],
            "matrix": [
                -0.000003595222551666666,
                1.0,
                0.0,
                0.0,
                -1.0,
                -0.000003595222551666666,
                0.0,
                0.0,
                0.0,
                0.0,
                1.0,
                0.0,
                0.0,
                1.3844853639602662,
                0.0,
                1.0
            ],
            "name": "_03_Waist"
        },
        {
            "children": [
                27,
                25,
                22,
                20
            ],
            "matrix": [
                -1.0,
                -0.000003462199174464331,
                -3.5527200315476049e-15,
                0.0,
                0.000003462199174464331,
                -1.0,
                6.1501120881387687e-21,
                0.0,
                -3.5527200315476049e-15,
                -6.1501120881387687e-21,
                1.0,
                0.0,
                0.0,
                0.0,
                0.0,
                1.0
            ],
            "name": "_04_Hips"
        },
        {
            "children": [
                21
            ],
            "matrix": [
                -0.000003741418595382129,
                -0.9818562269210817,
                0.18962684273719788,
                0.0,
                1.0,
                -0.0000038141297409310939,
                -1.8501848941809844e-8,
                0.0,
                7.414275842165807e-7,
                0.18962684273719788,
                0.9818562269210817,
                0.0,
                0.3045307397842407,
                -0.9537392258644104,
                0.21717755496501926,
                1.0
            ],
            "name": "_17_RShoulder"
        },
        {
            "matrix": [
                1.0,
                0.0,
                0.0,
                0.0,
                0.0,
                1.0,
                0.0,
                0.0,
                0.0,
                0.0,
                1.0,
                0.0,
                0.35393401980400088,
                1.9378650506496346e-7,
                -9.810445362745668e-7,
                1.0
            ],
            "name": "_18_RArm"
        },
        {
            "children": [
                23
            ],
            "matrix": [
                0.9947668313980104,
                1.1392573640023329e-7,
                -0.1021713986992836,
                0.0,
                0.0455085039138794,
                0.8953245282173157,
                0.44308343529701235,
                0.0,
                0.09147661179304125,
                -0.4454143643379212,
                0.8906391263008118,
                0.0,
                0.008019858971238137,
                -0.3610000312328339,
                0.011886516585946085,
                1.0
            ],
            "name": "_13_RLeg"
        },
        {
            "children": [
                24
            ],
            "matrix": [
                -0.09138350188732149,
                -0.004180634394288063,
                0.9958069920539856,
                0.0,
                -0.04569229483604431,
                0.9989555478096008,
                7.493886755582935e-7,
                0.0,
                -0.9947669506072998,
                -0.04550063610076904,
                -0.0914790779352188,
                0.0,
                1.2599924802780152,
                1.211165852055274e-7,
                3.027908235253563e-8,
                1.0
            ],
            "name": "_14_RFoot"
        },
        {
            "matrix": [
                1.0,
                0.0,
                0.0,
                0.0,
                0.0,
                1.0,
                0.0,
                0.0,
                0.0,
                0.0,
                1.0,
                0.0,
                0.5076977610588074,
                -7.509230499636033e-7,
                6.055842050045612e-8,
                1.0
            ],
            "name": "_15_RToe"
        },
        {
            "children": [
                26
            ],
            "matrix": [
                -0.000003348454811202828,
                0.9818562269210817,
                0.18962684273719788,
                0.0,
                -1.0,
                -0.0000034097604384442099,
                -2.9555144998028028e-9,
                0.0,
                6.43680152734305e-7,
                -0.18962684273719788,
                0.9818562269210817,
                0.0,
                0.30453330278396609,
                0.9537392258644104,
                0.21717755496501926,
                1.0
            ],
            "name": "_10_LShoulder"
        },
        {
            "matrix": [
                1.0,
                0.0,
                0.0,
                0.0,
                0.0,
                1.0,
                0.0,
                0.0,
                0.0,
                0.0,
                1.0,
                0.0,
                0.35393401980400088,
                -1.9378650506496346e-7,
                6.055842050045612e-8,
                1.0
            ],
            "name": "_11_LArm"
        },
        {
            "children": [
                28
            ],
            "matrix": [
                0.9947668313980104,
                -4.771461590280524e-7,
                -0.1021714061498642,
                0.0,
                -0.04550818353891373,
                0.8953245878219605,
                -0.44308343529701235,
                0.0,
                0.09147677570581436,
                0.4454143345355988,
                0.8906391263008118,
                0.0,
                0.008019763045012951,
                0.3610000312328339,
                0.011886516585946085,
                1.0
            ],
            "name": "_06_LLeg"
        },
        {
            "children": [
                29
            ],
            "matrix": [
                -0.09138308465480805,
                0.004180354066193104,
                0.9958070516586304,
                0.0,
                0.04569346830248833,
                0.998955488204956,
                -3.79483338974751e-7,
                0.0,
                -0.9947669506072998,
                0.045501843094825748,
                -0.0914786458015442,
                0.0,
                1.259992599487305,
                4.844669021508708e-8,
                -2.422331846219095e-8,
                1.0
            ],
            "name": "_07_LFoot"
        },
        {
            "matrix": [
                1.0,
                0.0,
                0.0,
                0.0,
                0.0,
                1.0,
                0.0,
                0.0,
                0.0,
                0.0,
                1.0,
                0.0,
                0.5076977610588074,
                2.422331846219095e-8,
                1.332283403598922e-7,
                1.0
            ],
            "name": "_08_LToe"
        }
    ],
    "meshes": [
        {
            "primitives": [
                {
                    "attributes": {
                        "COLOR_0": 1,
                        "JOINTS_0": 2,
                        "NORMAL": 3,
                        "POSITION": 4,
                        "TEXCOORD_0": 5,
                        "WEIGHTS_0": 6
                    },
                    "indices": 0,
                    "mode": 4,
                    "material": 0
                },
                {
                    "attributes": {
                        "COLOR_0": 8,
                        "JOINTS_0": 9,
                        "NORMAL": 10,
                        "POSITION": 11,
                        "TEXCOORD_0": 12,
                        "WEIGHTS_0": 13
                    },
                    "indices": 7,
                    "mode": 4,
                    "material": 1
                },
                {
                    "attributes": {
                        "COLOR_0": 15,
                        "JOINTS_0": 16,
                        "NORMAL": 17,
                        "POSITION": 18,
                        "TEXCOORD_0": 19,
                        "WEIGHTS_0": 20
                    },
                    "indices": 14,
                    "mode": 4,
                    "material": 2
                }
            ],
            "name": "Vileplume"
        }
    ],
    "skins": [
        {
            "inverseBindMatrices": 21,
            "skeleton": 2,
            "joints": [
                19,
                2,
                3,
                6,
                7,
                5,
                10,
                11,
                12,
                13,
                4,
                14,
                15,
                8,
                9,
                20,
                21,
                25,
                26,
                22,
                23,
                24,
                28,
                29,
                27
            ],
            "name": "geom-Vileplume-skin1"
        }
    ],
    "accessors": [
        {
            "bufferView": 0,
            "byteOffset": 0,
            "componentType": 5123,
            "count": 48,
            "max": [
                14
            ],
            "min": [
                0
            ],
            "type": "SCALAR"
        },
        {
            "bufferView": 1,
            "byteOffset": 0,
            "componentType": 5126,
            "count": 15,
            "max": [
                1.0,
                1.0,
                1.0
            ],
            "min": [
                1.0,
                1.0,
                1.0
            ],
            "type": "VEC3"
        },
        {
            "bufferView": 2,
            "byteOffset": 0,
            "componentType": 5123,
            "count": 15,
            "max": [
                0,
                1,
                2,
                0
            ],
            "min": [
                0,
                1,
                0,
                0
            ],
            "type": "VEC4"
        },
        {
            "bufferView": 1,
            "byteOffset": 180,
            "componentType": 5126,
            "count": 15,
            "max": [
                0.3831581175327301,
                0.13829690217971805,
                0.9975664019584656
            ],
            "min": [
                -0.38315799832344057,
                -0.11768729984760285,
                0.91615492105484
            ],
            "type": "VEC3"
        },
        {
            "bufferView": 1,
            "byteOffset": 360,
            "componentType": 5126,
            "count": 15,
            "max": [
                0.4249572455883026,
                1.3526642322540284,
                1.0223398208618165
            ],
            "min": [
                -0.4249572455883026,
                0.9807015657424928,
                0.9153549671173096
            ],
            "type": "VEC3"
        },
        {
            "bufferView": 2,
            "byteOffset": 120,
            "componentType": 5126,
            "count": 15,
            "max": [
                0.4909456968307495,
                -1.7616798877716065
            ],
            "min": [
                0.011587949469685557,
                -1.9860398769378665
            ],
            "type": "VEC2"
        },
        {
            "bufferView": 3,
            "byteOffset": 0,
            "componentType": 5126,
            "count": 15,
            "max": [
                0.6499999761581421,
                0.550000011920929,
                0.020000001415610318,
                0.0
            ],
            "min": [
                0.429999977350235,
                0.3499999940395355,
                0.0,
                0.0
            ],
            "type": "VEC4"
        },
        {
            "bufferView": 0,
            "byteOffset": 96,
            "componentType": 5123,
            "count": 24,
            "max": [
                11
            ],
            "min": [
                0
            ],
            "type": "SCALAR"
        },
        {
            "bufferView": 1,
            "byteOffset": 540,
            "componentType": 5126,
            "count": 12,
            "max": [
                1.0,
                1.0,
                1.0
            ],
            "min": [
                1.0,
                1.0,
                1.0
            ],
            "type": "VEC3"
        },
        {
            "bufferView": 2,
            "byteOffset": 240,
            "componentType": 5123,
            "count": 12,
            "max": [
                0,
                1,
                2,
                0
            ],
            "min": [
                0,
                1,
                2,
                0
            ],
            "type": "VEC4"
        },
        {
            "bufferView": 1,
            "byteOffset": 684,
            "componentType": 5126,
            "count": 12,
            "max": [
                0.5333285331726074,
                0.18926499783992768,
                0.9727315306663512
            ],
            "min": [
                -0.5333285331726074,
                0.1307549923658371,
                0.8305240869522095
            ],
            "type": "VEC3"
        },
        {
            "bufferView": 1,
            "byteOffset": 828,
            "componentType": 5126,
            "count": 12,
            "max": [
                0.5936233997344971,
                1.5805888175964356,
                0.9703967571258544
            ],
            "min": [
                -0.5936233997344971,
                1.3526642322540284,
                0.7950174808502197
            ],
            "type": "VEC3"
        },
        {
            "bufferView": 2,
            "byteOffset": 336,
            "componentType": 5126,
            "count": 12,
            "max": [
                0.4868738055229187,
                -0.8073899745941162
            ],
            "min": [
                -0.011760099790990353,
                -0.9423799514770508
            ],
            "type": "VEC2"
        },
        {
            "bufferView": 3,
            "byteOffset": 240,
            "componentType": 5126,
            "count": 12,
            "max": [
                0.5200000405311585,
                0.5700000524520874,
                0.08000000566244126,
                0.0
            ],
            "min": [
                0.36000001430511477,
                0.4600000083446503,
                0.019999999552965165,
                0.0
            ],
            "type": "VEC4"
        },
        {
            "bufferView": 0,
            "byteOffset": 144,
            "componentType": 5123,
            "count": 14568,
            "max": [
                2819
            ],
            "min": [
                0
            ],
            "type": "SCALAR"
        },
        {
            "bufferView": 1,
            "byteOffset": 972,
            "componentType": 5126,
            "count": 2820,
            "max": [
                1.0,
                1.0,
                1.0
            ],
            "min": [
                1.0,
                1.0,
                1.0
            ],
            "type": "VEC3"
        },
        {
            "bufferView": 2,
            "byteOffset": 432,
            "componentType": 5123,
            "count": 2820,
            "max": [
                24,
                24,
                18,
                18
            ],
            "min": [
                0,
                0,
                0,
                0
            ],
            "type": "VEC4"
        },
        {
            "bufferView": 1,
            "byteOffset": 34812,
            "componentType": 5126,
            "count": 2820,
            "max": [
                0.9999669194221496,
                1.0,
                0.9999669790267944
            ],
            "min": [
                -0.9999669194221496,
                -0.9999837279319764,
                -0.9999667406082152
            ],
            "type": "VEC3"
        },
        {
            "bufferView": 1,
            "byteOffset": 68652,
            "componentType": 5126,
            "count": 2820,
            "max": [
                2.59283185005188,
                3.0806643962860109,
                2.532029390335083
            ],
            "min": [
                -2.536822557449341,
                -0.0012479654978960753,
                -2.592374801635742
            ],
            "type": "VEC3"
        },
        {
            "bufferView": 2,
            "byteOffset": 22992,
            "componentType": 5126,
            "count": 2820,
            "max": [
                0.9953889846801758,
                0.9948875904083252
            ],
            "min": [
                0.004610919859260321,
                0.004791021347045899
            ],
            "type": "VEC2"
        },
        {
            "bufferView": 3,
            "byteOffset": 432,
            "componentType": 5126,
            "count": 2820,
            "max": [
                1.0,
                0.9900000095367432,
                0.9300000071525574,
                0.3599999845027924
            ],
            "min": [
                0.010000000707805157,
                0.0,
                0.0,
                0.0
            ],
            "type": "VEC4"
        },
        {
            "bufferView": 4,
            "byteOffset": 0,
            "componentType": 5126,
            "count": 25,
            "max": [
                0.9818562269210817,
                1.0,
                0.44541439414024355,
                0.0,
                1.0,
                0.9999999403953552,
                1.0,
                0.0,
                1.0,
                0.99619460105896,
                1.0,
                0.0,
                54.50729751586914,
                42.51775741577149,
                0.0,
                1.0
            ],
            "min": [
                -0.9961948394775392,
                -1.0,
                -0.4454137980937958,
                0.0,
                -1.0,
                -1.0,
                -0.09147939085960388,
                0.0,
                -0.939692497253418,
                -0.9659259915351868,
                -0.0000038746711652493108,
                0.0,
                -109.88479614257813,
                -42.517669677734378,
                -96.15435028076172,
                1.0
            ],
            "type": "MAT4"
        }
    ],
    "materials": [
        {
            "pbrMetallicRoughness": {
                "baseColorFactor": [
                    1.0,
                    1.0,
                    1.0,
                    1.0
                ],
                "baseColorTexture": {
                    "index": 0
                },
                "metallicFactor": 0.0
            },
            "emissiveFactor": [
                0.0,
                0.0,
                0.0
            ],
            "occlusionTexture": {
                "index": 0
            },
            "name": "Mouth"
        },
        {
            "pbrMetallicRoughness": {
                "baseColorFactor": [
                    1.0,
                    1.0,
                    1.0,
                    1.0
                ],
                "baseColorTexture": {
                    "index": 1
                },
                "metallicFactor": 0.0
            },
            "emissiveFactor": [
                0.0,
                0.0,
                0.0
            ],
            "occlusionTexture": {
                "index": 1
            },
            "name": "Eye"
        },
        {
            "pbrMetallicRoughness": {
                "baseColorFactor": [
                    1.0,
                    1.0,
                    1.0,
                    1.0
                ],
                "baseColorTexture": {
                    "index": 2
                },
                "metallicFactor": 0.0
            },
            "emissiveFactor": [
                0.0,
                0.0,
                0.0
            ],
            "occlusionTexture": {
                "index": 2
            },
            "name": "Body01_00"
        }
    ],
    "textures": [
        {
            "sampler": 0,
            "source": 0
        },
        {
            "sampler": 0,
            "source": 1
        },
        {
            "sampler": 0,
            "source": 2
        }
    ],
    "images": [
        {
            "uri": "pm0045_00_Mouth1.png"
        },
        {
            "uri": "pm0045_00_Eye1.png"
        },
        {
            "uri": "pm0045_01_Body1.png"
        }
    ],
    "samplers": [
        {
            "magFilter": 9729,
            "minFilter": 9986,
            "wrapS": 10497,
            "wrapT": 10497
        }
    ],
    "bufferViews": [
        {
            "buffer": 0,
            "byteOffset": 195196,
            "byteLength": 29280,
            "target": 34963
        },
        {
            "buffer": 0,
            "byteOffset": 47152,
            "byteLength": 102492,
            "byteStride": 12,
            "target": 34962
        },
        {
            "buffer": 0,
            "byteOffset": 149644,
            "byteLength": 45552,
            "byteStride": 8,
            "target": 34962
        },
        {
            "buffer": 0,
            "byteOffset": 1600,
            "byteLength": 45552,
            "byteStride": 16,
            "target": 34962
        },
        {
            "buffer": 0,
            "byteOffset": 0,
            "byteLength": 1600
        }
    ],
    "buffers": [
        {
            "byteLength": 224476,
            "uri": "Vileplume_F0.bin"
        }
    ]
}
