{
    "asset": {
        "generator": "COLLADA2GLTF",
        "version": "2.0"
    },
    "scenes": [
        {
            "nodes": [
                0
            ]
        }
    ],
    "scene": 0,
    "nodes": [
        {
            "children": [
                25,
                1
            ],
            "matrix": [
                1.0,
                0.0,
                0.0,
                0.0,
                0.0,
                0.0,
                -1.0,
                0.0,
                0.0,
                1.0,
                0.0,
                0.0,
                0.0,
                0.0,
                0.0,
                1.0
            ],
            "name": "Z_UP"
        },
        {
            "mesh": 0,
            "skin": 0,
            "name": "KadabraM"
        },
        {
            "children": [
                17,
                9,
                3
            ],
            "matrix": [
                -0.9956596493721008,
                0.0000018565973505246805,
                0.09306912869215012,
                0.0,
                -0.00000186760087217408,
                -1.0,
                -3.113315472091927e-8,
                0.0,
                0.09306912869215012,
                -2.048140146371225e-7,
                0.9956596493721008,
                0.0,
                0.0,
                0.0,
                0.0,
                1.0
            ],
            "name": "Hips"
        },
        {
            "children": [
                4
            ],
            "matrix": [
                -0.4630881845951081,
                9.82689812190074e-7,
                -0.8863121867179871,
                0.0,
                -0.000002206091949119582,
                -1.0,
                4.391823793525873e-8,
                0.0,
                -0.8863121867179871,
                0.0000019756241727009184,
                0.4630881845951081,
                0.0,
                0.4467580318450928,
                0.0,
                -0.3335223197937012,
                1.0
            ],
            "name": "Tail1"
        },
        {
            "children": [
                5
            ],
            "matrix": [
                0.9892481565475464,
                -2.3012523147920156e-14,
                0.14624646306037904,
                0.0,
                1.5234145054384558e-14,
                1.0,
                5.430677202421588e-14,
                0.0,
                -0.14624646306037904,
                -5.1494937735587987e-14,
                0.9892481565475464,
                0.0,
                0.7672171592712402,
                5.0800000650497177e-8,
                3.391255631868262e-7,
                1.0
            ],
            "name": "Tail2"
        },
        {
            "children": [
                6
            ],
            "matrix": [
                0.816487729549408,
                2.7043131189258274e-12,
                -0.5773628354072571,
                0.0,
                0.000006928356924618129,
                1.0,
                0.000009797860911930912,
                0.0,
                0.5773628354072571,
                -0.00001200000860990258,
                0.816487729549408,
                0.0,
                0.47106584906578066,
                2.5400000325248585e-8,
                9.689338043017418e-8,
                1.0
            ],
            "name": "Tail3"
        },
        {
            "children": [
                7
            ],
            "matrix": [
                0.586587131023407,
                -0.00001006945240078494,
                -0.8098861575126648,
                0.0,
                -5.983362143524573e-7,
                1.0,
                -0.000012866536053479648,
                0.0,
                0.8098861575126648,
                0.00000803192779130768,
                0.586587131023407,
                0.0,
                0.46468815207481387,
                2.540025434427662e-8,
                0.0,
                1.0
            ],
            "name": "Tail4"
        },
        {
            "children": [
                8
            ],
            "matrix": [
                0.51859450340271,
                2.1560828955004796e-14,
                0.85502028465271,
                0.0,
                -4.9959226344634478e-14,
                1.0,
                5.0849700223621649e-15,
                0.0,
                -0.85502028465271,
                -4.5353189926473569e-14,
                0.51859450340271,
                0.0,
                0.9499041438102722,
                1.270005043352285e-7,
                -1.9378650506496346e-7,
                1.0
            ],
            "name": "Tail5"
        },
        {
            "matrix": [
                0.6140733957290649,
                -7.245281983961696e-14,
                0.7892489433288574,
                0.0,
                1.6429396634386893e-14,
                1.0,
                7.901685084238734e-14,
                0.0,
                -0.7892489433288574,
                -3.555525828185385e-14,
                0.6140733957290649,
                0.0,
                0.4265678524971009,
                0.0,
                2.906801341850951e-7,
                1.0
            ],
            "name": "Tail6"
        },
        {
            "children": [
                10
            ],
            "matrix": [
                0.4713071584701538,
                -0.7397136688232422,
                0.4803053140640259,
                0.0,
                0.02761941030621529,
                0.556694507598877,
                0.8302580118179321,
                0.0,
                -0.8815365433692932,
                -0.3780407905578614,
                0.28280457854270937,
                0.0,
                0.20722495019435886,
                -0.2096315026283264,
                -0.0330197699368,
                1.0
            ],
            "name": "RThigh"
        },
        {
            "children": [
                11
            ],
            "matrix": [
                0.4021245241165161,
                -7.002708191095053e-9,
                -0.9155849814414978,
                0.0,
                1.785853775970736e-8,
                1.0,
                1.951182687642827e-10,
                0.0,
                0.9155849814414978,
                -1.6429469340550896e-8,
                0.4021245241165161,
                0.0,
                0.8179333209991455,
                1.2111659231095473e-8,
                3.875735217206966e-7,
                1.0
            ],
            "name": "RLeg"
        },
        {
            "children": [
                15,
                13,
                12
            ],
            "matrix": [
                -0.0620911717414856,
                -0.07529114931821823,
                0.9952265620231628,
                0.0,
                -0.005198315251618624,
                0.9971614480018616,
                0.0751132071018219,
                0.0,
                -0.998056948184967,
                -0.0005096342065371573,
                -0.06230631098151207,
                0.0,
                0.6342329382896423,
                -2.664561691290146e-7,
                7.751470434413932e-7,
                1.0
            ],
            "name": "RFoot"
        },
        {
            "matrix": [
                -1.0,
                0.0000018641229644345004,
                -1.3969897461052483e-9,
                0.0,
                -0.0000018641229644345004,
                -1.0,
                1.8626407083388584e-9,
                0.0,
                -1.3969861933915695e-9,
                1.8626433728741175e-9,
                1.0,
                0.0,
                -0.21949449181556705,
                0.015643496066331865,
                -0.16484908759593965,
                1.0
            ],
            "name": "RToeC"
        },
        {
            "children": [
                14
            ],
            "matrix": [
                0.9955573081970216,
                -0.08446673303842545,
                -0.04160498455166817,
                0.0,
                0.08442720025777817,
                0.996425986289978,
                -0.0027094215620309116,
                0.0,
                0.04168514534831047,
                -0.0008152081281878054,
                0.9991304874420166,
                0.0,
                0.2321048229932785,
                -0.1840524822473526,
                -0.1553589254617691,
                1.0
            ],
            "name": "RToeB1"
        },
        {
            "matrix": [
                1.0,
                0.0,
                0.0,
                0.0,
                0.0,
                1.0,
                0.0,
                0.0,
                0.0,
                0.0,
                1.0,
                0.0,
                0.2514987885951996,
                7.509230499636033e-7,
                7.266990564858135e-8,
                1.0
            ],
            "name": "RToeB2"
        },
        {
            "children": [
                16
            ],
            "matrix": [
                0.9909008741378784,
                0.1275770217180252,
                -0.04288983717560768,
                0.0,
                -0.12787240743637086,
                0.9917817115783693,
                -0.004204203374683857,
                0.0,
                0.04200099781155586,
                0.009650375694036484,
                0.999070942401886,
                0.0,
                0.26185646653175356,
                0.20363473892211918,
                -0.1546231061220169,
                1.0
            ],
            "name": "RToeA1"
        },
        {
            "matrix": [
                1.0,
                0.0,
                0.0,
                0.0,
                0.0,
                1.0,
                0.0,
                0.0,
                0.0,
                0.0,
                1.0,
                0.0,
                0.2393164187669754,
                5.450255571304297e-7,
                -3.6334952824290677e-8,
                1.0
            ],
            "name": "RToeA2"
        },
        {
            "children": [
                18
            ],
            "matrix": [
                0.4713055491447449,
                0.7397146821022034,
                0.48030543327331545,
                0.0,
                -0.02762058563530445,
                0.5566945672035217,
                -0.8302579522132874,
                0.0,
                -0.8815373778343201,
                0.3780388534069062,
                0.28280457854270937,
                0.0,
                0.2072242647409439,
                0.2096315026283264,
                -0.0330197699368,
                1.0
            ],
            "name": "LThigh"
        },
        {
            "children": [
                19
            ],
            "matrix": [
                0.4021248817443848,
                -5.106664868748112e-9,
                -0.9155848026275636,
                0.0,
                -4.096188277458168e-8,
                1.0,
                -2.356794936986262e-8,
                0.0,
                0.9155848026275636,
                4.6981337931129029e-8,
                0.4021248817443848,
                0.0,
                0.8179336190223694,
                3.6334952824290677e-8,
                0.0,
                1.0
            ],
            "name": "LLeg"
        },
        {
            "children": [
                23,
                21,
                20
            ],
            "matrix": [
                -0.06209142133593559,
                0.07529111206531525,
                0.9952265620231628,
                0.0,
                0.0051987613551318649,
                0.9971614480018616,
                -0.07511314749717713,
                0.0,
                -0.998056948184967,
                0.000510063546244055,
                -0.06230659410357475,
                0.0,
                0.6342329382896423,
                -3.6334952824290677e-8,
                0.0,
                1.0
            ],
            "name": "LFoot"
        },
        {
            "matrix": [
                -1.0,
                -0.0000018643025896381005,
                1.396983417834008e-9,
                0.0,
                0.0000018643025896381005,
                -1.0,
                -2.7939612845528929e-9,
                0.0,
                1.396988524859921e-9,
                -2.7939586200176334e-9,
                1.0,
                0.0,
                -0.21949435770511628,
                -0.015644066035747529,
                -0.1648494005203247,
                1.0
            ],
            "name": "LToeC"
        },
        {
            "children": [
                22
            ],
            "matrix": [
                0.9955573081970216,
                0.08446671813726425,
                -0.04160498455166817,
                0.0,
                -0.08442714065313339,
                0.996425986289978,
                0.002710655564442277,
                0.0,
                0.04168524593114853,
                0.0008139766869135201,
                0.9991304874420166,
                0.0,
                0.23210684955120088,
                0.18405269086360932,
                -0.15535899996757508,
                1.0
            ],
            "name": "LToeB1"
        },
        {
            "matrix": [
                1.0,
                0.0,
                0.0,
                0.0,
                0.0,
                1.0,
                0.0,
                0.0,
                0.0,
                0.0,
                1.0,
                0.0,
                0.2514980137348175,
                4.844669021508708e-8,
                -1.2111659231095473e-8,
                1.0
            ],
            "name": "LToeB2"
        },
        {
            "children": [
                24
            ],
            "matrix": [
                0.9909008741378784,
                -0.1275770217180252,
                -0.04288984835147858,
                0.0,
                0.12787240743637086,
                0.9917817115783693,
                0.004204117227345705,
                0.0,
                0.04200102016329765,
                -0.009650291875004769,
                0.999070942401886,
                0.0,
                0.2618562281131745,
                -0.2036360204219818,
                -0.1546233892440796,
                1.0
            ],
            "name": "LToeA1"
        },
        {
            "matrix": [
                1.0,
                0.0,
                0.0,
                0.0,
                0.0,
                1.0,
                0.0,
                0.0,
                0.0,
                0.0,
                1.0,
                0.0,
                0.23931562900543217,
                -6.055842760588348e-8,
                -2.422331846219095e-8,
                1.0
            ],
            "name": "LToeA2"
        },
        {
            "children": [
                26
            ],
            "matrix": [
                1.0,
                -0.0,
                0.0,
                0.0,
                0.0,
                3.995190525074577e-7,
                1.0,
                0.0,
                -0.0,
                -1.0,
                3.995190525074577e-7,
                0.0,
                0.0,
                0.0,
                0.0,
                1.0
            ],
            "name": "pm0064_00_yungerer"
        },
        {
            "children": [
                27
            ],
            "name": "Origin"
        },
        {
            "children": [
                2,
                28
            ],
            "matrix": [
                -0.000003486854438961018,
                0.9956596493721008,
                0.09306912869215012,
                0.0,
                -1.0,
                -0.0000035028376714763,
                8.378401972208849e-9,
                0.0,
                3.343481012052507e-7,
                -0.09306912869215012,
                0.9956596493721008,
                0.0,
                0.0,
                1.431886911392212,
                -0.02372296340763569,
                1.0
            ],
            "name": "Waist"
        },
        {
            "children": [
                50,
                40,
                29
            ],
            "name": "Spine"
        },
        {
            "children": [
                30
            ],
            "matrix": [
                -0.011632498353719712,
                0.9921538829803468,
                -0.124480202794075,
                0.0,
                -0.949690043926239,
                -0.04992656782269478,
                -0.30918627977371218,
                0.0,
                -0.3129752278327942,
                0.11462100595235825,
                0.9428194761276244,
                0.0,
                0.6683560609817505,
                0.450052410364151,
                -0.06329832226037979,
                1.0
            ],
            "name": "RShoulder"
        },
        {
            "children": [
                31
            ],
            "matrix": [
                0.7722758650779724,
                0.627471923828125,
                0.0993427187204361,
                0.0,
                -0.6309376955032349,
                0.7392851114273071,
                0.2353193461894989,
                0.0,
                0.07421369105577469,
                -0.24441049993038176,
                0.9668276906013488,
                0.0,
                0.4589373469352722,
                -0.0000775146545493044,
                0.00017779921472538265,
                1.0
            ],
            "name": "RArm"
        },
        {
            "children": [
                32
            ],
            "matrix": [
                1.0,
                0.0,
                0.0,
                0.0,
                0.0,
                1.0,
                0.0,
                0.0,
                0.0,
                0.0,
                1.0,
                0.0,
                0.6870626211166382,
                -3.875735217206966e-7,
                5.329123382580292e-7,
                1.0
            ],
            "name": "RForeArm"
        },
        {
            "children": [
                39,
                37,
                35,
                33
            ],
            "matrix": [
                1.0,
                0.0,
                0.0,
                0.0,
                0.0,
                1.0,
                0.0,
                0.0,
                0.0,
                0.0,
                1.0,
                0.0,
                0.6800974607467651,
                7.751470434413932e-7,
                -7.751470434413932e-7,
                1.0
            ],
            "name": "RHand"
        },
        {
            "children": [
                34
            ],
            "matrix": [
                0.8726326823234558,
                0.473387748003006,
                -0.12006759643554688,
                0.0,
                0.011677081696689128,
                0.2255556434392929,
                0.9741603136062622,
                0.0,
                0.4882374703884125,
                -0.8514861464500427,
                0.1912994384765625,
                0.0,
                0.2967329621315003,
                -0.027454528957605367,
                -0.12211699783802033,
                1.0
            ],
            "name": "RFingerC1"
        },
        {
            "matrix": [
                0.266167551279068,
                -2.668630827429297e-7,
                -0.9639267921447754,
                0.0,
                -8.848018637763744e-7,
                1.0,
                -5.211688858253183e-7,
                0.0,
                0.9639267921447754,
                9.91602405520098e-7,
                0.266167551279068,
                0.0,
                0.1808225065469742,
                8.720404593987041e-7,
                -0.0000013565073686550025,
                1.0
            ],
            "name": "RFingerC2"
        },
        {
            "children": [
                36
            ],
            "matrix": [
                0.8790841102600098,
                0.4753730297088623,
                -0.0350937619805336,
                0.0,
                -0.05825035274028778,
                0.18020713329315184,
                0.9819023609161376,
                0.0,
                0.4730940759181977,
                -0.8611305952072144,
                0.186107873916626,
                0.0,
                0.30831536650657656,
                0.004048782866448164,
                0.1118752658367157,
                1.0
            ],
            "name": "RFingerB1"
        },
        {
            "matrix": [
                0.2823532223701477,
                1.2822044759275288e-8,
                -0.9593105316162108,
                0.0,
                9.244145644515812e-7,
                1.0,
                2.854482374914369e-7,
                0.0,
                0.9593105316162108,
                -9.673977956481397e-7,
                0.2823532223701477,
                0.0,
                0.1765321046113968,
                -1.4534006709254758e-7,
                0.0000017440809187974085,
                1.0
            ],
            "name": "RFingerB2"
        },
        {
            "children": [
                38
            ],
            "matrix": [
                0.4383024871349335,
                0.6322286128997803,
                0.6388880014419556,
                0.0,
                -0.7255194187164307,
                0.6684397459030151,
                -0.16373728215694428,
                0.0,
                -0.530577540397644,
                -0.3917591869831085,
                0.7516729235649109,
                0.0,
                0.15756306052207948,
                0.09780392050743105,
                0.15513809025287629,
                1.0
            ],
            "name": "RFingerA1"
        },
        {
            "matrix": [
                1.0,
                0.0,
                0.0,
                0.0,
                0.0,
                1.0,
                0.0,
                0.0,
                0.0,
                0.0,
                1.0,
                0.0,
                0.1510152965784073,
                1.9378650506496346e-7,
                0.0000014776221632928357,
                1.0
            ],
            "name": "RFingerA2"
        },
        {
            "matrix": [
                -0.23456412553787232,
                -0.017173580825328828,
                0.9719489216804504,
                0.0,
                -0.7528846859931946,
                0.6356937885284424,
                -0.17046429216861726,
                0.0,
                -0.6149344444274902,
                -0.771750271320343,
                -0.16204068064689637,
                0.0,
                0.3139310479164124,
                0.12088137120008469,
                0.094301737844944,
                1.0
            ],
            "name": "Feeler"
        },
        {
            "children": [
                41
            ],
            "matrix": [
                -0.011632326059043408,
                -0.9921538829803468,
                -0.12448027729988098,
                0.0,
                0.949690043926239,
                -0.04992643743753433,
                0.3091863691806793,
                0.0,
                -0.31297531723976138,
                -0.1146211177110672,
                0.9428194165229796,
                0.0,
                0.6683560609817505,
                -0.450052410364151,
                -0.06329832226037979,
                1.0
            ],
            "name": "LShoulder"
        },
        {
            "children": [
                42
            ],
            "matrix": [
                0.7722756862640381,
                -0.6274721026420593,
                0.09934273362159728,
                0.0,
                0.6309378147125244,
                0.7392849922180176,
                -0.2353193163871765,
                0.0,
                0.07421372085809708,
                0.2444104850292206,
                0.9668276906013488,
                0.0,
                0.4589373469352722,
                0.00007712707156315446,
                0.00017794457380659878,
                1.0
            ],
            "name": "LArm"
        },
        {
            "children": [
                43
            ],
            "matrix": [
                1.0,
                0.0,
                0.0,
                0.0,
                0.0,
                1.0,
                0.0,
                0.0,
                0.0,
                0.0,
                1.0,
                0.0,
                0.6870623826980591,
                -1.9378650506496346e-7,
                0.0,
                1.0
            ],
            "name": "LForeArm"
        },
        {
            "children": [
                48,
                46,
                44
            ],
            "matrix": [
                1.0,
                0.0,
                0.0,
                0.0,
                0.0,
                1.0,
                0.0,
                0.0,
                0.0,
                0.0,
                1.0,
                0.0,
                0.6800982356071472,
                0.0,
                4.844669021508708e-8,
                1.0
            ],
            "name": "LHand"
        },
        {
            "children": [
                45
            ],
            "matrix": [
                0.872632622718811,
                -0.47338786721229555,
                -0.12006745487451554,
                0.0,
                -0.011676830239593985,
                0.2255557626485825,
                -0.9741602540016174,
                0.0,
                0.4882375597953797,
                0.851486086845398,
                0.19129964709281922,
                0.0,
                0.2967329621315003,
                0.027452396228909497,
                -0.1221167966723442,
                1.0
            ],
            "name": "LFingerC1"
        },
        {
            "matrix": [
                0.26616883277893069,
                1.5007660891797063e-8,
                -0.9639264345169069,
                0.0,
                -1.6884229125935236e-8,
                1.0,
                1.0907062808485082e-8,
                0.0,
                0.9639264345169069,
                1.3372034146641454e-8,
                0.26616883277893069,
                0.0,
                0.18082308769226078,
                0.0,
                9.689338185125962e-7,
                1.0
            ],
            "name": "LFingerC2"
        },
        {
            "children": [
                47
            ],
            "matrix": [
                0.8790841698646545,
                -0.4753729403018952,
                -0.03509385511279106,
                0.0,
                0.05825022980570793,
                0.18020713329315184,
                -0.9819023609161376,
                0.0,
                0.47309398651123049,
                0.8611305952072144,
                0.1861078292131424,
                0.0,
                0.30831536650657656,
                -0.004048396833240986,
                0.11187506467103958,
                1.0
            ],
            "name": "LFingerB1"
        },
        {
            "matrix": [
                0.2823533713817597,
                4.2102326069937139e-9,
                -0.9593104720115662,
                0.0,
                -9.610613460608877e-7,
                1.0,
                -2.784798880384187e-7,
                0.0,
                0.9593104720115662,
                0.0000010005860531236977,
                0.2823533713817597,
                0.0,
                0.1765338033437729,
                0.0,
                -1.9378650506496346e-7,
                1.0
            ],
            "name": "LFingerB2"
        },
        {
            "children": [
                49
            ],
            "matrix": [
                0.4383026957511902,
                -0.6322284936904907,
                0.6388880014419556,
                0.0,
                0.7255191206932068,
                0.668440043926239,
                0.16373740136623386,
                0.0,
                -0.5305777192115784,
                0.39175891876220705,
                0.7516729235649109,
                0.0,
                0.15756209194660188,
                -0.09780430048704148,
                0.15513844788074494,
                1.0
            ],
            "name": "LFingerA1"
        },
        {
            "matrix": [
                1.0,
                0.0,
                0.0,
                0.0,
                0.0,
                1.0,
                0.0,
                0.0,
                0.0,
                0.0,
                1.0,
                0.0,
                0.15101616084575654,
                -7.751470434413932e-7,
                2.422331846219095e-8,
                1.0
            ],
            "name": "LFingerA2"
        },
        {
            "children": [
                57,
                54,
                51
            ],
            "matrix": [
                0.9378183484077454,
                -2.2737386517861226e-13,
                0.3471263349056244,
                0.0,
                2.526990932043977e-13,
                1.0,
                -2.7690115215399208e-14,
                0.0,
                -0.3471263349056244,
                1.1368680384029815e-13,
                0.9378183484077454,
                0.0,
                0.9835518002510072,
                2.5399820913207809e-8,
                1.2111659231095473e-8,
                1.0
            ],
            "name": "Head"
        },
        {
            "children": [
                52
            ],
            "matrix": [
                -0.4773192703723908,
                0.8572239875793457,
                0.193218469619751,
                0.0,
                0.4176246225833893,
                0.02783471904695034,
                0.9081932306289672,
                0.0,
                0.7731468081474304,
                0.5141909122467041,
                -0.3712838888168335,
                0.0,
                0.14639028906822205,
                0.15001168847084046,
                0.767364501953125,
                1.0
            ],
            "name": "RFeelerA1"
        },
        {
            "children": [
                53
            ],
            "matrix": [
                0.9392920732498168,
                -3.001937587399084e-10,
                -0.3431185781955719,
                0.0,
                -1.8897598763611968e-10,
                1.0,
                -1.3922224484375079e-9,
                0.0,
                0.3431185781955719,
                1.3725447445267492e-9,
                0.9392920732498168,
                0.0,
                0.23908400535583497,
                7.266990564858133e-7,
                3.875735217206966e-7,
                1.0
            ],
            "name": "RFeelerA2"
        },
        {
            "matrix": [
                0.956241250038147,
                -3.2736187094428716e-9,
                -0.29257932305336,
                0.0,
                2.76240985641607e-9,
                1.0,
                -2.1604003030972764e-9,
                0.0,
                0.29257932305336,
                1.2576399921471194e-9,
                0.956241250038147,
                0.0,
                0.31904685497283938,
                -0.0000011142725497848006,
                1.9378650506496346e-7,
                1.0
            ],
            "name": "RFeelerA3"
        },
        {
            "children": [
                55
            ],
            "matrix": [
                -0.47731876373291018,
                -0.8572239279747009,
                0.1932199448347092,
                0.0,
                -0.41762641072273257,
                0.02783406525850296,
                -0.9081923961639404,
                0.0,
                0.7731461524963379,
                -0.5141910314559937,
                -0.3712850511074066,
                0.0,
                0.146389901638031,
                -0.15001164376735688,
                0.7673647403717041,
                1.0
            ],
            "name": "LFeelerA1"
        },
        {
            "children": [
                56
            ],
            "matrix": [
                0.9392920732498168,
                6.504234928428332e-10,
                -0.3431185781955719,
                0.0,
                3.417130471916608e-7,
                1.0,
                9.373400189360837e-7,
                0.0,
                0.3431185781955719,
                -9.976841965908534e-7,
                0.9392920732498168,
                0.0,
                0.2390841394662857,
                -9.689338043017418e-8,
                7.751470434413932e-7,
                1.0
            ],
            "name": "LFeelerA2"
        },
        {
            "matrix": [
                0.9562411904335022,
                4.0872927264956618e-10,
                -0.2925794720649719,
                0.0,
                9.53700673989033e-10,
                1.0,
                4.5139771920332809e-9,
                0.0,
                0.2925794720649719,
                -4.595484437430741e-9,
                0.9562411904335022,
                0.0,
                0.3190440535545349,
                -4.844669021508708e-8,
                0.0,
                1.0
            ],
            "name": "LFeelerA3"
        },
        {
            "matrix": [
                -0.782039999961853,
                -0.0000014835034107818502,
                0.6232281923294067,
                0.0,
                0.000002036070782196475,
                -1.0,
                1.7455150214118479e-7,
                0.0,
                0.6232281923294067,
                0.00000140544295845757,
                0.782039999961853,
                0.0,
                0.09616389125585556,
                2.5399820913207809e-8,
                0.6496583223342896,
                1.0
            ],
            "name": "Jaw"
        }
    ],
    "meshes": [
        {
            "primitives": [
                {
                    "attributes": {
                        "JOINTS_0": 1,
                        "NORMAL": 2,
                        "POSITION": 3,
                        "TEXCOORD_0": 4,
                        "WEIGHTS_0": 5
                    },
                    "indices": 0,
                    "mode": 4,
                    "material": 0
                },
                {
                    "attributes": {
                        "JOINTS_0": 7,
                        "NORMAL": 8,
                        "POSITION": 9,
                        "TEXCOORD_0": 10,
                        "WEIGHTS_0": 11
                    },
                    "indices": 6,
                    "mode": 4,
                    "material": 1
                },
                {
                    "attributes": {
                        "JOINTS_0": 13,
                        "NORMAL": 14,
                        "POSITION": 15,
                        "TEXCOORD_0": 16,
                        "WEIGHTS_0": 17
                    },
                    "indices": 12,
                    "mode": 4,
                    "material": 2
                },
                {
                    "attributes": {
                        "JOINTS_0": 19,
                        "NORMAL": 20,
                        "POSITION": 21,
                        "TEXCOORD_0": 22,
                        "WEIGHTS_0": 23
                    },
                    "indices": 18,
                    "mode": 4,
                    "material": 3
                }
            ],
            "name": "KadabraM"
        }
    ],
    "skins": [
        {
            "inverseBindMatrices": 24,
            "skeleton": 2,
            "joints": [
                2,
                17,
                18,
                19,
                23,
                24,
                21,
                22,
                20,
                9,
                10,
                11,
                15,
                16,
                13,
                14,
                12,
                3,
                4,
                5,
                6,
                7,
                8,
                28,
                50,
                57,
                54,
                55,
                56,
                51,
                52,
                53,
                40,
                41,
                42,
                43,
                48,
                49,
                46,
                47,
                44,
                45,
                29,
                30,
                31,
                32,
                39,
                37,
                38,
                35,
                36,
                33,
                34
            ],
            "name": "geom-KadabraM-skin1"
        }
    ],
    "accessors": [
        {
            "bufferView": 0,
            "byteOffset": 0,
            "componentType": 5123,
            "count": 4410,
            "max": [
                912
            ],
            "min": [
                0
            ],
            "type": "SCALAR"
        },
        {
            "bufferView": 1,
            "byteOffset": 0,
            "componentType": 5123,
            "count": 913,
            "max": [
                46,
                31,
                31,
                22
            ],
            "min": [
                0,
                0,
                0,
                0
            ],
            "type": "VEC4"
        },
        {
            "bufferView": 2,
            "byteOffset": 0,
            "componentType": 5126,
            "count": 913,
            "max": [
                0.9993448257446288,
                0.9998096823692322,
                0.9994040727615356
            ],
            "min": [
                -0.9993448257446288,
                -0.999934494495392,
                -0.9999759197235109
            ],
            "type": "VEC3"
        },
        {
            "bufferView": 2,
            "byteOffset": 10956,
            "componentType": 5126,
            "count": 913,
            "max": [
                0.866457462310791,
                3.1400749683380129,
                3.2944562435150148
            ],
            "min": [
                -2.285847663879395,
                -0.8432648181915283,
                0.39576247334480288
            ],
            "type": "VEC3"
        },
        {
            "bufferView": 1,
            "byteOffset": 7304,
            "componentType": 5126,
            "count": 913,
            "max": [
                0.9911360144615172,
                -0.01205003261566162
            ],
            "min": [
                0.00886400043964386,
                -0.9846400022506714
            ],
            "type": "VEC2"
        },
        {
            "bufferView": 3,
            "byteOffset": 0,
            "componentType": 5126,
            "count": 913,
            "max": [
                1.0,
