{
    "asset": {
        "generator": "COLLADA2GLTF",
        "version": "2.0"
    },
    "scenes": [
        {
            "nodes": [
                0
            ]
        }
    ],
    "scene": 0,
    "nodes": [
        {
            "children": [
                11,
                1
            ],
            "matrix": [
                1.0,
                0.0,
                0.0,
                0.0,
                0.0,
                0.0,
                -1.0,
                0.0,
                0.0,
                1.0,
                0.0,
                0.0,
                0.0,
                0.0,
                0.0,
                1.0
            ],
            "name": "Z_UP"
        },
        {
            "mesh": 0,
            "skin": 0,
            "name": "Machoke"
        },
        {
            "children": [
                7,
                3
            ],
            "matrix": [
                -0.9987735748291016,
                -8.976564630502891e-11,
                0.04951082915067673,
                0.0,
                8.976564630502891e-11,
                -1.0,
                -2.2235494695488356e-12,
                0.0,
                0.04951082915067673,
                2.2235494695488356e-12,
                0.9987735748291016,
                0.0,
                0.0,
                0.0,
                0.0,
                1.0
            ],
            "name": "Hips"
        },
        {
            "children": [
                4
            ],
            "matrix": [
                0.9990972876548768,
                0.0,
                0.042480044066905978,
                0.0,
                0.0,
                1.0,
                0.0,
                0.0,
                -0.042480044066905978,
                0.0,
                0.9990972876548768,
                0.0,
                0.5158765316009522,
                -0.42207691073417666,
                0.05539054423570633,
                1.0
            ],
            "name": "RThigh"
        },
        {
            "children": [
                5
            ],
            "matrix": [
                0.9644334316253662,
                0.0,
                -0.2643258571624756,
                0.0,
                0.0,
                1.0,
                0.0,
                0.0,
                0.2643258571624756,
                0.0,
                0.9644334316253662,
                0.0,
                0.7253096699714661,
                -0.000002362200120842317,
                0.0,
                1.0
            ],
            "name": "RLeg"
        },
        {
            "children": [
                6
            ],
            "matrix": [
                -0.22311913967132569,
                0.0000028891593046864729,
                0.9747911691665648,
                0.0,
                -0.007618011441081762,
                0.999969482421875,
                -0.0017466440331190825,
                0.0,
                -0.974761426448822,
                -0.007815680466592312,
                -0.2231123000383377,
                0.0,
                0.6588886976242065,
                2.794000124595186e-7,
                7.620000275210259e-8,
                1.0
            ],
            "name": "RFoot"
        },
        {
            "matrix": [
                0.9995317459106444,
                -0.0002420895179966465,
                -0.030598249286413194,
                0.0,
                0.000002856948867702158,
                0.9999694228172302,
                -0.007818306796252728,
                0.0,
                0.0305992066860199,
                0.0078145582228899,
                0.9995011687278748,
                0.0,
                0.47962817549705508,
                0.0,
                -0.18105728924274445,
                1.0
            ],
            "name": "RToe"
        },
        {
            "children": [
                8
            ],
            "matrix": [
                0.9990972876548768,
                0.0,
                0.042480044066905978,
                0.0,
                0.0,
                1.0,
                0.0,
                0.0,
                -0.042480044066905978,
                0.0,
                0.9990972876548768,
                0.0,
                0.5158765316009522,
                0.42207691073417666,
                0.055390797555446628,
                1.0
            ],
            "name": "LThigh"
        },
        {
            "children": [
                9
            ],
            "matrix": [
                0.9644334316253662,
                0.0,
                -0.2643258571624756,
                0.0,
                0.0,
                1.0,
                0.0,
                0.0,
                0.2643258571624756,
                0.0,
                0.9644334316253662,
                0.0,
                0.7253096699714661,
                0.0,
                0.0,
                1.0
            ],
            "name": "LLeg"
        },
        {
            "children": [
                10
            ],
            "matrix": [
                -0.22310994565486909,
                0.0000023375250748358669,
                0.9747933149337769,
                0.0,
                0.010142085142433644,
                0.999945878982544,
                0.002318914979696274,
                0.0,
                -0.974740505218506,
                0.01040381006896496,
                -0.22309790551662449,
                0.0,
                0.6588912010192871,
                0.0000019304000034026105,
                2.539999854889175e-7,
                1.0
            ],
            "name": "LFoot"
        },
        {
            "matrix": [
                0.9995316863059998,
                0.00031484526698477566,
                -0.03059828281402588,
                0.0,
                0.000003486511786832125,
                0.999945878982544,
                0.01040297280997038,
                0.0,
                0.03059990331530571,
                -0.010398208163678646,
                0.9994776248931884,
                0.0,
                0.47962817549705508,
                -2.2860000115088042e-7,
                -0.18105728924274445,
                1.0
            ],
            "name": "LToe"
        },
        {
            "children": [
                12
            ],
            "matrix": [
                1.0,
                0.0,
                0.0,
                0.0,
                0.0,
                4.4896641959724089e-11,
                1.0,
                0.0,
                0.0,
                -1.0,
                4.4896641959724089e-11,
                0.0,
                0.0,
                0.0,
                0.0,
                1.0
            ],
            "name": "pm0067_00"
        },
        {
            "children": [
                13
            ],
            "name": "Origin"
        },
        {
            "children": [
                2,
                14
            ],
            "matrix": [
                -0.0000029347118015721209,
                0.9987736344337465,
                0.04951006174087525,
                0.0,
                -1.0,
                -0.0000029347118015721209,
                -7.269345303484444e-8,
                0.0,
                7.269345303484444e-8,
                -0.04951006174087525,
                0.9987736344337465,
                0.0,
                0.0,
                2.170440196990967,
                -0.0693572387099266,
                1.0
            ],
            "name": "Waist"
        },
        {
            "children": [
                36,
                17,
                15
            ],
            "name": "Spine"
        },
        {
            "children": [
                16
            ],
            "matrix": [
                0.9159366488456726,
                0.0,
                0.4013228118419647,
                0.0,
                0.0,
                1.0,
                0.0,
                0.0,
                -0.4013228118419647,
                0.0,
                0.9159366488456726,
                0.0,
                0.8522055149078369,
                0.0,
                0.0,
                1.0
            ],
            "name": "Head"
        },
        {
            "matrix": [
                -0.014438625425100329,
                -2.9085734709610738e-8,
                0.9998957514762878,
                0.0,
                -0.000004028668627142906,
                1.0,
                -2.9085734709610738e-8,
                0.0,
                -0.9998957514762878,
                -0.000004028668627142906,
                -0.014438625425100329,
                0.0,
                0.23851439356803898,
                0.0,
                -0.10253853350877762,
                1.0
            ],
            "name": "Jaw"
        },
        {
            "children": [
                18
            ],
            "matrix": [
                -0.12189601361751557,
                0.9913659691810608,
                0.04832002893090248,
                0.0,
                -0.9910340905189514,
                -0.1242496743798256,
                0.04912656173110008,
                0.0,
                0.0547061488032341,
                -0.041898466646671298,
                0.9976230263710022,
                0.0,
                0.6228232383728027,
                0.3216198682785034,
                -0.15034209191799165,
                1.0
            ],
            "name": "RShoulder"
        },
        {
            "children": [
                19
            ],
            "matrix": [
                1.0,
                0.0,
                0.0,
                0.0,
                0.0,
                1.0,
                0.0,
                0.0,
                0.0,
                0.0,
                1.0,
                0.0,
                0.367865651845932,
                0.0000017272000150114764,
                2.032000026019887e-7,
                1.0
            ],
            "name": "RArm"
        },
        {
            "children": [
                20
            ],
            "matrix": [
                1.0,
                0.0,
                0.0,
                0.0,
                0.0,
                1.0,
                0.0,
                0.0,
                0.0,
                0.0,
                1.0,
                0.0,
                0.7722336649894714,
                -0.000005994399998598965,
                -7.620000275210259e-8,
                1.0
            ],
            "name": "RForeArm"
        },
        {
            "children": [
                33,
                30,
                27,
                24,
                21
            ],
            "matrix": [
                1.0,
                0.0,
                0.0,
                0.0,
                0.0,
                1.0,
                0.0,
                0.0,
                0.0,
                0.0,
                1.0,
                0.0,
                0.7243216037750244,
                -0.000002108199851136306,
                1.0160000130099435e-7,
                1.0
            ],
            "name": "RHand"
        },
        {
            "children": [
                22
            ],
            "matrix": [
                0.9980414509773254,
                0.046197064220905307,
                -0.04217969626188278,
                0.0,
                -0.042224958539009097,
                0.000003952191036660224,
                -0.9991081357002258,
                0.0,
                -0.04615569487214089,
                0.9989323616027832,
                0.001954613486304879,
                0.0,
                0.3433267176151276,
                -0.10158653557300568,
                -0.18148325383663176,
                1.0
            ],
            "name": "RFingerE1"
        },
        {
            "children": [
                23
            ],
            "matrix": [
                1.0,
                0.0,
                0.0,
                0.0,
                0.0,
                1.0,
                0.0,
                0.0,
                0.0,
                0.0,
                1.0,
                0.0,
                0.1187422052025795,
                0.0,
                0.000012572999366966542,
                1.0
            ],
            "name": "RFingerE2"
        },
        {
            "matrix": [
                1.0,
                0.0,
                0.0,
                0.0,
                0.0,
                1.0,
                0.0,
                0.0,
                0.0,
                0.0,
                1.0,
                0.0,
                0.11915597319602968,
                0.0,
                -0.000008508999599143863,
                1.0
            ],
            "name": "RFingerE3"
        },
        {
            "children": [
                25
            ],
            "matrix": [
                0.9978493452072144,
                0.0501818023622036,
                -0.042171258479356769,
                0.0,
                -0.042224206030368808,
                -0.000005041146778239636,
                -0.9991081357002258,
                0.0,
                -0.05013725906610489,
                0.9987400770187378,
                0.002113856375217438,
                0.0,
                0.37977316975593569,
                -0.10416971892118454,
                -0.04488738626241684,
                1.0
            ],
            "name": "RFingerD1"
        },
        {
            "children": [
                26
            ],
            "matrix": [
                1.0,
                0.0,
                0.0,
                0.0,
                0.0,
                1.0,
                0.0,
                0.0,
                0.0,
                0.0,
                1.0,
                0.0,
                0.13956767320632938,
                0.0,
                0.000013157199646229856,
                1.0
            ],
            "name": "RFingerD2"
        },
        {
            "matrix": [
                1.0,
                0.0,
                0.0,
                0.0,
                0.0,
                1.0,
                0.0,
                0.0,
                0.0,
                0.0,
                1.0,
                0.0,
                0.11003077030181884,
                -0.0,
                -0.000006578599823114928,
                1.0
            ],
            "name": "RFingerD3"
        },
        {
            "children": [
                28
            ],
            "matrix": [
                0.8066362738609314,
                0.31694698333740237,
                0.4988813102245331,
                0.0,
                0.4165644645690918,
                -0.9036518931388856,
                -0.0994349867105484,
                0.0,
                0.4192993938922882,
                0.28802406787872317,
                -0.8609472513198853,
                0.0,
                0.09583013504743576,
                0.07764983177185059,
                0.24574778974056245,
                1.0
            ],
            "name": "RFingerA1"
        },
        {
            "children": [
                29
            ],
            "matrix": [
                0.9902799129486084,
                0.0,
                0.13908876478672028,
                0.0,
                0.0,
                1.0,
                0.0,
                0.0,
                -0.13908876478672028,
                0.0,
                0.9902799129486084,
                0.0,
                0.18125541508197785,
                3.8099997823337619e-7,
                -7.620000275210259e-8,
                1.0
            ],
            "name": "RFingerA2"
        },
        {
            "matrix": [
                1.0,
                0.0,
                0.0,
                0.0,
                0.0,
                1.0,
                0.0,
                0.0,
                0.0,
                0.0,
                1.0,
                0.0,
                0.1527319848537445,
                0.0,
                0.0000011938000170630406,
                1.0
            ],
            "name": "RFingerA3"
        },
        {
            "children": [
                31
            ],
            "matrix": [
                0.9965386986732484,
                0.07167171686887741,
                -0.042115893214941028,
                0.0,
                -0.04222430661320686,
                -0.000002484607648511883,
                -0.9991081357002258,
                0.0,
                -0.07160790264606476,
                0.997428297996521,
                0.0030238123144954445,
                0.0,
                0.4115485548973084,
                -0.10748035460710526,
                0.1099393293261528,
                1.0
            ],
            "name": "RFingerC1"
        },
        {
            "children": [
                32
            ],
            "matrix": [
                1.0,
                0.0,
                0.0,
                0.0,
                0.0,
                1.0,
                0.0,
                0.0,
                0.0,
                0.0,
                1.0,
                0.0,
                0.13966290652751926,
                0.0,
                -0.000012191999303468038,
                1.0
            ],
            "name": "RFingerC2"
        },
        {
            "matrix": [
                1.0,
                0.0,
                0.0,
                0.0,
                0.0,
                1.0,
                0.0,
                0.0,
                0.0,
                0.0,
                1.0,
                0.0,
                0.1368181109428406,
                0.0,
                0.000009296400094171986,
                1.0
            ],
            "name": "RFingerC3"
        },
        {
            "children": [
                34
            ],
            "matrix": [
                0.9951425194740297,
                0.08900873363018036,
                -0.042057156562805179,
                0.0,
                -0.04222520440816879,
                0.000005061580850451719,
                -0.9991081357002258,
                0.0,
                -0.08892913907766342,
                0.996030867099762,
                0.0037634491454809906,
                0.0,
                0.4058818221092224,
                -0.1041661575436592,
                0.2685313224792481,
                1.0
            ],
            "name": "RFingerB1"
        },
        {
            "children": [
                35
            ],
            "matrix": [
                1.0,
                0.0,
                0.0,
                0.0,
                0.0,
                1.0,
                0.0,
                0.0,
                0.0,
                0.0,
                1.0,
                0.0,
                0.1451604962348938,
                0.0,
                -5.588000249190372e-7,
                1.0
            ],
            "name": "RFingerB2"
        },
        {
            "matrix": [
                1.0,
                0.0,
                0.0,
                0.0,
                0.0,
                1.0,
                0.0,
                0.0,
                0.0,
                0.0,
                1.0,
                0.0,
                0.1386649459600449,
                0.0,
                0.0000052069999583181929,
                1.0
            ],
            "name": "RFingerB3"
        },
        {
            "children": [
                37
            ],
            "matrix": [
                -0.12189601361751557,
                -0.9913659691810608,
                0.04832002893090248,
                0.0,
                0.9910340905189514,
                -0.1242496743798256,
                -0.04912656173110008,
                0.0,
                0.0547061488032341,
                0.041898466646671298,
                0.9976230263710022,
                0.0,
                0.6228258013725281,
                -0.3216198682785034,
                -0.15034209191799165,
                1.0
            ],
            "name": "LShoulder"
        },
        {
            "children": [
                38
            ],
            "matrix": [
                1.0,
                0.0,
                0.0,
                0.0,
                0.0,
                1.0,
                0.0,
                0.0,
                0.0,
                0.0,
                1.0,
                0.0,
                0.367865651845932,
                -5.588000249190372e-7,
                -0.0,
                1.0
            ],
            "name": "LArm"
        },
        {
            "children": [
                39
            ],
            "matrix": [
                1.0,
                0.0,
                0.0,
                0.0,
                0.0,
                1.0,
                0.0,
                0.0,
                0.0,
                0.0,
                1.0,
                0.0,
                0.7722336649894714,
                1.7780000405309696e-7,
                -0.0,
                1.0
            ],
            "name": "LForeArm"
        },
        {
            "children": [
                52,
                49,
                46,
                43,
                40
            ],
            "matrix": [
                1.0,
                0.0,
                0.0,
                0.0,
                0.0,
                1.0,
                0.0,
                0.0,
                0.0,
                0.0,
                1.0,
                0.0,
                0.7243216037750244,
                0.0,
                0.0,
                1.0
            ],
            "name": "LHand"
        },
        {
            "children": [
                41
            ],
            "matrix": [
                0.8066353797912598,
                -0.3169466257095337,
                0.4988829493522644,
                0.0,
                -0.4165644645690918,
                -0.9036519527435304,
                0.09943459928035736,
                0.0,
                0.4193010628223419,
                -0.288024365901947,
                -0.8609462976455689,
                0.0,
                0.09583166241645812,
                -0.07764678448438645,
                0.24574805796146394,
                1.0
            ],
            "name": "LFingerA1"
        },
        {
            "children": [
                42
            ],
            "matrix": [
                0.9902799129486084,
                0.0,
                0.13908876478672028,
                0.0,
                0.0,
                1.0,
                0.0,
                0.0,
                -0.13908876478672028,
                0.0,
                0.9902799129486084,
                0.0,
                0.18125541508197785,
                0.0,
                2.5400000325248585e-8,
                1.0
            ],
            "name": "LFingerA2"
        },
        {
            "matrix": [
                1.0,
                0.0,
                0.0,
                0.0,
                0.0,
                1.0,
                0.0,
                0.0,
                0.0,
                0.0,
                1.0,
                0.0,
                0.15273146331310273,
                -7.619999564667523e-7,
                -1.2699999274445873e-7,
                1.0
            ],
            "name": "LFingerA3"
        },
        {
            "children": [
                44
            ],
            "matrix": [
                0.9951425194740297,
                -0.08900873363018036,
                -0.042057156562805179,
                0.0,
                0.04222520440816879,
                0.000005061580850451719,
                0.9991081357002258,
                0.0,
                -0.08892913907766342,
                -0.996030867099762,
                0.0037634491454809906,
                0.0,
                0.4058818221092224,
                0.10417581349611284,
                0.2685313224792481,
                1.0
            ],
            "name": "LFingerB1"
        },
        {
            "children": [
                45
            ],
            "matrix": [
                1.0,
                0.0,
                0.0,
                0.0,
                0.0,
                1.0,
                0.0,
                0.0,
                0.0,
                0.0,
                1.0,
                0.0,
                0.14515364170074464,
                0.0,
                -3.8099997823337619e-7,
                1.0
            ],
            "name": "LFingerB2"
        },
        {
            "matrix": [
                1.0,
                0.0,
                0.0,
                0.0,
                0.0,
                1.0,
                0.0,
                0.0,
                0.0,
                0.0,
                1.0,
                0.0,
                0.13867028057575229,
                0.0,
                0.0,
                1.0
            ],
            "name": "LFingerB3"
        },
        {
            "children": [
                47
            ],
            "matrix": [
                0.9965386986732484,
                -0.07167171686887741,
                -0.042115893214941028,
                0.0,
                0.04222430661320686,
                -0.000002484607648511883,
                0.9991081357002258,
                0.0,
                -0.07160790264606476,
                -0.997428297996521,
                0.0030238123144954445,
                0.0,
                0.41155365109443667,
                0.10748517513275148,
                0.1099390760064125,
                1.0
            ],
            "name": "LFingerC1"
        },
        {
            "children": [
                48
            ],
            "matrix": [
                1.0,
                0.0,
                0.0,
                0.0,
                0.0,
                1.0,
                0.0,
                0.0,
                0.0,
                0.0,
                1.0,
                0.0,
                0.13966315984725953,
                0.0,
                -5.588000249190372e-7,
                1.0
            ],
            "name": "LFingerC2"
        },
        {
            "matrix": [
                1.0,
                0.0,
                0.0,
                0.0,
                0.0,
                1.0,
                0.0,
                0.0,
                0.0,
                0.0,
                1.0,
                0.0,
                0.13682346045970918,
                -0.0,
                -1.7780000405309696e-7,
                1.0
            ],
            "name": "LFingerC3"
        },
        {
            "children": [
                50
            ],
            "matrix": [
                0.9980414509773254,
                -0.046197064220905307,
                -0.04217969626188278,
                0.0,
                0.042224958539009097,
                0.000003952191036660224,
                0.9991081357002258,
                0.0,
                -0.04615569487214089,
                -0.9989323616027832,
                0.001954613486304879,
                0.0,
                0.3433292508125305,
                0.1015799269080162,
                -0.1814822405576706,
                1.0
            ],
            "name": "LFingerE1"
        },
        {
            "children": [
                51
            ],
            "matrix": [
                1.0,
                0.0,
                0.0,
                0.0,
                0.0,
                1.0,
                0.0,
                0.0,
                0.0,
                0.0,
                1.0,
                0.0,
                0.11873915046453476,
                0.0,
                -1.7780000405309696e-7,
                1.0
            ],
            "name": "LFingerE2"
        },
        {
            "matrix": [
                1.0,
                0.0,
                0.0,
                0.0,
                0.0,
                1.0,
                0.0,
                0.0,
                0.0,
                0.0,
                1.0,
                0.0,
                0.11915037781000138,
                -2.5400000325248585e-8,
                0.0,
                1.0
            ],
            "name": "LFingerE3"
        },
        {
            "children": [
                53
            ],
            "matrix": [
                0.9978493452072144,
                -0.0501818023622036,
                -0.042171258479356769,
                0.0,
                0.042224206030368808,
                -0.000005041146778239636,
                0.9991081357002258,
                0.0,
                -0.05013725906610489,
                -0.9987400770187378,
                0.002113856375217438,
                0.0,
                0.3797782361507416,
                0.1041720062494278,
                -0.04488738626241684,
                1.0
            ],
            "name": "LFingerD1"
        },
        {
            "children": [
                54
            ],
            "matrix": [
                1.0,
                0.0,
                0.0,
                0.0,
                0.0,
                1.0,
                0.0,
                0.0,
                0.0,
                0.0,
                1.0,
                0.0,
                0.13956411182880402,
                -0.0,
                0.0,
                1.0
            ],
            "name": "LFingerD2"
        },
        {
            "matrix": [
                1.0,
                0.0,
                0.0,
                0.0,
                0.0,
                1.0,
                0.0,
                0.0,
                0.0,
                0.0,
                1.0,
                0.0,
                0.11004143208265305,
                0.0,
                -1.7780000405309696e-7,
                1.0
            ],
            "name": "LFingerD3"
        }
    ],
    "meshes": [
        {
            "primitives": [
                {
                    "attributes": {
                        "JOINTS_0": 1,
                        "NORMAL": 2,
                        "POSITION": 3,
                        "TEXCOORD_0": 4,
                        "WEIGHTS_0": 5
                    },
                    "indices": 0,
                    "mode": 4,
                    "material": 0
                },
                {
                    "attributes": {
                        "JOINTS_0": 7,
                        "NORMAL": 8,
                        "POSITION": 9,
                        "TEXCOORD_0": 10,
                        "WEIGHTS_0": 11
                    },
                    "indices": 6,
                    "mode": 4,
                    "material": 1
                }
            ],
            "name": "Machoke"
        }
    ],
    "skins": [
        {
            "inverseBindMatrices": 12,
            "skeleton": 2,
            "joints": [
                2,
                7,
                8,
                9,
                10,
                3,
                4,
                5,
                6,
                14,
                15,
                16,
                36,
                37,
                38,
                39,
                40,
                41,
                42,
                43,
                44,
                45,
                46,
                47,
                48,
                52,
                53,
                54,
                49,
                50,
                51,
                17,
                18,
                19,
                20,
                27,
                28,
                29,
                33,
                34,
                35,
                30,
                31,
                32,
                24,
                25,
                26,
                21,
                22,
                23
            ],
            "name": "Machoke-mesh-skin"
        }
    ],
    "accessors": [
        {
            "bufferView": 0,
            "byteOffset": 0,
            "componentType": 5123,
            "count": 16602,
            "max": [
                3579
            ],
            "min": [
                0
            ],
            "type": "SCALAR"
        },
        {
            "bufferView": 1,
            "byteOffset": 0,
            "componentType": 5123,
            "count": 3580,
            "max": [
                49,
                49,
                49,
                48
            ],
            "min": [
                0,
                0,
                0,
                0
            ],
            "type": "VEC4"
        },
        {
            "bufferView": 2,
            "byteOffset": 0,
            "componentType": 5126,
            "count": 3580,
            "max": [
                0.9998700022697448,
                1.0,
                1.0
            ],
            "min": [
                -0.9998700022697448,
                -1.0,
                -1.0
            ],
            "type": "VEC3"
        },
        {
            "bufferView": 2,
            "byteOffset": 42960,
            "componentType": 5126,
            "count": 3580,
            "max": [
                3.019932985305786,
                0.7065771818161011,
                3.8203377723693849
            ],
            "min": [
                -3.019932985305786,
                -0.7908340692520142,
                0.0
            ],
            "type": "VEC3"
        },
        {
            "bufferView": 1,
            "byteOffset": 28640,
            "componentType": 5126,
            "count": 3580,
            "max": [
                1.0,
                0.9910690188407898
            ],
            "min": [
                0.0,
                0.007812023162841797
            ],
            "type": "VEC2"
        },
        {
            "bufferView": 3,
            "byteOffset": 0,
            "componentType": 5126,
            "count": 3580,
            "max": [
                1.0,
                0.9900000095367432,
                0.949999988079071,
                0.6800000071525574
            ],
            "min": [
                0.009999999776482582,
                0.0,
                0.0,
                0.0
            ],
            "type": "VEC4"
        },
        {
            "bufferView": 0,
            "byteOffset": 33204,
            "componentType": 5123,
            "count": 264,
            "max": [
                59
            ],
            "min": [
                0
            ],
            "type": "SCALAR"
        },
        {
            "bufferView": 1,
            "byteOffset": 57280,
            "componentType": 5123,
            "count": 60,
            "max": [
                10,
                0,
                0,
                0
            ],
            "min": [
                10,
                0,
                0,
                0
            ],
            "type": "VEC4"
        },
        {
            "bufferView": 2,
            "byteOffset": 85920,
            "componentType": 5126,
            "count": 60,
            "max": [
                0.908152997493744,
                -0.18698300421237944,
                0.897163987159729
            ],
            "min": [
                -0.908152997493744,
                -0.7990610003471375,
                -0.5544229745864868
            ],
            "type": "VEC3"
        },
        {
            "bufferView": 2,
            "byteOffset": 86640,
            "componentType": 5126,
            "count": 60,
            "max": [
                0.3418128788471222,
                -0.21710851788520817,
                3.506546020507813
            ],
            "min": [
                -0.3418128788471222,
                -0.5475046038627625,
                3.322319984436035
            ],
            "type": "VEC3"
        },
        {
            "bufferView": 1,
            "byteOffset": 57760,
            "componentType": 5126,
            "count": 60,
            "max": [
                0.4953500032424927,
                -0.771630048751831
            ],
            "min": [
                0.004645999986678362,
                -0.9571199417114258
            ],
            "type": "VEC2"
        },
        {
            "bufferView": 3,
            "byteOffset": 57280,
            "componentType": 5126,
            "count": 60,
            "max": [
                1.0,
                0.0,
                0.0,
                0.0
            ],
            "min": [
                1.0,
                0.0,
                0.0,
                0.0
            ],
            "type": "VEC4"
        },
        {
            "bufferView": 4,
            "byteOffset": 0,
            "componentType": 5126,
            "count": 50,
            "max": [
                0.991366982460022,
                1.0,
                0.4159669876098633,
                0.0,
                0.22311699390411378,
                1.0,
                0.9083499908447266,
                0.0,
                0.998773992061615,
                0.9922509789466858,
                0.9999690055847168,
                0.0,
                85.45040130615235,
                128.8179931640625,
                122.40599822998049,
                1.0
            ],
            "min": [
                -0.9913660287857056,
                -1.0,
                -0.4159640073776245,
                0.0,
                -1.0,
                -1.0,
                -1.0,
                0.0,
                -1.0,
                -0.9922509789466858,
                -0.9854519963264464,
                0.0,
                -105.98600006103516,
                -128.8179931640625,
                -11.49619960784912,
                1.0
            ],
            "type": "MAT4"
        }
    ],
    "materials": [
        {
            "pbrMetallicRoughness": {
                "baseColorFactor": [
                    1.0,
                    1.0,
                    1.0,
                    1.0
                ],
                "baseColorTexture": {
                    "index": 0
                },
                "metallicFactor": 0.0
            },
            "name": "Material__89"
        },
        {
            "pbrMetallicRoughness": {
                "baseColorFactor": [
                    1.0,
                    1.0,
                    1.0,
                    1.0
                ],
                "baseColorTexture": {
                    "index": 1
                },
                "metallicFactor": 0.0
            },
            "name": "Material__90"
        }
    ],
    "textures": [
        {
            "sampler": 0,
            "source": 0
        },
        {
            "sampler": 0,
            "source": 1
        }
    ],
    "images": [
        {
            "uri": "pm0067_00_Body1.png"
        },
        {
            "uri": "pm0067_00_Eye1.png"
        }
    ],
    "samplers": [
        {
            "magFilter": 9729,
            "minFilter": 9986,
            "wrapS": 10497,
            "wrapT": 10497
        }
    ],
    "bufferViews": [
        {
            "buffer": 0,
            "byteOffset": 207040,
            "byteLength": 33732,
            "target": 34963
        },
        {
            "buffer": 0,
            "byteOffset": 148800,
