{
    "asset": {
        "generator": "COLLADA2GLTF",
        "version": "2.0"
    },
    "scenes": [
        {
            "nodes": [
                0
            ]
        }
    ],
    "scene": 0,
    "nodes": [
        {
            "children": [
                16,
                1
            ],
            "matrix": [
                1.0,
                0.0,
                0.0,
                0.0,
                0.0,
                0.0,
                -1.0,
                0.0,
                0.0,
                1.0,
                0.0,
                0.0,
                0.0,
                0.0,
                0.0,
                1.0
            ],
            "name": "Z_UP"
        },
        {
            "mesh": 0,
            "skin": 0,
            "name": "Growlithe"
        },
        {
            "children": [
                11,
                6,
                3
            ],
            "matrix": [
                -0.9999880194664002,
                -0.000002828014658007305,
                0.004898061510175467,
                0.0,
                0.00013670834596268833,
                -0.999626398086548,
                0.0273332130163908,
                0.0,
                0.004896154161542654,
                0.02733355388045311,
                0.9996143579483032,
                0.0,
                0.0,
                0.0,
                0.0,
                1.0
            ],
            "name": "_04_Hips"
        },
        {
            "children": [
                4
            ],
            "matrix": [
                0.3691954016685486,
                -0.0254009272903204,
                -0.9290046095848084,
                0.0,
                0.0000027591381694946905,
                -0.999626398086548,
                0.0273329708725214,
                0.0,
                -0.929351806640625,
                -0.010093769989907742,
                -0.3690573871135712,
                0.0,
                0.47237396240234377,
                3.0279085905249305e-9,
                -0.026966368779540067,
                1.0
            ],
            "name": "_22_Tail1"
        },
        {
            "children": [
                5
            ],
            "matrix": [
                0.9344086647033693,
                -2.219102503208326e-19,
                -0.3562028110027313,
                0.0,
                -3.239645422585536e-13,
                1.0,
                -8.498402719395172e-13,
                0.0,
                0.3562028110027313,
                9.094952438740145e-13,
                0.9344086647033693,
                0.0,
                0.3864307701587677,
                4.7311311118791718e-11,
                1.9378650506496346e-7,
                1.0
            ],
            "name": "_23_Tail2"
        },
        {
            "matrix": [
                0.5477397441864014,
                1.9258821737366819e-7,
                -0.8366487622261047,
                0.0,
                -2.088559369894938e-7,
                1.0,
                9.345561124973757e-8,
                0.0,
                0.8366487622261047,
                1.2354969669559069e-7,
                0.5477397441864014,
                0.0,
                0.2691945433616638,
                -4.7311311118791718e-11,
                4.844669021508708e-8,
                1.0
            ],
            "name": "_24_Tail3"
        },
        {
            "children": [
                7
            ],
            "matrix": [
                0.09323392808437348,
                0.027213025838136674,
                0.9952722787857056,
                0.0,
                -3.453347403592488e-7,
                0.999626398086548,
                -0.027332045137882234,
                0.0,
                -0.995644211769104,
                0.0025479302275925876,
                0.09319910407066344,
                0.0,
                0.2566111385822296,
                -0.289090096950531,
                0.11443876475095748,
                1.0
            ],
            "name": "_14_RThigh"
        },
        {
            "children": [
                8
            ],
            "matrix": [
                0.8393553495407105,
                1.663184434619325e-7,
                -0.5435830950737,
                0.0,
                -1.98150758023985e-7,
                1.0,
                -8.399038842893393e-13,
                0.0,
                0.5435830950737,
                1.077121112302848e-7,
                0.8393553495407105,
                0.0,
                0.2554378807544708,
                0.0,
                -9.689338185125962e-7,
                1.0
            ],
            "name": "_15_RLeg"
        },
        {
            "children": [
                9
            ],
            "matrix": [
                -0.6194680333137512,
                0.000006203090379131027,
                0.7850219011306763,
                0.0,
                0.0000027141863938595636,
                1.0,
                -0.000005760016392741818,
                0.0,
                -0.7850219011306763,
                -0.0000014374502370628762,
                -0.6194680333137512,
                0.0,
                0.282895028591156,
                4.844669021508708e-8,
                -0.0000013565073686550025,
                1.0
            ],
            "name": "_16_RFoot"
        },
        {
            "children": [
                10
            ],
            "matrix": [
                1.0,
                0.0,
                0.0,
                0.0,
                0.0,
                1.0,
                0.0,
                0.0,
                0.0,
                0.0,
                1.0,
                0.0,
                -0.05655091255903244,
                -2.422331846219095e-8,
                -0.1994096040725708,
                1.0
            ],
            "name": "_18_RToe1"
        },
        {
            "matrix": [
                1.0,
                0.0,
                0.0,
                0.0,
                0.0,
                1.0,
                0.0,
                0.0,
                0.0,
                0.0,
                1.0,
                0.0,
                0.18742938339710236,
                0.0,
                -0.08700419962406159,
                1.0
            ],
            "name": "_20_RToe2"
        },
        {
            "children": [
                12
            ],
            "matrix": [
                0.09323392808437348,
                0.027213025838136674,
                0.9952722787857056,
                0.0,
                -3.453347403592488e-7,
                0.999626398086548,
                -0.027332045137882234,
                0.0,
                -0.995644211769104,
                0.0025479302275925876,
                0.09319910407066344,
                0.0,
                0.2566111385822296,
                0.289090096950531,
                0.11443941295146942,
                1.0
            ],
            "name": "_06_LThigh"
        },
        {
            "children": [
                13
            ],
            "matrix": [
                0.8393553495407105,
                1.663184434619325e-7,
                -0.5435830950737,
                0.0,
                -1.98150758023985e-7,
                1.0,
                -8.399038842893393e-13,
                0.0,
                0.5435830950737,
                1.077121112302848e-7,
                0.8393553495407105,
                0.0,
                0.25543761253356936,
                2.422331846219095e-8,
                -2.906801341850951e-7,
                1.0
            ],
            "name": "_07_LLeg"
        },
        {
            "children": [
                14
            ],
            "matrix": [
                -0.6194689869880676,
                0.000005020257503929315,
                0.7850211262702942,
                0.0,
                -0.0017755620647221804,
                0.9999974370002748,
                -0.0014075111830607057,
                0.0,
                -0.7850190997123718,
                -0.00226576323620975,
                -0.6194674372673035,
                0.0,
                0.282895028591156,
                2.422331846219095e-8,
                0.0,
                1.0
            ],
            "name": "_08_LFoot"
        },
        {
            "children": [
                15
            ],
            "matrix": [
                1.0,
                0.0,
                0.0,
                0.0,
                0.0,
                1.0,
                0.0,
                0.0,
                0.0,
                0.0,
                1.0,
                0.0,
                -0.056551575660705569,
                4.844669021508708e-8,
                -0.19940902292728425,
                1.0
            ],
            "name": "_10_LToe1"
        },
        {
            "matrix": [
                1.0,
                0.0,
                0.0,
                0.0,
                0.0,
                1.0,
                0.0,
                0.0,
                0.0,
                0.0,
                1.0,
                0.0,
                0.18743017315864564,
                0.0,
                -0.0870041698217392,
                1.0
            ],
            "name": "_12_LToe2"
        },
        {
            "children": [
                17
            ],
            "matrix": [
                1.0,
                -0.0,
                0.0,
                0.0,
                0.0,
                4.4896641959724089e-11,
                1.0,
                0.0,
                -0.0,
                -1.0,
                4.4896641959724089e-11,
                0.0,
                0.0,
                0.0,
                0.0,
                1.0
            ],
            "name": "_01_pm0058_00"
        },
        {
            "children": [
                18
            ],
            "name": "_02_Origin"
        },
        {
            "children": [
                2,
                19
            ],
            "matrix": [
                -1.954401369630432e-7,
                -0.0048969462513923649,
                0.9999880194664002,
                0.0,
                -1.0,
                0.00003098052548011765,
                -4.373069018015485e-8,
                0.0,
                -0.00003097993976552971,
                -0.9999880194664002,
                -0.0048969462513923649,
                0.0,
                0.0,
                0.94141286611557,
                -0.4686960577964783,
                1.0
            ],
            "name": "_03_Waist"
        },
        {
            "children": [
                20
            ],
            "name": "_26_Spine1"
        },
        {
            "children": [
                44,
                37,
                28,
                21
            ],
            "matrix": [
                0.918277144432068,
                -4.378691755846376e-7,
                -0.3959381878376007,
                0.0,
                9.924078625545009e-8,
                1.0,
                -8.757392606639769e-7,
                0.0,
                0.3959381878376007,
                7.648781661373505e-7,
                0.918277144432068,
                0.0,
                0.2151956856250763,
                0.0,
                0.0,
                1.0
            ],
            "name": "_27_Spine2"
        },
        {
            "children": [
                22
            ],
            "matrix": [
                -0.2119068205356598,
                0.5904685854911804,
                0.778744101524353,
                0.0,
                -0.232536256313324,
                -0.8044189810752869,
                0.5466598272323608,
                0.0,
                0.949221968650818,
                -0.06524529308080673,
                0.30776721239089968,
                0.0,
                0.2701899409294129,
                0.1610880941152573,
                0.09273872524499892,
                1.0
            ],
            "name": "_58_RShoulder"
        },
        {
            "children": [
                23
            ],
            "matrix": [
                0.7719888687133789,
                0.586530864238739,
                -0.24497908353805546,
                0.0,
                -0.5904669761657715,
                0.8044202923774719,
                0.06524408608675003,
                0.0,
                0.23533381521701816,
                0.09428434818983078,
                0.9673305749893189,
                0.0,
                0.2103164792060852,
                -0.0000021316518541425468,
                0.0,
                1.0
            ],
            "name": "_59_RArm"
        },
        {
            "children": [
                24
            ],
            "matrix": [
                0.9638168215751648,
                8.606334489513756e-8,
                0.26656538248062136,
                0.0,
                -8.929456640771606e-8,
                1.0,
                9.8161756501014e-13,
                0.0,
                -0.26656538248062136,
                -2.3803787385645593e-8,
                0.9638168215751648,
                0.0,
                0.3792143762111664,
                -4.844669021508708e-8,
                1.2111659231095473e-8,
                1.0
            ],
            "name": "_60_RForeArm"
        },
        {
            "children": [
                25
            ],
            "matrix": [
                0.11022073030471802,
                9.652044354879764e-7,
                0.9939071536064148,
                0.0,
                0.03929753974080086,
                0.9992180466651917,
                -0.004358926322311163,
                0.0,
                -0.9931299686431884,
                0.03953854739665985,
                0.11013450473546982,
                0.0,
                0.33572450280189516,
                2.422331846219095e-8,
                1.2111659231095473e-8,
                1.0
            ],
            "name": "_61_RHand"
        },
        {
            "children": [
                27,
                26
            ],
            "matrix": [
                1.0,
                0.0,
                0.0,
                0.0,
                0.0,
                1.0,
                0.0,
                0.0,
                0.0,
                0.0,
                1.0,
                0.0,
                0.1029563844203949,
                2.422331846219095e-8,
                -0.04572533443570137,
                1.0
            ],
            "name": "_63_RFinger"
        },
        {
            "matrix": [
                1.0,
                0.0,
                0.0,
                0.0,
                0.0,
                1.0,
                0.0,
                0.0,
                0.0,
                0.0,
                1.0,
                0.0,
                0.071572445333004,
                0.08234573155641556,
                -0.014327959157526492,
                1.0
            ],
            "name": "_67_RFingerB"
        },
        {
            "matrix": [
                1.0,
                0.0,
                0.0,
                0.0,
                0.0,
                1.0,
                0.0,
                0.0,
                0.0,
                0.0,
                1.0,
                0.0,
                0.06839361041784287,
                -0.06586714833974838,
                -0.012052144855260848,
                1.0
            ],
            "name": "_65_RFingerA"
        },
        {
            "children": [
                29
            ],
            "matrix": [
                0.8857443332672119,
                -9.094962196559697e-13,
                -0.4641734063625336,
                0.0,
                1.227743926489333e-12,
                1.0,
                3.83414925243103e-13,
                0.0,
                0.4641734063625336,
                -9.094936717808645e-13,
                0.8857443332672119,
                0.0,
                0.2637612223625183,
                -5.9139073846359294e-12,
                0.0,
                1.0
            ],
            "name": "_44_Neck"
        },
        {
            "children": [
                35,
                32,
                31,
                30
            ],
            "matrix": [
                0.9880911111831664,
                -3.605482015375805e-12,
                -0.1538699567317963,
                0.0,
                3.627144157941631e-12,
                1.0,
                -1.399435851489467e-13,
                0.0,
                0.1538699567317963,
                -4.1983148728330656e-13,
                0.9880911111831664,
                0.0,
                0.1420089602470398,
                2.9569411155727647e-12,
                -4.844669021508708e-8,
                1.0
            ],
            "name": "_45_Head"
        },
        {
            "matrix": [
                -0.1472306102514267,
                0.7469887137413025,
                -0.6483294367790222,
                0.0,
                -0.9422590136528016,
                0.09340259432792664,
                0.32159584760665896,
                0.0,
                0.3007841110229492,
                0.6582430005073547,
                0.690105140209198,
                0.0,
                0.2835323214530945,
                0.2803144156932831,
                -0.07124123722314835,
                1.0
            ],
            "name": "_56_REar"
        },
        {
            "matrix": [
                -0.14723065495491029,
                -0.7469888925552368,
                -0.6483291983604431,
                0.0,
                0.9422590136528016,
                0.09340241551399233,
                -0.32159584760665896,
                0.0,
                0.3007840514183045,
                -0.6582428216934204,
                0.6901053190231323,
                0.0,
                0.2835325598716736,
                -0.2803144156932831,
                -0.07124095410108566,
                1.0
            ],
            "name": "_54_LEar"
        },
        {
            "children": [
                33
            ],
            "matrix": [
                -0.03312100097537041,
                -6.317171141745348e-8,
                0.9994513392448424,
                0.0,
                -1.0510156078780142e-9,
                1.0,
                6.317156220347897e-8,
                0.0,
                -0.9994513392448424,
                1.0418663709543808e-9,
                -0.03312100097537041,
                0.0,
                0.2212348431348801,
                5.9139073846359294e-12,
                0.09961087256669998,
                1.0
            ],
            "name": "_49_Jaw"
        },
        {
            "children": [
                34
            ],
            "matrix": [
                0.7948766946792603,
                7.450147812039509e-13,
                -0.6067710518836975,
                0.0,
                2.016441129626401e-7,
                1.0,
                2.641572223183175e-7,
                0.0,
                0.6067710518836975,
                -3.323242196984211e-7,
                0.7948766946792603,
                0.0,
                0.07527317851781845,
                5.9139073846359294e-12,
                0.10373204946517945,
                1.0
            ],
            "name": "_51_Tongue1"
        },
        {
            "matrix": [
                0.967973291873932,
                1.0963357510718197e-7,
                0.251053124666214,
                0.0,
                1.261623054915617e-7,
                1.0,
                -9.231325748260132e-7,
                0.0,
                -0.251053124666214,
                9.25241124605236e-7,
                0.967973291873932,
                0.0,
                0.1464390754699707,
                2.9569411155727647e-12,
                0.0,
                1.0
            ],
            "name": "_52_Tongue2"
        },
        {
            "children": [
                36
            ],
            "matrix": [
                -0.25592660903930666,
                -7.932305834401632e-7,
                -0.9666962027549744,
                0.0,
                5.882111508981325e-7,
                1.0,
                -9.762834451976233e-7,
                0.0,
                0.9666962027549744,
                -8.184783837350551e-7,
                -0.25592660903930666,
                0.0,
                0.6278956532478333,
                1.182778961578146e-11,
                -2.422331988327642e-7,
                1.0
            ],
            "name": "_46_FeelerB1"
        },
        {
            "matrix": [
                0.9630710482597352,
                -0.000003673547098514973,
                -0.2692473530769348,
                0.0,
                -0.002987672807648778,
                0.9999383091926576,
                -0.010700252838432789,
                0.0,
                0.26923075318336489,
                0.011109527200460434,
                0.963011622428894,
                0.0,
                0.2988411486148834,
                -5.9139073846359294e-12,
                -3.875735217206966e-7,
                1.0
            ],
            "name": "_47_FeelerB2"
        },
        {
            "children": [
                38
            ],
            "matrix": [
                -0.21190689504146577,
                -0.5904683470726013,
                0.7787442207336426,
                0.0,
                0.23253653943538669,
                -0.8044191598892212,
                -0.546659529209137,
                0.0,
                0.9492219090461732,
                0.06524556875228882,
                0.3077674210071564,
                0.0,
                0.2701899409294129,
                -0.16108813881874085,
                0.09273793548345566,
                1.0
            ],
            "name": "_33_LShoulder"
        },
        {
            "children": [
                39
            ],
            "matrix": [
                0.7719892263412476,
                -0.5865303874015808,
                -0.24497903883457185,
                0.0,
                0.590467095375061,
                0.8044204115867615,
                -0.06524134427309036,
                0.0,
                0.2353321611881256,
                -0.09428644925355913,
                0.9673307538032532,
                0.0,
                0.21031758189201356,
                0.0,
                1.2111659231095473e-8,
                1.0
            ],
            "name": "_34_LArm"
        },
        {
            "children": [
                40
            ],
            "matrix": [
                0.9638164043426514,
                7.897290856817563e-7,
                0.2665669322013855,
                0.0,
                -8.466985832455975e-7,
                1.0,
                9.878549889208445e-8,
                0.0,
                -0.2665669322013855,
                -3.209129317838233e-7,
                0.9638164043426514,
                0.0,
                0.3792143762111664,
                0.0,
                0.0,
                1.0
            ],
            "name": "_35_LForeArm"
        },
        {
            "children": [
                41
            ],
            "matrix": [
                0.11022141575813294,
                0.000005137750576977851,
                0.9939070343971252,
                0.0,
                3.062887117266655e-7,
                1.0,
                -0.00000520321282238001,
                0.0,
                -0.9939070343971252,
                8.779280165072123e-7,
                0.11022141575813294,
                0.0,
                0.33572450280189516,
                2.422331846219095e-8,
                3.0279085905249305e-9,
                1.0
            ],
            "name": "_36_LHand"
        },
        {
            "children": [
                43,
                42
            ],
            "matrix": [
                1.0,
                0.0,
                0.0,
                0.0,
                0.0,
                1.0,
                0.0,
                0.0,
                0.0,
                0.0,
                1.0,
                0.0,
                0.1029563844203949,
                -2.422331846219095e-8,
                -0.04572533443570137,
                1.0
            ],
            "name": "_38_LFinger"
        },
        {
            "matrix": [
                1.0,
                0.0,
                0.0,
                0.0,
                0.0,
                1.0,
                0.0,
                0.0,
                0.0,
                0.0,
                1.0,
                0.0,
                0.07157231867313385,
                -0.08234474062919617,
                -0.014328040182590485,
                1.0
            ],
            "name": "_42_LFingerB"
        },
        {
            "matrix": [
                1.0,
                0.0,
                0.0,
                0.0,
                0.0,
                1.0,
                0.0,
                0.0,
                0.0,
                0.0,
                1.0,
                0.0,
                0.06839358806610108,
                0.06586883217096329,
                -0.012052124366164208,
                1.0
            ],
            "name": "_40_LFingerA"
        },
        {
            "children": [
                45
            ],
            "matrix": [
                0.9142618179321288,
                1.0668573224847933e-7,
                0.4051238000392914,
                0.0,
                -0.0000013269262808535132,
                -1.0,
                0.0000032578775517322357,
                0.0,
                0.4051238000392914,
                -0.0000035161224332114218,
                -0.9142618179321288,
                0.0,
                0.2637612223625183,
                -5.9139073846359294e-12,
                0.0,
                1.0
            ],
            "name": "_28_FeelerA1"
        },
        {
            "children": [
                46
            ],
            "matrix": [
                0.2942647933959961,
                4.358413150384877e-7,
                -0.9557239413261414,
                0.0,
                3.390588787510751e-8,
                1.0,
                4.664721870994981e-7,
                0.0,
                0.9557239413261414,
                -1.696710114629241e-7,
                0.2942647933959961,
                0.0,
                0.315280020236969,
                -2.9569411155727647e-12,
                1.9378650506496346e-7,
                1.0
            ],
            "name": "_29_FeelerA2"
        },
        {
            "children": [
                47
            ],
            "matrix": [
                0.9711886644363404,
                4.351777604938434e-9,
                -0.23831191658973698,
                0.0,
                -2.8077320468611335e-9,
                1.0,
                6.8185421753241838e-9,
                0.0,
                0.23831191658973698,
                -5.952975001832783e-9,
                0.9711886644363404,
                0.0,
                0.20721133053302769,
                0.0,
                -4.844669021508708e-8,
                1.0
            ],
            "name": "_30_FeelerA3"
        },
        {
            "matrix": [
                0.9578182101249696,
                -4.567229439089715e-7,
                -0.2873747348785401,
                0.0,
                4.768368171426119e-7,
                1.0,
                1.743064649865553e-13,
                0.0,
                0.2873747348785401,
                -1.370310229731331e-7,
                0.9578182101249696,
                0.0,
                0.23378291726112369,
                0.0,
                0.0,
                1.0
            ],
            "name": "_31_FeelerA4"
        }
    ],
    "meshes": [
        {
            "primitives": [
                {
                    "attributes": {
                        "COLOR_0": 1,
                        "JOINTS_0": 2,
                        "NORMAL": 3,
                        "POSITION": 4,
                        "TEXCOORD_0": 5,
                        "WEIGHTS_0": 6
                    },
                    "indices": 0,
                    "mode": 4,
                    "material": 0
                },
                {
                    "attributes": {
                        "COLOR_0": 8,
                        "JOINTS_0": 9,
                        "NORMAL": 10,
                        "POSITION": 11,
                        "TEXCOORD_0": 12,
                        "WEIGHTS_0": 13
                    },
                    "indices": 7,
                    "mode": 4,
                    "material": 1
                },
                {
                    "attributes": {
                        "COLOR_0": 15,
                        "JOINTS_0": 16,
                        "NORMAL": 17,
                        "POSITION": 18,
                        "TEXCOORD_0": 19,
                        "WEIGHTS_0": 20
                    },
                    "indices": 14,
                    "mode": 4,
                    "material": 2
                },
                {
                    "attributes": {
                        "COLOR_0": 22,
                        "JOINTS_0": 23,
                        "NORMAL": 24,
                        "POSITION": 25,
                        "TEXCOORD_0": 26,
                        "WEIGHTS_0": 27
                    },
                    "indices": 21,
                    "mode": 4,
                    "material": 3
                }
            ],
            "name": "Growlithe"
        }
    ],
    "skins": [
        {
            "inverseBindMatrices": 28,
            "skeleton": 2,
            "joints": [
                22,
                23,
                38,
                39,
                24,
                25,
                27,
                26,
                40,
                41,
                42,
                43,
                19,
                20,
                28,
                2,
                21,
                29,
                45,
                37,
                46,
                47,
                32,
                30,
                31,
                33,
                34,
                6,
                7,
                11,
                12,
                13,
                14,
                15,
                8,
                9,
                10,
                3,
                4,
                5,
                35,
                36
            ],
            "name": "geom-Growlithe-skin1"
        }
    ],
    "accessors": [
        {
            "bufferView": 0,
            "byteOffset": 0,
            "componentType": 5123,
            "count": 13086,
            "max": [
                2844
            ],
            "min": [
                0
            ],
            "type": "SCALAR"
        },
        {
            "bufferView": 1,
            "byteOffset": 0,
            "componentType": 5126,
            "count": 2845,
            "max": [
                1.0,
                1.0,
                1.0
            ],
            "min": [
                1.0,
                1.0,
                1.0
            ],
            "type": "VEC3"
        },
        {
            "bufferView": 2,
            "byteOffset": 0,
            "componentType": 5123,
            "count": 2845,
            "max": [
                35,
                36,
                36,
                36
            ],
            "min": [
                0,
                0,
                0,
                0
            ],
            "type": "VEC4"
        },
        {
            "bufferView": 1,
            "byteOffset": 34140,
            "componentType": 5126,
            "count": 2845,
            "max": [
                0.9995151162147522,
                0.999988317489624,
                0.9999514818191528
            ],
            "min": [
                -0.9995151162147522,
                -1.0,
                -0.9999536871910096
            ],
            "type": "VEC3"
        },
        {
            "bufferView": 1,
            "byteOffset": 68280,
            "componentType": 5126,
            "count": 2845,
            "max": [
                0.4858029484748841,
                1.674464464187622,
                0.7002322673797607
            ],
            "min": [
                -0.4858029484748841,
                -1.303723564660686e-7,
                -1.1157282590866089
            ],
            "type": "VEC3"
        },
        {
            "bufferView": 2,
            "byteOffset": 22760,
            "componentType": 5126,
            "count": 2845,
            "max": [
                0.9987192153930664,
                0.9921875
            ],
            "min": [
                0.0,
                0.004833996295928955
            ],
            "type": "VEC2"
        },
        {
            "bufferView": 3,
            "byteOffset": 0,
            "componentType": 5126,
            "count": 2845,
            "max": [
                1.0,
                0.9900000095367432,
                0.9100000262260436,
                0.8399999737739563
            ],
            "min": [
                0.009999999776482582,
                0.0,
                0.0,
                0.0
            ],
            "type": "VEC4"
        },
        {
            "bufferView": 0,
            "byteOffset": 26172,
            "componentType": 5123,
            "count": 2832,
            "max": [
                889
            ],
            "min": [
                0
            ],
            "type": "SCALAR"
        },
        {
            "bufferView": 1,
            "byteOffset": 102420,
            "componentType": 5126,
            "count": 890,
            "max": [
                1.0,
                1.0,
                1.0
            ],
            "min": [
                1.0,
                1.0,
                1.0
            ],
            "type": "VEC3"
        },
        {
            "bufferView": 2,
            "byteOffset": 45520,
            "componentType": 5123,
            "count": 890,
            "max": [
                38,
                41,
                41,
                39
            ],
            "min": [
                0,
                0,
                0,
                0
            ],
            "type": "VEC4"
        },
        {
            "bufferView": 1,
            "byteOffset": 113100,
            "componentType": 5126,
            "count": 890,
            "max": [
                0.9986475110054016,
                0.9965074062347412,
                0.9999979734420776
            ],
            "min": [
                -0.9986475110054016,
                -0.9913582801818848,
                -0.9995530247688294
            ],
            "type": "VEC3"
        },
        {
            "bufferView": 1,
            "byteOffset": 123780,
            "componentType": 5126,
            "count": 890,
            "max": [
                0.4650130271911621,
                2.080706596374512,
                0.5482285022735596
            ],
            "min": [
                -0.4650130271911621,
                0.2333427518606186,
                -1.7669256925582886
            ],
            "type": "VEC3"
        },
        {
            "bufferView": 2,
            "byteOffset": 52640,
            "componentType": 5126,
            "count": 890,
            "max": [
                0.9880971908569336,
                -0.007809996604919434
            ],
            "min": [
                0.015438550151884556,
                -0.9921900033950806
            ],
            "type": "VEC2"
        },
        {
            "bufferView": 3,
            "byteOffset": 45520,
            "componentType": 5126,
            "count": 890,
            "max": [
                1.0,
                0.959999978542328,
                0.8400000333786011,
                0.8399999737739563
            ],
            "min": [
                0.009999999776482582,
                0.0,
                0.0,
                0.0
            ],
            "type": "VEC4"
        },
        {
            "bufferView": 0,
            "byteOffset": 31836,
            "componentType": 5123,
            "count": 180,
            "max": [
                55
            ],
            "min": [
                0
            ],
            "type": "SCALAR"
        },
        {
            "bufferView": 1,
            "byteOffset": 134460,
            "componentType": 5126,
            "count": 56,
            "max": [
                1.0,
                1.0,
                1.0
            ],
            "min": [
                1.0,
                1.0,
                1.0
            ],
            "type": "VEC3"
        },
        {
            "bufferView": 2,
            "byteOffset": 59760,
            "componentType": 5123,
            "count": 56,
            "max": [
                17,
                0,
                0,
                0
            ],
            "min": [
                17,
                0,
                0,
                0
            ],
            "type": "VEC4"
        },
        {
            "bufferView": 1,
            "byteOffset": 135132,
            "componentType": 5126,
            "count": 56,
            "max": [
                0.869560182094574,
                0.9623839855194092,
                0.9238389134407044
            ],
            "min": [
                -0.869560182094574,
                0.06168169900774956,
                -0.007673562970012426
            ],
            "type": "VEC3"
        },
        {
            "bufferView": 1,
            "byteOffset": 135804,
            "componentType": 5126,
            "count": 56,
            "max": [
                0.28150057792663576,
                1.574766993522644,
                0.5548248887062073
            ],
            "min": [
                -0.28150057792663576,
                1.370436668395996,
                0.3482517898082733
            ],
            "type": "VEC3"
        },
        {
            "bufferView": 2,
            "byteOffset": 60208,
            "componentType": 5126,
            "count": 56,
            "max": [
                0.5034049153327942,
                0.21790337562561036
            ],
            "min": [
                0.0,
                0.02057337760925293
            ],
            "type": "VEC2"
        },
        {
            "bufferView": 3,
            "byteOffset": 59760,
            "componentType": 5126,
            "count": 56,
            "max": [
                1.0,
                0.0,
                0.0,
                0.0
            ],
            "min": [
                1.0,
                0.0,
                0.0,
                0.0
            ],
            "type": "VEC4"
        },
        {
            "bufferView": 0,
            "byteOffset": 32196,
            "componentType": 5123,
            "count": 180,
            "max": [
                47
            ],
            "min": [
                0
            ],
            "type": "SCALAR"
        },
        {
            "bufferView": 1,
