{
    "asset": {
        "generator": "COLLADA2GLTF",
        "version": "2.0"
    },
    "scenes": [
        {
            "nodes": [
                0
            ]
        }
    ],
    "scene": 0,
    "nodes": [
        {
            "children": [
                12,
                1
            ],
            "matrix": [
                1.0,
                0.0,
                0.0,
                0.0,
                0.0,
                0.0,
                -1.0,
                0.0,
                0.0,
                1.0,
                0.0,
                0.0,
                0.0,
                0.0,
                0.0,
                1.0
            ],
            "name": "Z_UP"
        },
        {
            "mesh": 0,
            "skin": 0,
            "name": "Dewgong"
        },
        {
            "children": [
                3
            ],
            "matrix": [
                -0.9985251426696776,
                -0.000001861745545284066,
                -0.054291289299726489,
                0.0,
                0.000001865484591689892,
                -1.0,
                -1.8192844564168813e-8,
                0.0,
                -0.054291289299726489,
                -1.1944557343213095e-7,
                0.9985251426696776,
                0.0,
                0.0,
                0.0,
                0.0,
                1.0
            ],
            "name": "Hips"
        },
        {
            "children": [
                4
            ],
            "matrix": [
                0.9966273307800292,
                -1.3505181402449082e-13,
                -0.08206059783697128,
                0.0,
                -7.825902770264294e-8,
                1.0,
                -9.504588547315508e-7,
                0.0,
                0.08206059783697128,
                9.536752259009518e-7,
                0.9966273307800292,
                0.0,
                0.2268621176481247,
                0.0,
                0.0,
                1.0
            ],
            "name": "Tail1"
        },
        {
            "children": [
                5
            ],
            "matrix": [
                0.9987002015113832,
                3.596696237281178e-13,
                -0.0509699322283268,
                0.0,
                5.0969678255796689e-8,
                1.0,
                9.987022622226505e-7,
                0.0,
                0.0509699322283268,
                -0.0000010000020438383218,
                0.9987002015113832,
                0.0,
                0.29137101769447329,
                -2.5399820913207809e-8,
                7.266990564858135e-8,
                1.0
            ],
            "name": "Tail2"
        },
        {
            "children": [
                6
            ],
            "matrix": [
                0.9999424815177918,
                -1.7038169377973925e-13,
                -0.01072379108518362,
                0.0,
                -1.0226827384940409e-8,
                1.0,
                -9.536188940728608e-7,
                0.0,
                0.01072379108518362,
                9.536737479720614e-7,
                0.9999424815177918,
                0.0,
                0.2984119057655335,
                0.0,
                0.0,
                1.0
            ],
            "name": "Tail3"
        },
        {
            "children": [
                7
            ],
            "matrix": [
                0.9994953274726868,
                -1.9725891655785619e-13,
                -0.03176666423678398,
                0.0,
                1.2706645691196173e-7,
                1.0,
                0.000003997968633484561,
                0.0,
                0.03176666423678398,
                -0.000003999987711722497,
                0.9994953274726868,
                0.0,
                0.2879852056503296,
                -2.5400508363304657e-8,
                1.4534006709254758e-7,
                1.0
            ],
            "name": "Tail4"
        },
        {
            "children": [
                8
            ],
            "matrix": [
                0.998201847076416,
                1.036993434915326e-13,
                -0.05994207412004471,
                0.0,
                -2.286609230850445e-7,
                1.0,
                -0.0000038078371744632024,
                0.0,
                0.05994207412004471,
                0.0000038146965835039738,
                0.998201847076416,
                0.0,
                0.3093237280845642,
                -2.5399820913207809e-8,
                -2.422331846219095e-8,
                1.0
            ],
            "name": "Tail5"
        },
        {
            "children": [
                9
            ],
            "matrix": [
                0.9997249841690064,
                -8.526518927758424e-14,
                -0.02345186471939087,
                0.0,
                9.057407330658601e-14,
                1.0,
                2.253115364636918e-13,
                0.0,
                0.02345186471939087,
                -2.273737025482864e-13,
                0.9997249841690064,
                0.0,
                0.3168954849243164,
                2.5399465641839929e-8,
                -2.422331846219095e-8,
                1.0
            ],
            "name": "Tail6"
        },
        {
            "children": [
                10
            ],
            "matrix": [
                0.999652624130249,
                -1.2324688524519709e-13,
                0.026355085894465448,
                0.0,
                1.1119162773680359e-13,
                1.0,
                4.588821185015636e-13,
                0.0,
                -0.026355085894465448,
                -4.55792250730197e-13,
                0.999652624130249,
                0.0,
                0.3296158015727997,
                -2.5400508363304657e-8,
                -9.689338043017418e-8,
                1.0
            ],
            "name": "Tail7"
        },
        {
            "children": [
                11
            ],
            "matrix": [
                0.9999292492866516,
                -1.184322280002592e-13,
                0.011893950402736664,
                0.0,
                -9.515150622974035e-8,
                1.0,
                0.00000799943518359214,
                0.0,
                -0.011893950402736664,
                -0.000008000000889296644,
                0.9999292492866516,
                0.0,
                0.3445080518722534,
                -3.696182357577904e-13,
                -2.422331846219095e-8,
                1.0
            ],
            "name": "Tail8"
        },
        {
            "matrix": [
                0.9999998211860656,
                1.085862628112666e-13,
                0.0006251324084587395,
                0.0,
                6.855877199285487e-9,
                1.0,
                -0.00001096725191018777,
                0.0,
                -0.0006251324084587395,
                0.000010967253729177174,
                0.9999998211860656,
                0.0,
                0.28353461623191836,
                -9.240469446471918e-14,
                4.844669021508708e-8,
                1.0
            ],
            "name": "Tail9"
        },
        {
            "children": [
                13
            ],
            "matrix": [
                1.0,
                -0.0,
                0.0,
                0.0,
                0.0,
                3.995190525074577e-7,
                1.0,
                0.0,
                -0.0,
                -1.0,
                3.995190525074577e-7,
                0.0,
                0.0,
                0.0,
                0.0,
                1.0
            ],
            "name": "pm0087_00"
        },
        {
            "children": [
                14
            ],
            "name": "Origin"
        },
        {
            "children": [
                2,
                15
            ],
            "matrix": [
                -8.665650739203556e-7,
                0.2610947787761688,
                0.965313196182251,
                0.0,
                -1.0,
                -0.0000035799619126919426,
                7.059297502109986e-8,
                0.0,
                0.000003474215873211506,
                -0.965313196182251,
                0.2610947787761688,
                0.0,
                0.0,
                0.4025976061820984,
                0.8413901925086975,
                1.0
            ],
            "name": "Waist"
        },
        {
            "children": [
                16
            ],
            "name": "Spine1"
        },
        {
            "children": [
                17
            ],
            "matrix": [
                0.9722538590431212,
                1.4741057257130364e-21,
                -0.2339281588792801,
                0.0,
                -2.6594542472629765e-14,
                1.0,
                -1.1053241926340525e-13,
                0.0,
                0.2339281588792801,
                1.136867835115074e-13,
                0.9722538590431212,
                0.0,
                0.22230590879917146,
                2.5399923941904494e-8,
                -2.422331846219095e-8,
                1.0
            ],
            "name": "Spine2"
        },
        {
            "children": [
                25,
                21,
                18
            ],
            "matrix": [
                0.9200876951217653,
                -4.45325539139875e-14,
                -0.39171236753463747,
                0.0,
                -4.45325539139875e-14,
                1.0,
                -2.182887659692157e-13,
                0.0,
                0.39171236753463747,
                2.182887659692157e-13,
                0.9200876951217653,
                0.0,
                0.2640253901481629,
                -1.8480938892943836e-13,
                -4.844669021508708e-8,
                1.0
            ],
            "name": "Spine3"
        },
        {
            "children": [
                19
            ],
            "matrix": [
                -0.000003815992840827676,
                1.0,
                9.590616656396379e-8,
                0.0,
                -0.7850403189659119,
                -0.000003055116849282058,
                0.6194446682929993,
                0.0,
                0.6194446682929993,
                0.000002288506038894411,
                0.7850403189659119,
                0.0,
                0.1575690507888794,
                0.3407310843467713,
                0.004326044116169214,
                1.0
            ],
            "name": "RArm"
        },
        {
            "children": [
                20
            ],
            "matrix": [
                1.0,
                0.0,
                0.0,
                0.0,
                0.0,
                1.0,
                0.0,
                0.0,
                0.0,
                0.0,
                1.0,
                0.0,
                0.3162122070789337,
                0.0,
                0.0,
                1.0
            ],
            "name": "RForeArm"
        },
        {
            "matrix": [
                1.0,
                0.0,
                0.0,
                0.0,
                0.0,
                1.0,
                0.0,
                0.0,
                0.0,
                0.0,
                1.0,
                0.0,
                0.3149450123310089,
                0.0,
                -1.9378650506496346e-7,
                1.0
            ],
            "name": "RHand"
        },
        {
            "children": [
                22
            ],
            "matrix": [
                0.9921391010284424,
                3.54393868851749e-13,
                -0.12514005601406098,
                0.0,
                -3.250465760266941e-13,
                1.0,
                2.549341217728679e-13,
                0.0,
                0.12514005601406098,
                -2.122537714165096e-13,
                0.9921391010284424,
                0.0,
                0.23924489319324497,
                2.5400000325248585e-8,
                -1.4534006709254758e-7,
                1.0
            ],
            "name": "Neck1"
        },
        {
            "children": [
                23
            ],
            "matrix": [
                0.9912373423576356,
                4.612599907062587e-13,
                -0.13209281861782078,
                0.0,
                -4.292332006321231e-13,
                1.0,
                2.709307116762622e-13,
                0.0,
                0.13209281861782078,
                -2.118580105184981e-13,
                0.9912373423576356,
                0.0,
                0.17303594946861268,
                3.696182357577904e-13,
                -1.9378650506496346e-7,
                1.0
            ],
            "name": "Neck2"
        },
        {
            "children": [
                24
            ],
            "matrix": [
                0.9999712705612184,
                -5.612654463871219e-23,
                -0.007583916652947664,
                0.0,
                -4.3109564502984286e-16,
                1.0,
                -5.684177900502214e-14,
                0.0,
                0.007583916652947664,
                5.6843412084544439e-14,
                0.9999712705612184,
                0.0,
                0.1892033815383911,
                0.0,
                0.0,
                1.0
            ],
            "name": "Head"
        },
        {
            "matrix": [
                -0.07650279253721237,
                2.61451077676611e-7,
                0.9970693588256836,
                0.0,
                -0.0000024737996682233644,
                -1.0,
                7.241070676400342e-8,
                0.0,
                0.9970693588256836,
                -0.000002461010126353358,
                0.07650279253721237,
                0.0,
                0.10720255225896836,
                0.0,
                -0.025315605103969579,
                1.0
            ],
            "name": "Jaw"
        },
        {
            "children": [
                26
            ],
            "matrix": [
                -0.000004129344233660959,
                -1.0,
                7.185376915685994e-8,
                0.0,
                0.7850403189659119,
                -0.000003286211040176568,
                -0.6194446682929993,
                0.0,
                0.6194446682929993,
                -0.0000025014919629029466,
                0.7850403189659119,
                0.0,
                0.1575680822134018,
                -0.34073084592819216,
                0.004326188936829567,
                1.0
            ],
            "name": "LArm"
        },
        {
            "children": [
                27
            ],
            "matrix": [
                1.0,
                0.0,
                0.0,
                0.0,
                0.0,
                1.0,
                0.0,
                0.0,
                0.0,
                0.0,
                1.0,
                0.0,
                0.3162122070789337,
                -4.844669021508708e-8,
                0.0,
                1.0
            ],
            "name": "LForeArm"
        },
        {
            "matrix": [
                1.0,
                0.0,
                0.0,
                0.0,
                0.0,
                1.0,
                0.0,
                0.0,
                0.0,
                0.0,
                1.0,
                0.0,
                0.314942479133606,
                -4.844669021508708e-8,
                0.0,
                1.0
            ],
            "name": "LHand"
        }
    ],
    "meshes": [
        {
            "primitives": [
                {
                    "attributes": {
                        "JOINTS_0": 1,
                        "NORMAL": 2,
                        "POSITION": 3,
                        "TEXCOORD_0": 4,
                        "WEIGHTS_0": 5
                    },
                    "indices": 0,
                    "mode": 4,
                    "material": 0
                },
                {
                    "attributes": {
                        "JOINTS_0": 7,
                        "NORMAL": 8,
                        "POSITION": 9,
                        "TEXCOORD_0": 10,
                        "WEIGHTS_0": 11
                    },
                    "indices": 6,
                    "mode": 4,
                    "material": 1
                }
            ],
            "name": "Dewgong"
        }
    ],
    "skins": [
        {
            "inverseBindMatrices": 12,
            "skeleton": 2,
            "joints": [
                2,
                3,
                4,
                5,
                6,
                7,
                8,
                9,
                10,
                11,
                15,
                16,
                17,
                25,
                26,
                27,
                21,
                22,
                23,
                24,
                18,
                19,
                20
            ],
            "name": "geom-Dewgong-skin1"
        }
    ],
    "accessors": [
        {
            "bufferView": 0,
            "byteOffset": 0,
            "componentType": 5123,
            "count": 14592,
            "max": [
                2835
            ],
            "min": [
                0
            ],
            "type": "SCALAR"
        },
        {
            "bufferView": 1,
            "byteOffset": 0,
            "componentType": 5123,
            "count": 2836,
            "max": [
                21,
                22,
                22,
                22
            ],
            "min": [
                0,
                0,
                0,
                0
            ],
            "type": "VEC4"
        },
        {
            "bufferView": 2,
            "byteOffset": 0,
            "componentType": 5126,
            "count": 2836,
            "max": [
                0.999960482120514,
                0.9957075715065002,
                0.9999998211860656
            ],
            "min": [
                -0.999960482120514,
                -0.9985319972038268,
                -0.9999871253967284
            ],
            "type": "VEC3"
        },
        {
            "bufferView": 2,
            "byteOffset": 34032,
            "componentType": 5126,
            "count": 2836,
            "max": [
                1.3009015321731568,
                2.327124834060669,
                1.6260546445846558
            ],
            "min": [
                -1.3009015321731568,
                -2.0539863109588625,
                0.037560757249593738
            ],
            "type": "VEC3"
        },
        {
            "bufferView": 1,
            "byteOffset": 22688,
            "componentType": 5126,
            "count": 2836,
            "max": [
                1.0,
                0.9945709705352784
            ],
            "min": [
                0.0,
                0.00629502534866333
            ],
            "type": "VEC2"
        },
        {
            "bufferView": 3,
            "byteOffset": 0,
            "componentType": 5126,
            "count": 2836,
            "max": [
                1.0,
                0.9900000095367432,
                0.9700000286102296,
                0.8100000023841858
            ],
            "min": [
                0.009999998845160008,
                0.0,
                0.0,
                0.0
            ],
            "type": "VEC4"
        },
        {
            "bufferView": 0,
            "byteOffset": 29184,
            "componentType": 5123,
            "count": 192,
            "max": [
                49
            ],
            "min": [
                0
            ],
            "type": "SCALAR"
        },
        {
            "bufferView": 1,
            "byteOffset": 45376,
            "componentType": 5123,
            "count": 50,
            "max": [
                18,
                0,
                0,
                0
            ],
            "min": [
                18,
                0,
                0,
                0
            ],
            "type": "VEC4"
        },
        {
            "bufferView": 2,
            "byteOffset": 68064,
            "componentType": 5126,
            "count": 50,
            "max": [
                0.88145911693573,
                -0.23338930308818818,
                0.8722609281539917
            ],
            "min": [
                -0.8814594149589539,
                -0.9447895884513856,
                0.13269659876823426
            ],
            "type": "VEC3"
        },
        {
            "bufferView": 2,
            "byteOffset": 68664,
            "componentType": 5126,
            "count": 50,
            "max": [
                0.2335946559906006,
                -1.8125693798065184,
                1.356860399246216
            ],
            "min": [
                -0.2335943877696991,
                -1.9921855926513672,
                1.1749125719070437
            ],
            "type": "VEC3"
        },
        {
            "bufferView": 1,
            "byteOffset": 45776,
            "componentType": 5126,
            "count": 50,
            "max": [
                0.4943599998950958,
                -0.761430025100708
            ],
            "min": [
                0.0056409998796880249,
                -0.9765299558639526
            ],
            "type": "VEC2"
        },
        {
            "bufferView": 3,
            "byteOffset": 45376,
            "componentType": 5126,
            "count": 50,
            "max": [
                1.0,
                0.0,
                0.0,
                0.0
            ],
            "min": [
                1.0,
                0.0,
                0.0,
                0.0
            ],
            "type": "VEC4"
        },
        {
            "bufferView": 4,
            "byteOffset": 0,
            "componentType": 5126,
            "count": 23,
            "max": [
                1.0,
                1.0,
                0.000007991779966687318,
                0.0,
                0.9999461770057678,
                0.0000031292399853555259,
                0.04921463131904602,
                0.0,
                0.9200847744941713,
                0.9999998807907105,
                0.8874208927154541,
                0.0,
                35.70063018798828,
                27.88582038879395,
                11.51807975769043,
                1.0
            ],
            "min": [
                -1.0,
                -1.0,
                -0.0000029739001092821128,
                0.0,
                -0.9653130769729614,
                -0.0000031292599942389644,
                -0.9999998807907105,
                0.0,
                -0.46095961332321169,
                -0.9999998807907105,
                -0.9999461770057678,
                0.0,
                -72.46038818359375,
                -27.88578987121582,
                -71.50016784667969,
                1.0
            ],
            "type": "MAT4"
        }
    ],
    "materials": [
        {
            "pbrMetallicRoughness": {
                "baseColorFactor": [
                    1.0,
                    1.0,
                    1.0,
                    1.0
                ],
                "baseColorTexture": {
                    "index": 0
                },
                "metallicFactor": 0.0
            },
            "emissiveFactor": [
                0.0,
                0.0,
                0.0
            ],
            "occlusionTexture": {
                "index": 0
            },
            "name": "Body"
        },
        {
            "pbrMetallicRoughness": {
                "baseColorFactor": [
                    1.0,
                    1.0,
                    1.0,
                    1.0
                ],
                "baseColorTexture": {
                    "index": 1
                },
                "metallicFactor": 0.0
            },
            "emissiveFactor": [
                0.0,
                0.0,
                0.0
            ],
            "occlusionTexture": {
                "index": 1
            },
            "name": "Eye"
        }
    ],
    "textures": [
        {
            "sampler": 0,
            "source": 0
        },
        {
            "sampler": 0,
            "source": 1
        }
    ],
    "images": [
        {
            "uri": "pm0087_00_Body1.png"
        },
        {
            "uri": "pm0087_00_Eye1.png"
        }
    ],
    "samplers": [
        {
            "magFilter": 9729,
            "minFilter": 9986,
            "wrapS": 10497,
            "wrapT": 10497
        }
    ],
    "bufferViews": [
        {
            "buffer": 0,
            "byteOffset": 163088,
            "byteLength": 29568,
            "target": 34963
        },
        {
            "buffer": 0,
            "byteOffset": 116912,
            "byteLength": 46176,
            "byteStride": 8,
            "target": 34962
        },
        {
            "buffer": 0,
            "byteOffset": 47648,
            "byteLength": 69264,
            "byteStride": 12,
            "target": 34962
        },
        {
            "buffer": 0,
            "byteOffset": 1472,
            "byteLength": 46176,
            "byteStride": 16,
            "target": 34962
        },
        {
            "buffer": 0,
            "byteOffset": 0,
            "byteLength": 1472
        }
    ],
    "buffers": [
        {
            "byteLength": 192656,
            "uri": "Dewgong_OpenCollada0.bin"
        }
    ]
}
