{
    "asset": {
        "generator": "COLLADA2GLTF",
        "version": "2.0"
    },
    "scenes": [
        {
            "nodes": [
                0
            ]
        }
    ],
    "scene": 0,
    "nodes": [
        {
            "children": [
                40,
                1
            ],
            "matrix": [
                1.0,
                0.0,
                0.0,
                0.0,
                0.0,
                0.0,
                -1.0,
                0.0,
                0.0,
                1.0,
                0.0,
                0.0,
                0.0,
                0.0,
                0.0,
                1.0
            ],
            "name": "Z_UP"
        },
        {
            "mesh": 0,
            "skin": 0,
            "name": "DoduoM"
        },
        {
            "children": [
                17,
                10,
                3
            ],
            "matrix": [
                -0.000003728380534084863,
                1.0,
                0.0,
                0.0,
                -1.0,
                -0.000003728380534084863,
                -0.0,
                0.0,
                0.0,
                0.0,
                1.0,
                0.0,
                0.0,
                1.698213577270508,
                -0.06493230909109116,
                1.0
            ],
            "name": "Waist"
        },
        {
            "children": [
                4
            ],
            "matrix": [
                1.0,
                0.0,
                0.0,
                0.0,
                0.0,
                1.0,
                0.0,
                0.0,
                0.0,
                0.0,
                1.0,
                0.0,
                0.4508243203163147,
                0.234591081738472,
                0.06644716113805771,
                1.0
            ],
            "name": "RNeck1"
        },
        {
            "children": [
                5
            ],
            "matrix": [
                1.0,
                0.0,
                0.0,
                0.0,
                0.0,
                1.0,
                0.0,
                0.0,
                0.0,
                0.0,
                1.0,
                0.0,
                0.3378481864929199,
                4.844669021508708e-8,
                -1.89244730997018e-10,
                1.0
            ],
            "name": "RNeck2"
        },
        {
            "children": [
                6
            ],
            "matrix": [
                1.0,
                0.0,
                0.0,
                0.0,
                0.0,
                1.0,
                0.0,
                0.0,
                0.0,
                0.0,
                1.0,
                0.0,
                0.26975053548812868,
                -4.844669021508708e-8,
                -1.0162438002225829e-7,
                1.0
            ],
            "name": "RNeck3"
        },
        {
            "children": [
                8,
                7
            ],
            "matrix": [
                1.0,
                0.0,
                0.0,
                0.0,
                0.0,
                1.0,
                0.0,
                0.0,
                0.0,
                0.0,
                1.0,
                0.0,
                0.254609614610672,
                4.844669021508708e-8,
                -5.081219001112913e-8,
                1.0
            ],
            "name": "RHead"
        },
        {
            "matrix": [
                -0.03877657279372215,
                1.794929005427548e-7,
                0.999247908592224,
                0.0,
                -0.0000025074016321013916,
                -1.0,
                8.232637327409975e-8,
                0.0,
                0.999247908592224,
                -0.0000025023234684340425,
                0.03877657279372215,
                0.0,
                0.2565648853778839,
                0.0043176873587071899,
                0.3085744380950928,
                1.0
            ],
            "name": "RUpperBeak"
        },
        {
            "children": [
                9
            ],
            "matrix": [
                -0.028082793578505517,
                -3.85326842433642e-7,
                0.9996055960655212,
                0.0,
                -0.000003058355332541396,
                -1.0,
                -4.713999146588322e-7,
                0.0,
                0.9996055960655212,
                -0.000003070387492698501,
                0.028082793578505517,
                0.0,
                0.1936749964952469,
                0.0038096748758107425,
                0.30831536650657656,
                1.0
            ],
            "name": "RLowerBeak"
        },
        {
            "matrix": [
                1.0,
                0.0,
                0.0,
                0.0,
                0.0,
                1.0,
                0.0,
                0.0,
                0.0,
                0.0,
                1.0,
                0.0,
                0.005493268370628357,
                -0.00003558407843229361,
                0.02388729900121689,
                1.0
            ],
            "name": "RTongue"
        },
        {
            "children": [
                11
            ],
            "matrix": [
                1.0,
                0.0,
                0.0,
                0.0,
                0.0,
                1.0,
                0.0,
                0.0,
                0.0,
                0.0,
                1.0,
                0.0,
                0.4508243203163147,
                -0.234591081738472,
                0.06644716113805771,
                1.0
            ],
            "name": "LNeck1"
        },
        {
            "children": [
                12
            ],
            "matrix": [
                1.0,
                0.0,
                0.0,
                0.0,
                0.0,
                1.0,
                0.0,
                0.0,
                0.0,
                0.0,
                1.0,
                0.0,
                0.3378481864929199,
                4.844669021508708e-8,
                -1.89244730997018e-10,
                1.0
            ],
            "name": "LNeck2"
        },
        {
            "children": [
                13
            ],
            "matrix": [
                1.0,
                0.0,
                0.0,
                0.0,
                0.0,
                1.0,
                0.0,
                0.0,
                0.0,
                0.0,
                1.0,
                0.0,
                0.2697429060935974,
                0.0,
                -1.0162438002225829e-7,
                1.0
            ],
            "name": "LNeck3"
        },
        {
            "children": [
                15,
                14
            ],
            "matrix": [
                1.0,
                0.0,
                0.0,
                0.0,
                0.0,
                1.0,
                0.0,
                0.0,
                0.0,
                0.0,
                1.0,
                0.0,
                0.2546146810054779,
                4.844669021508708e-8,
                -5.081219001112913e-8,
                1.0
            ],
            "name": "LHead"
        },
        {
            "matrix": [
                -0.03877657279372215,
                -5.232929538578901e-7,
                0.999247908592224,
                0.0,
                0.000002163860472137458,
                -1.0,
                -4.397165866976138e-7,
                0.0,
                0.999247908592224,
                0.000002145182406820823,
                0.03877657279372215,
                0.0,
                0.2565752863883972,
                -0.004317906219512224,
                0.3085744380950928,
                1.0
            ],
            "name": "LUpperBeak"
        },
        {
            "children": [
                16
            ],
            "matrix": [
                -0.028082793578505517,
                -3.1938412803356189e-8,
                0.9996055960655212,
                0.0,
                0.000002641347691678675,
                -1.0,
                4.2254676202446726e-8,
                0.0,
                0.9996055960655212,
                0.0000026414925287099324,
                0.028082793578505517,
                0.0,
                0.19368429481983186,
                -0.0038098932709544899,
                0.30831536650657656,
                1.0
            ],
            "name": "LLowerBeak"
        },
        {
            "matrix": [
                1.0,
                0.0,
                0.0,
                0.0,
                0.0,
                1.0,
                0.0,
                0.0,
                0.0,
                0.0,
                1.0,
                0.0,
                0.005493367090821266,
                0.000035608285543276,
                0.023869667202234269,
                1.0
            ],
            "name": "LTongue"
        },
        {
            "children": [
                29,
                18
            ],
            "matrix": [
                -1.0,
                -0.0000018643025896381005,
                0.0,
                0.0,
                0.0000018643025896381005,
                -1.0,
                0.0,
                0.0,
                0.0,
                0.0,
                1.0,
                0.0,
                0.0,
                0.0,
                0.0,
                1.0
            ],
            "name": "Hips"
        },
        {
            "children": [
                19
            ],
            "matrix": [
                0.999972939491272,
                0.007355936337262392,
                0.0,
                0.0,
                -0.007355936337262392,
                0.999972939491272,
                0.0,
                0.0,
                0.0,
                0.0,
                1.0,
                0.0,
                0.1681901067495346,
                -0.14590239524841309,
                -0.03918661177158356,
                1.0
            ],
            "name": "RThigh"
        },
        {
            "children": [
                20
            ],
            "matrix": [
                1.0,
                0.0,
                0.0,
                0.0,
                0.0,
                1.0,
                0.0,
                0.0,
                0.0,
                0.0,
                1.0,
                0.0,
                0.7013168931007385,
                -4.844669021508708e-8,
                -2.422331846219095e-8,
                1.0
            ],
            "name": "RLeg"
        },
        {
            "children": [
                27,
                25,
                23,
                21
            ],
            "matrix": [
                4.997325504518813e-7,
                -1.8394883394279303e-9,
                1.0,
                0.0,
                0.007361791562289,
                0.9999728798866272,
                -1.8394883394279303e-9,
                0.0,
                -0.9999728798866272,
                0.007361791562289,
                4.997325504518813e-7,
                0.0,
                0.6364988088607788,
                4.844669021508708e-8,
                0.0,
                1.0
            ],
            "name": "RFoot"
        },
        {
            "children": [
                22
            ],
            "matrix": [
                0.20579969882965089,
                -0.9676183462142944,
                -0.14615459740161897,
                0.0,
                0.9785941243171692,
                0.20349061489105225,
                0.030742308124899865,
                0.0,
                -0.000005734154910896905,
                -0.1493527889251709,
                0.9887839555740356,
                0.0,
                -0.000998219009488821,
                -0.17049701511859897,
                -0.10823854804039002,
                1.0
            ],
            "name": "RToeD1"
        },
        {
            "matrix": [
                0.9733855724334716,
                0.21977432072162629,
                -0.06496021151542664,
                0.0,
                -0.21928653120994569,
                0.9755507707595824,
                0.014634495601058008,
                0.0,
                0.06658827513456345,
                -1.061083239051186e-7,
                0.9977805614471436,
                0.0,
                0.18731951713562013,
                -4.117974867767771e-7,
                3.996842679043766e-7,
                1.0
            ],
            "name": "RToeD2"
        },
        {
            "children": [
                24
            ],
            "matrix": [
                0.905690610408783,
                -0.4238031208515167,
                0.010742940939962864,
                0.0,
                0.4239392578601837,
                0.9054000973701476,
                -0.02293778397142887,
                0.0,
                -0.000005555058578465832,
                0.02532888948917389,
                0.999679148197174,
                0.0,
                0.12876684963703156,
                -0.1441953331232071,
                -0.12588316202163697,
                1.0
            ],
            "name": "RToeC1"
        },
        {
            "matrix": [
                0.9795264005661012,
                0.010299095883965493,
                -0.2010522186756134,
                0.0,
                -0.01008875761181116,
                0.99994695186615,
                0.002070830902084708,
                0.0,
                0.201062873005867,
                -6.639116634232779e-8,
                0.9795783162117004,
                0.0,
                0.2670987844467163,
                -6.782536843275011e-7,
                -1.0294924379650185e-7,
                1.0
            ],
            "name": "RToeC2"
        },
        {
            "children": [
                26
            ],
            "matrix": [
                0.9142432808876038,
                0.4051656723022461,
                0.000008106220775516704,
                0.0,
                -0.4051656723022461,
                0.9142432808876038,
                0.0000029999998787388906,
                0.0,
                -0.0000061955606724950489,
                -0.000006027091785654193,
                1.0,
                0.0,
                0.13772031664848329,
                0.04263819009065628,
                -0.11987050622701644,
                1.0
            ],
            "name": "RToeB1"
        },
        {
            "matrix": [
                0.9885282516479492,
                0.0021371953189373018,
                -0.15102092921733857,
                0.0,
                -0.0021126081701368099,
                0.9999977350234984,
                0.00032324992935173213,
                0.0,
                0.15102128684520722,
                -4.936250661558006e-7,
                0.9885305166244508,
                0.0,
                0.25007393956184389,
                -1.09004858472872e-7,
                -2.422331846219095e-8,
                1.0
            ],
            "name": "RToeB2"
        },
        {
            "children": [
                28
            ],
            "matrix": [
                0.3066345453262329,
                0.9063792824745178,
                -0.29060596227645876,
                0.0,
                -0.951827347278595,
                0.2919921576976776,
                -0.0936233326792717,
                0.0,
                -0.000003591086169763003,
                0.305314838886261,
                0.952251434326172,
                0.0,
                -0.010553679428994656,
                0.090436190366745,
                -0.09753549098968506,
                1.0
            ],
            "name": "RToeA1"
        },
        {
            "matrix": [
                0.988490879535675,
                -0.1078973338007927,
                0.1060372069478035,
                0.0,
                0.10728182643651962,
                0.9941620230674744,
                0.011508460156619549,
                0.0,
                -0.106659896671772,
                -1.423105118192325e-7,
                0.9942955374717712,
                0.0,
                0.16511574387550358,
                -1.2111659231095473e-8,
                6.055842494134822e-9,
                1.0
            ],
            "name": "RToeA2"
        },
        {
            "children": [
                30
            ],
            "matrix": [
                0.999972939491272,
                -0.007357054855674505,
                -6.125984845257731e-19,
                0.0,
                0.007357054855674505,
                0.999972939491272,
                1.6653136258118495e-16,
                0.0,
                -6.125984845257731e-19,
                -1.6653136258118495e-16,
                1.0,
                0.0,
                0.1681891530752182,
                0.1459024548530579,
                -0.03918661177158356,
                1.0
            ],
            "name": "LThigh"
        },
        {
            "children": [
                31
            ],
            "matrix": [
                1.0,
                0.0,
                0.0,
                0.0,
                0.0,
                1.0,
                0.0,
                0.0,
                0.0,
                0.0,
                1.0,
                0.0,
                0.7013193964958191,
                -3.6334952824290677e-8,
                2.422331846219095e-8,
                1.0
            ],
            "name": "LLeg"
        },
        {
            "children": [
                38,
                36,
                34,
                32
            ],
            "matrix": [
                4.597892200308707e-7,
                1.689962503270692e-9,
                1.0,
                0.0,
                -0.007350932341068983,
                0.9999729990959168,
                1.689962503270692e-9,
                0.0,
                -0.9999729990959168,
                -0.007350932341068983,
                4.597892200308707e-7,
                0.0,
                0.6364960670471191,
                2.422331846219095e-8,
                -2.422331846219095e-8,
                1.0
            ],
            "name": "LFoot"
        },
        {
            "children": [
                33
            ],
            "matrix": [
                0.20580512285232545,
                0.967619001865387,
                -0.1461427211761475,
                0.0,
                -0.9785929918289184,
                0.20349641144275666,
                -0.03074021451175213,
                0.0,
                -0.000005298629730532412,
                0.14934073388576508,
                0.9887858033180236,
                0.0,
                -0.000998146366328001,
                0.17049802839756013,
                -0.10823854804039002,
                1.0
            ],
            "name": "LToeD1"
        },
        {
            "matrix": [
                0.9733855128288268,
                -0.21977448463439945,
                -0.06496024131774903,
                0.0,
                0.2192866951227188,
                0.9755507111549376,
                -0.014634574763476849,
                0.0,
                0.06658831238746643,
                1.664862310235549e-7,
                0.9977805614471436,
                0.0,
                0.1873179376125336,
                2.422331846219095e-8,
                0.0,
                1.0
            ],
            "name": "LToeD2"
        },
        {
            "children": [
                35
            ],
            "matrix": [
                0.90569269657135,
                0.4237985908985138,
                0.010748653672635556,
                0.0,
                -0.4239348769187927,
                0.905401885509491,
                0.022947659716010098,
                0.0,
                -0.000006665491582680261,
                -0.02534025721251965,
                0.999678909778595,
                0.0,
                0.1287670731544495,
                0.14419549703598026,
                -0.12588316202163697,
                1.0
            ],
            "name": "LToeC1"
        },
        {
            "matrix": [
                0.9795264005661012,
                -0.010298889130353928,
                -0.2010522186756134,
                0.0,
                0.010088583454489708,
                0.99994695186615,
                -0.002070653717964888,
                0.0,
                0.2010628879070282,
                -7.210723396156028e-8,
                0.9795783162117004,
                0.0,
                0.2670990228652954,
                9.689338043017418e-8,
                -1.2111659231095473e-8,
                1.0
            ],
            "name": "LToeC2"
        },
        {
            "children": [
                37
            ],
            "matrix": [
                0.914240837097168,
                -0.4051712453365326,
                0.0000028610277240659345,
                0.0,
                0.4051712453365326,
                0.914240837097168,
                0.000008000009984243662,
                0.0,
                -0.000005857042197021656,
                -0.000006154729362606304,
                1.0,
                0.0,
                0.13772031664848329,
                -0.04263824224472046,
                -0.11987044662237168,
                1.0
            ],
            "name": "LToeB1"
        },
        {
            "matrix": [
                0.9885282516479492,
                -0.0021371813490986826,
                -0.15102095901966096,
                0.0,
                0.0021125772036612036,
                0.9999977350234984,
                -0.0003233598836231977,
                0.0,
                0.1510213017463684,
                6.069434448363609e-7,
                0.9885305166244508,
                0.0,
                0.25007376074790957,
                -5.4502557134128447e-8,
                1.2111659231095473e-8,
                1.0
            ],
            "name": "LToeB2"
        },
        {
            "children": [
                39
            ],
            "matrix": [
                0.30663010478019717,
                -0.906377136707306,
                -0.2906173467636109,
                0.0,
                0.9518287777900696,
                0.291986346244812,
                0.09362685680389404,
                0.0,
                -0.000004946678927808534,
                -0.30532675981521609,
                0.9522476196289064,
                0.0,
                -0.01055364403873682,
                -0.090436190366745,
                -0.09753546118736269,
                1.0
            ],
            "name": "LToeA1"
        },
        {
            "matrix": [
                0.9884909391403198,
                0.10789714753627776,
                0.1060371994972229,
                0.0,
                -0.1072816550731659,
                0.9941620826721193,
                -0.011508279480040074,
                0.0,
                -0.1066598743200302,
                -1.634478863365985e-8,
                0.9942955374717712,
                0.0,
                0.16511574387550358,
                -4.2390823296045719e-8,
                -4.2390823296045719e-8,
                1.0
            ],
            "name": "LToeA2"
        },
        {
            "children": [
                41
            ],
            "matrix": [
                1.0,
                -0.0,
                0.0,
                0.0,
                0.0,
                3.995190525074577e-7,
                1.0,
                0.0,
                -0.0,
                -1.0,
                3.995190525074577e-7,
                0.0,
                0.0,
                0.0,
                0.0,
                1.0
            ],
            "name": "pm0084_00_dodo"
        },
        {
            "children": [
                2
            ],
            "name": "Origin"
        }
    ],
    "meshes": [
        {
            "primitives": [
                {
                    "attributes": {
                        "JOINTS_0": 1,
                        "NORMAL": 2,
                        "POSITION": 3,
                        "TEXCOORD_0": 4,
                        "WEIGHTS_0": 5
                    },
                    "indices": 0,
                    "mode": 4,
                    "material": 0
                },
                {
                    "attributes": {
                        "JOINTS_0": 7,
                        "NORMAL": 8,
                        "POSITION": 9,
                        "TEXCOORD_0": 10,
                        "WEIGHTS_0": 11
                    },
                    "indices": 6,
                    "mode": 4,
                    "material": 1
                },
                {
                    "attributes": {
                        "JOINTS_0": 13,
                        "NORMAL": 14,
                        "POSITION": 15,
                        "TEXCOORD_0": 16,
                        "WEIGHTS_0": 17
                    },
                    "indices": 12,
                    "mode": 4,
                    "material": 2
                },
                {
                    "attributes": {
                        "JOINTS_0": 19,
                        "NORMAL": 20,
                        "POSITION": 21,
                        "TEXCOORD_0": 22,
                        "WEIGHTS_0": 23
                    },
                    "indices": 18,
                    "mode": 4,
                    "material": 3
                }
            ],
            "name": "DoduoM"
        }
    ],
    "skins": [
        {
            "inverseBindMatrices": 24,
            "skeleton": 2,
            "joints": [
                2,
                29,
                30,
                31,
                38,
                39,
                36,
                37,
                34,
                35,
                32,
                33,
                18,
                19,
                20,
                27,
                28,
                25,
                26,
                23,
                24,
                21,
                22,
                10,
                11,
                12,
                13,
                15,
                16,
                14,
                3,
                4,
                5,
                6,
                8,
                9,
                7
            ],
            "name": "geom-DoduoM-skin1"
        }
    ],
    "accessors": [
        {
            "bufferView": 0,
            "byteOffset": 0,
            "componentType": 5123,
            "count": 7644,
            "max": [
                1735
            ],
            "min": [
                0
            ],
            "type": "SCALAR"
        },
        {
            "bufferView": 1,
            "byteOffset": 0,
            "componentType": 5123,
            "count": 1736,
            "max": [
                36,
                36,
                36,
                0
            ],
            "min": [
                1,
                0,
                0,
                0
            ],
            "type": "VEC4"
        },
        {
            "bufferView": 2,
            "byteOffset": 0,
            "componentType": 5126,
            "count": 1736,
            "max": [
                1.0,
                1.0,
                0.9999971985816956
            ],
            "min": [
                -1.0,
                -1.0,
                -0.9999979734420776
            ],
            "type": "VEC3"
        },
        {
            "bufferView": 2,
            "byteOffset": 20832,
            "componentType": 5126,
            "count": 1736,
            "max": [
                0.6670293807983398,
                0.20766304433345796,
                3.3249361515045168
            ],
            "min": [
                -0.6670293807983398,
                -1.1172571182250977,
                -0.0294116772711277
            ],
            "type": "VEC3"
        },
        {
            "bufferView": 1,
            "byteOffset": 13888,
            "componentType": 5126,
            "count": 1736,
            "max": [
                0.9921879768371582,
                0.992251992225647
            ],
            "min": [
                0.007813000120222569,
                0.007812023162841797
            ],
            "type": "VEC2"
        },
        {
            "bufferView": 3,
            "byteOffset": 0,
            "componentType": 5126,
            "count": 1736,
            "max": [
                1.0,
                0.9900000095367432,
                0.5,
                0.0
            ],
            "min": [
                0.009999999776482582,
                0.0,
                0.0,
                0.0
            ],
            "type": "VEC4"
        },
        {
            "bufferView": 0,
            "byteOffset": 15288,
            "componentType": 5123,
            "count": 240,
            "max": [
                57
            ],
            "min": [
                0
            ],
            "type": "SCALAR"
        },
        {
            "bufferView": 1,
            "byteOffset": 27776,
            "componentType": 5123,
            "count": 58,
            "max": [
                26,
                29,
                0,
                0
            ],
            "min": [
                26,
                0,
                0,
                0
            ],
            "type": "VEC4"
        },
        {
            "bufferView": 2,
            "byteOffset": 41664,
            "componentType": 5126,
            "count": 58,
            "max": [
                0.9303597211837769,
                -0.2581728100776673,
                0.4552997946739197
            ],
            "min": [
                -0.9529988169670104,
                -0.9751058220863342,
                -0.29078230261802676
            ],
            "type": "VEC3"
        },
        {
            "bufferView": 2,
            "byteOffset": 42360,
            "componentType": 5126,
            "count": 58,
            "max": [
                0.5261406302452087,
                -0.17313477396965028,
                3.501897811889649
            ],
            "min": [
                -0.04757572337985039,
                -0.3563112020492554,
                3.186201333999634
            ],
            "type": "VEC3"
        },
        {
            "bufferView": 1,
            "byteOffset": 28240,
            "componentType": 5126,
            "count": 58,
            "max": [
                0.49441999197006228,
                -0.772879958152771
            ],
            "min": [
                0.25558000802993777,
                -0.9829100370407105
            ],
            "type": "VEC2"
        },
        {
            "bufferView": 3,
            "byteOffset": 27776,
            "componentType": 5126,
            "count": 58,
            "max": [
                1.0,
                0.30000001192092898,
                0.0,
                0.0
            ],
            "min": [
                0.699999988079071,
                0.0,
                0.0,
                0.0
            ],
            "type": "VEC4"
        },
        {
            "bufferView": 0,
            "byteOffset": 15768,
            "componentType": 5123,
            "count": 8388,
            "max": [
                1604
            ],
            "min": [
                0
            ],
            "type": "SCALAR"
        },
        {
            "bufferView": 1,
            "byteOffset": 28704,
            "componentType": 5123,
            "count": 1605,
            "max": [
                33,
                36,
                31,
                0
            ],
            "min": [
                0,
                0,
                0,
                0
            ],
            "type": "VEC4"
        },
        {
            "bufferView": 2,
            "byteOffset": 43056,
            "componentType": 5126,
            "count": 1605,
            "max": [
                0.9979599118232728,
                0.999098002910614,
                0.999890387058258
            ],
            "min": [
                -0.9979599118232728,
                -0.9993683099746704,
                -0.9988024234771729
            ],
            "type": "VEC3"
        },
        {
            "bufferView": 2,
            "byteOffset": 62316,
            "componentType": 5126,
            "count": 1605,
            "max": [
                0.6097930669784546,
                0.6663410663604736,
                3.680180788040161
            ],
            "min": [
                -0.6097930669784546,
                -0.5349494218826294,
                1.0899215936660769
            ],
            "type": "VEC3"
        },
        {
            "bufferView": 1,
            "byteOffset": 41544,
            "componentType": 5126,
            "count": 1605,
            "max": [
                0.9919940233230592,
                0.9888749718666076
            ],
            "min": [
                0.008005999960005284,
                0.010519981384277344
            ],
            "type": "VEC2"
        },
        {
            "bufferView": 3,
            "byteOffset": 28704,
            "componentType": 5126,
            "count": 1605,
            "max": [
                1.0,
                0.949999988079071,
                0.03999999910593033,
                0.0
            ],
            "min": [
                0.05000000074505806,
                0.0,
                0.0,
                0.0
            ],
            "type": "VEC4"
        },
        {
            "bufferView": 0,
            "byteOffset": 32544,
            "componentType": 5123,
            "count": 240,
            "max": [
                57
            ],
            "min": [
                0
            ],
            "type": "SCALAR"
        },
        {
            "bufferView": 1,
            "byteOffset": 54384,
            "componentType": 5123,
            "count": 58,
            "max": [
                33,
                36,
                0,
                0
            ],
            "min": [
                33,
                0,
                0,
                0
            ],
            "type": "VEC4"
        },
        {
            "bufferView": 2,
            "byteOffset": 81576,
            "componentType": 5126,
            "count": 58,
            "max": [
                0.9529988169670104,
                -0.2581728100776673,
                0.4552997946739197
            ],
            "min": [
                -0.9303597211837769,
                -0.9751058220863342,
                -0.29078200459480288
            ],
            "type": "VEC3"
        },
        {
            "bufferView": 2,
            "byteOffset": 82272,
            "componentType": 5126,
            "count": 58,
            "max": [
                0.04757572337985039,
                -0.17313477396965028,
                3.501897811889649
            ],
            "min": [
                -0.5261406302452087,
                -0.3563112020492554,
                3.186201333999634
            ],
            "type": "VEC3"
        },
        {
            "bufferView": 1,
            "byteOffset": 54848,
            "componentType": 5126,
            "count": 58,
            "max": [
                0.24442100524902345,
                -0.772879958152771
            ],
            "min": [
                0.005578999873250723,
                -0.9829100370407105
            ],
            "type": "VEC2"
        },
        {
            "bufferView": 3,
            "byteOffset": 54384,
            "componentType": 5126,
            "count": 58,
            "max": [
                1.0,
                0.30000001192092898,
                0.0,
                0.0
            ],
            "min": [
                0.699999988079071,
                0.0,
                0.0,
                0.0
            ],
            "type": "VEC4"
        },
        {
            "bufferView": 4,
            "byteOffset": 0,
            "componentType": 5126,
            "count": 37,
            "max": [
                0.967619001865387,
                1.0,
                0.305314302444458,
                0.0,
                3.139159900911182e-7,
                0.978593111038208,
                0.032710131257772449,
                0.0,
                1.0,
                0.11329949647188188,
                1.0,
                0.0,
                60.2778205871582,
                10.05858039855957,
                4.099171161651611,
                1.0
            ],
            "min": [
                -0.9676182866096496,
                -1.0,
                -0.305326908826828,
                0.0,
                -1.0,
                -0.9785943031311036,
                -1.0,
                0.0,
                -0.9999731183052064,
                -0.1132943034172058,
                3.139159900911182e-7,
                0.0,
                -118.5530014038086,
                -10.058919906616213,
                -129.03089904785157,
                1.0
            ],
            "type": "MAT4"
        }
    ],
    "materials": [
        {
            "pbrMetallicRoughness": {
                "baseColorFactor": [
                    1.0,
                    1.0,
                    1.0,
                    1.0
                ],
                "baseColorTexture": {
                    "index": 0
                },
                "metallicFactor": 0.0
            },
            "emissiveFactor": [
                0.0,
                0.0,
                0.0
            ],
            "occlusionTexture": {
                "index": 0
            },
            "name": "Body"
        },
        {
            "pbrMetallicRoughness": {
                "baseColorFactor": [
                    1.0,
                    1.0,
                    1.0,
                    1.0
                ],
                "baseColorTexture": {
                    "index": 1
                },
                "metallicFactor": 0.0
            },
            "emissiveFactor": [
                0.0,
                0.0,
                0.0
            ],
            "occlusionTexture": {
                "index": 1
            },
            "name": "EyeA"
        },
        {
            "pbrMetallicRoughness": {
                "baseColorFactor": [
                    1.0,
                    1.0,
                    1.0,
                    1.0
                ],
                "baseColorTexture": {
                    "index": 2
                },
                "metallicFactor": 0.0
            },
            "emissiveFactor": [
                0.0,
                0.0,
                0.0
            ],
            "occlusionTexture": {
                "index": 2
            },
            "name": "BodyFur"
        },
        {
            "pbrMetallicRoughness": {
                "baseColorFactor": [
                    1.0,
                    1.0,
                    1.0,
                    1.0
                ],
