{
    "asset": {
        "generator": "COLLADA2GLTF",
        "version": "2.0"
    },
    "scenes": [
        {
            "nodes": [
                0
            ]
        }
    ],
    "scene": 0,
    "nodes": [
        {
            "children": [
                20,
                1
            ],
            "matrix": [
                1.0,
                0.0,
                0.0,
                0.0,
                0.0,
                0.0,
                -1.0,
                0.0,
                0.0,
                1.0,
                0.0,
                0.0,
                0.0,
                0.0,
                0.0,
                1.0
            ],
            "name": "Z_UP"
        },
        {
            "children": [
                2
            ],
            "matrix": [
                1.0,
                0.0,
                0.0,
                0.0,
                0.0,
                4.4896641959724089e-11,
                1.0,
                0.0,
                0.0,
                -1.0,
                4.4896641959724089e-11,
                0.0,
                0.0,
                0.0,
                0.0,
                1.0
            ],
            "name": "pm0010_00"
        },
        {
            "children": [
                3
            ],
            "name": "Origin"
        },
        {
            "children": [
                8,
                4
            ],
            "matrix": [
                -0.0000035969999316876057,
                0.990879237651825,
                0.13475283980369569,
                0.0,
                -1.0,
                -0.0000035969999316876057,
                -2.434632619952027e-7,
                0.0,
                2.434632619952027e-7,
                -0.13475283980369569,
                0.990879237651825,
                0.0,
                0.0,
                -0.04687315970659256,
                -0.03369944915175438,
                1.0
            ],
            "name": "Waist"
        },
        {
            "children": [
                5
            ],
            "matrix": [
                -1.0,
                -8.979318677493353e-11,
                0.0,
                0.0,
                8.979318677493353e-11,
                -1.0,
                0.0,
                0.0,
                0.0,
                0.0,
                1.0,
                0.0,
                0.0,
                0.0,
                0.0,
                1.0
            ],
            "name": "Hips"
        },
        {
            "children": [
                6
            ],
            "matrix": [
                1.0,
                0.0,
                0.0,
                0.0,
                0.0,
                1.0,
                0.0,
                0.0,
                0.0,
                0.0,
                1.0,
                0.0,
                0.08594191074371338,
                0.0,
                0.0,
                1.0
            ],
            "name": "Tail1"
        },
        {
            "children": [
                7
            ],
            "matrix": [
                0.9945327639579772,
                0.0,
                -0.10442518442869188,
                0.0,
                0.0,
                1.0,
                0.0,
                0.0,
                0.10442518442869188,
                0.0,
                0.9945327639579772,
                0.0,
                0.07932191342115402,
                0.0,
                0.0,
                1.0
            ],
            "name": "Tail2"
        },
        {
            "matrix": [
                0.982258141040802,
                0.0,
                -0.187533900141716,
                0.0,
                0.0,
                1.0,
                0.0,
                0.0,
                0.187533900141716,
                0.0,
                0.982258141040802,
                0.0,
                0.0721370130777359,
                0.0,
                0.0,
                1.0
            ],
            "name": "Tail3"
        },
        {
            "children": [
                16,
                9
            ],
            "name": "Spine1"
        },
        {
            "children": [
                12,
                10
            ],
            "matrix": [
                0.9978004097938538,
                0.0,
                -0.06628940254449845,
                0.0,
                0.0,
                1.0,
                0.0,
                0.0,
                0.06628940254449845,
                0.0,
                0.9978004097938538,
                0.0,
                0.09701377153396608,
                0.0,
                0.0,
                1.0
            ],
            "name": "Spine2"
        },
        {
            "children": [
                11
            ],
            "matrix": [
                0.954922080039978,
                0.0,
                0.2968565821647644,
                0.0,
                0.0,
                1.0,
                0.0,
                0.0,
                -0.2968565821647644,
                0.0,
                0.954922080039978,
                0.0,
                0.1355026364326477,
                0.0,
                0.0,
                1.0
            ],
            "name": "Head"
        },
        {
            "matrix": [
                -0.3760839998722077,
                -7.44819206310865e-11,
                0.9265855550765992,
                0.0,
                7.44819206310865e-11,
                -1.0,
                -5.0152368369360548e-11,
                0.0,
                0.9265855550765992,
                5.0152368369360548e-11,
                0.3760839998722077,
                0.0,
                0.05847663804888725,
                0.0,
                0.07987639307975769,
                1.0
            ],
            "name": "Nose"
        },
        {
            "children": [
                13
            ],
            "matrix": [
                -0.10994220525026322,
                -0.0000013342762485990534,
                0.9939379692077636,
                0.0,
                -0.0000013341425528778928,
                -1.0,
                -0.0000014899871985107894,
                0.0,
                0.9939379692077636,
                -0.0000014898673725838308,
                0.10994220525026322,
                0.0,
                0.0690966323018074,
                0.0,
                -0.03898137807846069,
                1.0
            ],
            "name": "FeelerA1"
        },
        {
            "children": [
                15,
                14
            ],
            "matrix": [
                0.9841077327728272,
                0.0004733190289698541,
                0.17757189273834229,
                0.0,
                -0.0004578717926051468,
                0.9999998807907105,
                -0.0001279697462450713,
                0.0,
                -0.17757193744182588,
                0.00004463085133465938,
                0.9841078519821168,
                0.0,
                0.07055230438709259,
                0.0,
                0.0,
                1.0
            ],
            "name": "FeelerA2"
        },
        {
            "matrix": [
                0.8036099076271057,
                -0.5226731300354004,
                -0.2846470773220062,
                0.0,
                0.5453919768333435,
                0.8381808400154114,
                0.0006596597377210856,
                0.0,
                0.23824094235897065,
                -0.1557743400335312,
                0.9586321711540222,
                0.0,
                0.016176065430045129,
                -0.04864607751369476,
                -0.004467961844056845,
                1.0
            ],
            "name": "RFeelerA"
        },
        {
            "matrix": [
                0.8041055798530579,
                0.5219366550445557,
                -0.2845986485481262,
                0.0,
                -0.5445963740348816,
                0.8386980891227722,
                -0.0005822289967909455,
                0.0,
                0.23838844895362858,
                0.15545955300331117,
                0.958646595478058,
                0.0,
                0.01617598906159401,
                0.04864582419395447,
                -0.004468215629458427,
                1.0
            ],
            "name": "LFeelerA"
        },
        {
            "children": [
                17
            ],
            "matrix": [
                0.05878325179219246,
                -6.159893428669959e-11,
                0.9982707500457764,
                0.0,
                6.159893428669959e-11,
                -1.0,
                -6.533289881316407e-11,
                0.0,
                0.9982707500457764,
                6.533289881316407e-11,
                -0.05878325179219246,
                0.0,
                0.05024805665016174,
                0.0,
                -0.021658223122358327,
                1.0
            ],
            "name": "FeelerB1"
        },
        {
            "children": [
                19,
                18
            ],
            "matrix": [
                0.9970869421958925,
                0.0,
                0.07627370208501816,
                0.0,
                0.0,
                1.0,
                0.0,
                0.0,
                -0.07627370208501816,
                0.0,
                0.9970869421958925,
                0.0,
                0.02585313655436039,
                0.0,
                0.0,
                1.0
            ],
            "name": "FeelerB2"
        },
        {
            "matrix": [
                0.7079958915710449,
                -0.6480812430381775,
                -0.28059321641922,
                0.0,
                0.6752063632011414,
                0.7376288771629334,
                -3.106334247604537e-7,
                0.0,
                0.2069738507270813,
                -0.18945811688899998,
                0.9598267674446106,
                0.0,
                0.04007383063435555,
                -0.04337176680564881,
                0.0,
                1.0
            ],
            "name": "RFeelerB"
        },
        {
            "matrix": [
                0.7079958915710449,
                0.6480816006660461,
                -0.2805923819541931,
                0.0,
                -0.6752066612243652,
                0.7376286387443543,
                8.379281979387089e-8,
                0.0,
                0.20697301626205445,
                0.18945777416229249,
                0.9598270058631896,
                0.0,
                0.04007383063435555,
                0.04337176680564881,
                0.0,
                1.0
            ],
            "name": "LFeelerB"
        },
        {
            "mesh": 0,
            "skin": 0,
            "name": "Caterpie"
        }
    ],
    "meshes": [
        {
            "primitives": [
                {
                    "attributes": {
                        "JOINTS_0": 1,
                        "NORMAL": 2,
                        "POSITION": 3,
                        "TEXCOORD_0": 4,
                        "WEIGHTS_0": 5
                    },
                    "indices": 0,
                    "mode": 4,
                    "material": 0
                }
            ],
            "name": "Caterpie"
        }
    ],
    "skins": [
        {
            "inverseBindMatrices": 6,
            "joints": [
                4,
                5,
                6,
                7,
                8,
                16,
                19,
                18,
                9,
                12,
                15,
                14,
                10,
                11
            ],
            "name": "Caterpie-mesh-skin"
        }
    ],
    "accessors": [
        {
            "bufferView": 0,
            "byteOffset": 0,
            "componentType": 5123,
            "count": 13092,
            "max": [
                2771
            ],
            "min": [
                0
            ],
            "type": "SCALAR"
        },
        {
            "bufferView": 1,
            "byteOffset": 0,
            "componentType": 5123,
            "count": 2772,
            "max": [
                12,
                13,
                12,
                4
            ],
            "min": [
                0,
                0,
                0,
                0
            ],
            "type": "VEC4"
        },
        {
            "bufferView": 2,
            "byteOffset": 0,
            "componentType": 5126,
            "count": 2772,
            "max": [
                0.9996799826622008,
                0.9999880194664002,
                0.9997869729995728
            ],
            "min": [
                -0.9996799826622008,
                -0.9999790191650392,
                -0.9994930028915404
            ],
            "type": "VEC3"
        },
        {
            "bufferView": 2,
            "byteOffset": 33264,
            "componentType": 5126,
            "count": 2772,
            "max": [
                0.12602946162223817,
                0.14094027876853944,
                0.3650665581226349
            ],
            "min": [
                -0.12602946162223817,
                -0.16158515214920045,
                -0.39853614568710329
            ],
            "type": "VEC3"
        },
        {
            "bufferView": 1,
            "byteOffset": 22176,
            "componentType": 5126,
            "count": 2772,
            "max": [
                1.0,
                0.9921870231628418
            ],
            "min": [
                0.0,
                0.007812023162841797
            ],
            "type": "VEC2"
        },
        {
            "bufferView": 3,
            "byteOffset": 0,
            "componentType": 5126,
            "count": 2772,
            "max": [
                1.0,
                0.9900000095367432,
                0.7300000190734863,
                0.04999999701976776
            ],
            "min": [
                0.010000000707805157,
                0.0,
                0.0,
                0.0
            ],
            "type": "VEC4"
        },
        {
            "bufferView": 4,
            "byteOffset": 0,
            "componentType": 5126,
            "count": 14,
            "max": [
                0.6480810046195984,
                1.0,
                0.1894569993019104,
                0.0,
                0.4154439866542816,
                0.6752060055732727,
                -0.07627400010824204,
                0.0,
                0.9976320266723632,
                0.00036299999919719994,
                0.9970870018005372,
                0.0,
                3.2562198638916017,
                0.9419490098953248,
                3.0423598289489748,
                1.0
            ],
            "min": [
                -0.6480799913406372,
                -1.0,
                -0.1894589960575104,
                0.0,
                -0.9970870018005372,
                -0.6752060055732727,
                -0.9976320266723632,
                0.0,
                -0.990878999233246,
                -0.00036100001307204366,
                -0.4154439866542816,
                0.0,
                -11.248099327087405,
                -0.9433950185775756,
                -8.294839859008789,
                1.0
            ],
            "type": "MAT4"
        }
    ],
    "materials": [
        {
            "pbrMetallicRoughness": {
                "baseColorFactor": [
                    1.0,
                    1.0,
                    1.0,
                    1.0
                ],
                "baseColorTexture": {
                    "index": 0
                },
                "metallicFactor": 0.0
            },
            "name": "Material__35"
        }
    ],
    "textures": [
        {
            "sampler": 0,
            "source": 0
        }
    ],
    "images": [
        {
            "uri": "pm0010_00_Body1.png"
        }
    ],
    "samplers": [
        {
            "magFilter": 9729,
            "minFilter": 9986,
            "wrapS": 10497,
            "wrapT": 10497
        }
    ],
    "bufferViews": [
        {
            "buffer": 0,
            "byteOffset": 156128,
            "byteLength": 26184,
            "target": 34963
        },
        {
            "buffer": 0,
            "byteOffset": 111776,
            "byteLength": 44352,
            "byteStride": 8,
            "target": 34962
        },
        {
            "buffer": 0,
            "byteOffset": 45248,
            "byteLength": 66528,
            "byteStride": 12,
            "target": 34962
        },
        {
            "buffer": 0,
            "byteOffset": 896,
            "byteLength": 44352,
            "byteStride": 16,
            "target": 34962
        },
        {
            "buffer": 0,
            "byteOffset": 0,
            "byteLength": 896
        }
    ],
    "buffers": [
        {
            "byteLength": 182312,
            "uri": "Caterpie_ColladaMax0.bin"
        }
    ]
}
