{
    "asset": {
        "generator": "COLLADA2GLTF",
        "version": "2.0"
    },
    "scenes": [
        {
            "nodes": [
                0
            ]
        }
    ],
    "scene": 0,
    "nodes": [
        {
            "children": [
                73,
                1
            ],
            "matrix": [
                1.0,
                0.0,
                0.0,
                0.0,
                0.0,
                0.0,
                -1.0,
                0.0,
                0.0,
                1.0,
                0.0,
                0.0,
                0.0,
                0.0,
                0.0,
                1.0
            ],
            "name": "Z_UP"
        },
        {
            "mesh": 0,
            "skin": 0,
            "name": "Ninetales"
        },
        {
            "children": [
                67,
                60,
                53,
                47,
                42,
                36,
                29,
                22,
                16,
                11,
                3
            ],
            "matrix": [
                -0.9999752044677734,
                -0.0000030478825010504808,
                -0.007042970508337021,
                0.0,
                0.00011945276492042468,
                -0.9998633861541748,
                -0.01652744971215725,
                0.0,
                -0.007041958160698414,
                -0.016527879983186727,
                0.9998385906219482,
                0.0,
                0.0,
                0.0,
                0.0,
                1.0
            ],
            "name": "_04_Hips"
        },
        {
            "children": [
                4
            ],
            "matrix": [
                1.0,
                0.000001315019176217902,
                -0.00000810050914878957,
                0.0,
                0.0000011809141824414838,
                -0.99986332654953,
                -0.01653295010328293,
                0.0,
                -0.000008121142855088693,
                0.01653295010328293,
                -0.99986332654953,
                0.0,
                0.5295117497444153,
                0.0,
                -0.06403408944606781,
                1.0
            ],
            "name": "_80_TailA1"
        },
        {
            "children": [
                5
            ],
            "matrix": [
                1.0,
                0.0,
                0.0,
                0.0,
                0.0,
                1.0,
                0.0,
                0.0,
                0.0,
                0.0,
                1.0,
                0.0,
                0.6845629811286926,
                0.0,
                0.0,
                1.0
            ],
            "name": "_81_TailA2"
        },
        {
            "children": [
                6
            ],
            "matrix": [
                1.0,
                0.0000013069072792859516,
                -0.0000013484981309375144,
                0.0,
                -0.0000013007025927436189,
                0.9999894499778748,
                0.004590942990034819,
                0.0,
                0.0000013544838566303952,
                -0.004590942990034819,
                0.9999894499778748,
                0.0,
                0.6671947240829468,
                -1.892447171192302e-10,
                0.0000011627205367403804,
                1.0
            ],
            "name": "_82_TailA3"
        },
        {
            "children": [
                7
            ],
            "matrix": [
                1.0,
                0.0,
                0.0,
                0.0,
                0.0,
                1.0,
                0.0,
                0.0,
                0.0,
                0.0,
                1.0,
                0.0,
                0.6226022243499756,
                0.0,
                9.689338043017418e-8,
                1.0
            ],
            "name": "_83_TailA4"
        },
        {
            "children": [
                8
            ],
            "matrix": [
                1.0,
                0.0,
                0.0,
                0.0,
                0.0,
                1.0,
                0.0,
                0.0,
                0.0,
                0.0,
                1.0,
                0.0,
                0.6155636310577393,
                0.0,
                -3.875735217206966e-7,
                1.0
            ],
            "name": "_84_TailA5"
        },
        {
            "children": [
                9
            ],
            "matrix": [
                1.0,
                0.0,
                0.0,
                0.0,
                0.0,
                1.0,
                0.0,
                0.0,
                0.0,
                0.0,
                1.0,
                0.0,
                0.5526201128959656,
                -7.569783688765597e-10,
                2.906801341850951e-7,
                1.0
            ],
            "name": "_85_TailA6"
        },
        {
            "children": [
                10
            ],
            "matrix": [
                1.0,
                0.0,
                0.0,
                0.0,
                0.0,
                1.0,
                0.0,
                0.0,
                0.0,
                0.0,
                1.0,
                0.0,
                0.6419275999069214,
                1.5139567377531194e-9,
                0.0000011627205367403804,
                1.0
            ],
            "name": "_86_TailA7"
        },
        {
            "matrix": [
                1.0,
                0.0,
                0.0,
                0.0,
                0.0,
                1.0,
                0.0,
                0.0,
                0.0,
                0.0,
                1.0,
                0.0,
                0.620618999004364,
                0.0,
                9.689338043017418e-8,
                1.0
            ],
            "name": "_87_TailA8"
        },
        {
            "children": [
                12
            ],
            "matrix": [
                0.4410651922225952,
                -0.8973525166511536,
                -0.014831394888460637,
                0.0,
                -0.8974750638008118,
                -0.44100499153137209,
                -0.0072878580540418629,
                0.0,
                -9.413887482878636e-7,
                0.016525227576494218,
                -0.9998634457588196,
                0.0,
                0.5295117497444153,
                0.0,
                -0.0640348419547081,
                1.0
            ],
            "name": "_74_RTailD1"
        },
        {
            "children": [
                13
            ],
            "matrix": [
                1.0,
                0.0,
                0.0,
                0.0,
                0.0,
                1.0,
                0.0,
                0.0,
                0.0,
                0.0,
                1.0,
                0.0,
                0.5665241479873657,
                -9.204858884004352e-7,
                -0.0000012596138958542725,
                1.0
            ],
            "name": "_75_RTailD2"
        },
        {
            "children": [
                14
            ],
            "matrix": [
                1.0,
                0.0,
                0.0,
                0.0,
                0.0,
                1.0,
                0.0,
                0.0,
                0.0,
                0.0,
                1.0,
                0.0,
                0.5723252296447754,
                0.0000011627205367403804,
                0.0000012596138958542725,
                1.0
            ],
            "name": "_76_RTailD3"
        },
        {
            "children": [
                15
            ],
            "matrix": [
                1.0,
                0.0,
                0.0,
                0.0,
                0.0,
                1.0,
                0.0,
                0.0,
                0.0,
                0.0,
                1.0,
                0.0,
                0.5517314076423645,
                5.813602683701902e-7,
                -0.0000012596138958542725,
                1.0
            ],
            "name": "_77_RTailD4"
        },
        {
            "matrix": [
                1.0,
                0.0,
                0.0,
                0.0,
                0.0,
                1.0,
                0.0,
                0.0,
                0.0,
                0.0,
                1.0,
                0.0,
                0.5825946927070618,
                -9.204858884004352e-7,
                0.0000014534006140820566,
                1.0
            ],
            "name": "_78_RTailD5"
        },
        {
            "children": [
                17
            ],
            "matrix": [
                0.7106538414955139,
                -0.7034457921981812,
                -0.01162602286785841,
                0.0,
                -0.7035418748855591,
                -0.7105567455291748,
                -0.011743825860321522,
                0.0,
                1.961627305036018e-7,
                0.016525188460946084,
                -0.9998634457588196,
                0.0,
                0.5295117497444153,
                0.0,
                -0.0640348419547081,
                1.0
            ],
            "name": "_67_RTailC1"
        },
        {
            "children": [
                18
            ],
            "matrix": [
                1.0,
                0.0,
                0.0,
                0.0,
                0.0,
                1.0,
                0.0,
                0.0,
                0.0,
                0.0,
                1.0,
                0.0,
                0.5823200941085815,
                -7.266990564858133e-7,
                -0.0000012596138958542725,
                1.0
            ],
            "name": "_68_RTailC2"
        },
        {
            "children": [
                19
            ],
            "matrix": [
                1.0,
                0.0,
                0.0,
                0.0,
                0.0,
                1.0,
                0.0,
                0.0,
                0.0,
                0.0,
                1.0,
                0.0,
                0.5782259106636047,
                7.751470434413932e-7,
                0.0000012596138958542725,
                1.0
            ],
            "name": "_69_RTailC3"
        },
        {
            "children": [
                20
            ],
            "matrix": [
                1.0,
                0.0,
                0.0,
                0.0,
                0.0,
                1.0,
                0.0,
                0.0,
                0.0,
                0.0,
                1.0,
                0.0,
                0.5802630186080933,
                0.0,
                -0.0000013565073686550025,
                1.0
            ],
            "name": "_70_RTailC4"
        },
        {
            "children": [
                21
            ],
            "matrix": [
                1.0,
                0.0,
                0.0,
                0.0,
                0.0,
                1.0,
                0.0,
                0.0,
                0.0,
                0.0,
                1.0,
                0.0,
                0.5984290838241577,
                -2.906801341850951e-7,
                0.0000011627205367403804,
                1.0
            ],
            "name": "_71_RTailC5"
        },
        {
            "matrix": [
                1.0,
                0.0,
                0.0,
                0.0,
                0.0,
                1.0,
                0.0,
                0.0,
                0.0,
                0.0,
                1.0,
                0.0,
                0.5711789131164551,
                0.000003003702204296133,
                -0.0000014534006140820566,
                1.0
            ],
            "name": "_72_RTailC6"
        },
        {
            "children": [
                23
            ],
            "matrix": [
                0.8771020770072937,
                -0.4802384674549103,
                -0.007935844361782074,
                0.0,
                -0.4803040325641632,
                -0.8769822716712952,
                -0.014494323171675206,
                0.0,
                0.0000011365902992110933,
                0.01652461849153042,
                -0.9998634457588196,
                0.0,
                0.5295117497444153,
                0.0,
                -0.0640348419547081,
                1.0
            ],
            "name": "_59_RTailB1"
        },
        {
            "children": [
                24
            ],
            "matrix": [
                1.0,
                0.0,
                0.0,
                0.0,
                0.0,
                1.0,
                0.0,
                0.0,
                0.0,
                0.0,
                1.0,
                0.0,
                0.6408419609069824,
                0.0000015502940868827864,
                -0.0000014534006140820566,
                1.0
            ],
            "name": "_60_RTailB2"
        },
        {
            "children": [
                25
            ],
            "matrix": [
                1.0,
                0.0,
                0.0,
                0.0,
                0.0,
                1.0,
                0.0,
                0.0,
                0.0,
                0.0,
                1.0,
                0.0,
                0.4963642358779907,
                -0.0000011869419722643216,
                7.751470434413932e-7,
                1.0
            ],
            "name": "_61_RTailB3"
        },
        {
            "children": [
                26
            ],
            "matrix": [
                1.0,
                0.0,
                0.0,
                0.0,
                0.0,
                1.0,
                0.0,
                0.0,
                0.0,
                0.0,
                1.0,
                0.0,
                0.6115027070045471,
                -0.0000012596138958542725,
                -0.0000015502940868827864,
                1.0
            ],
            "name": "_62_RTailB4"
        },
        {
            "children": [
                27
            ],
            "matrix": [
                1.0,
                0.0,
                0.0,
                0.0,
                0.0,
                1.0,
                0.0,
                0.0,
                0.0,
                0.0,
                1.0,
                0.0,
                0.6398590207099915,
                -0.0000012596138958542725,
                0.0000012596138958542725,
                1.0
            ],
            "name": "_63_RTailB5"
        },
        {
            "children": [
                28
            ],
            "matrix": [
                1.0,
                0.0,
                0.0,
                0.0,
                0.0,
                1.0,
                0.0,
                0.0,
                0.0,
                0.0,
                1.0,
                0.0,
                0.6115001440048218,
                0.0000037788338431710146,
                -0.0000015502940868827864,
                1.0
            ],
            "name": "_64_RTailB6"
        },
        {
            "matrix": [
                1.0,
                0.0,
                0.0,
                0.0,
                0.0,
                1.0,
                0.0,
                0.0,
                0.0,
                0.0,
                1.0,
                0.0,
                0.6114999055862427,
                0.000003197478918082197,
                0.0000012596138958542725,
                1.0
            ],
            "name": "_65_RTailB7"
        },
        {
            "children": [
                30
            ],
            "matrix": [
                0.9582179188728333,
                -0.2860000729560852,
                -0.004725562408566475,
                0.0,
                -0.2860391139984131,
                -0.9580870866775512,
                -0.01583620347082615,
                0.0,
                0.0000016552861552554533,
                0.016526229679584504,
                -0.9998634457588196,
                0.0,
                0.5295117497444153,
                0.0,
                -0.0640348419547081,
                1.0
            ],
            "name": "_51_RTailA1"
        },
        {
            "children": [
                31
            ],
            "matrix": [
                1.0,
                0.0,
                0.0,
                0.0,
                0.0,
                1.0,
                0.0,
                0.0,
                0.0,
                0.0,
                1.0,
                0.0,
                0.661682665348053,
                2.906801341850951e-7,
                -0.0000013565073686550025,
                1.0
            ],
            "name": "_52_RTailA2"
        },
        {
            "children": [
                32
            ],
            "matrix": [
                1.0,
                0.0,
                0.0,
                0.0,
                0.0,
                1.0,
                0.0,
                0.0,
                0.0,
                0.0,
                1.0,
                0.0,
                0.6545020937919617,
                -0.0000011384966001060093,
                9.689337048257585e-7,
                1.0
            ],
            "name": "_53_RTailA3"
        },
        {
            "children": [
                33
            ],
            "matrix": [
                1.0,
                0.0,
                0.0,
                0.0,
                0.0,
                1.0,
                0.0,
                0.0,
                0.0,
                0.0,
                1.0,
                0.0,
                0.601614236831665,
                0.0000033428177630412394,
                -0.0000015502940868827864,
                1.0
            ],
            "name": "_54_RTailA4"
        },
        {
            "children": [
                34
            ],
            "matrix": [
                1.0,
                0.0,
                0.0,
                0.0,
                0.0,
                1.0,
                0.0,
                0.0,
                0.0,
                0.0,
                1.0,
                0.0,
                0.637294352054596,
                3.875735217206966e-7,
                0.0000011627205367403804,
                1.0
            ],
            "name": "_55_RTailA5"
        },
        {
            "children": [
                35
            ],
            "matrix": [
                1.0,
                0.0,
                0.0,
                0.0,
                0.0,
                1.0,
                0.0,
                0.0,
                0.0,
                0.0,
                1.0,
                0.0,
                0.6372933387756348,
                1.4534006709254758e-7,
                -0.0000010658271776264885,
                1.0
            ],
            "name": "_56_RTailA6"
        },
        {
            "matrix": [
                1.0,
                0.0,
                0.0,
                0.0,
                0.0,
                1.0,
                0.0,
                0.0,
                0.0,
                0.0,
                1.0,
                0.0,
                0.6373192071914673,
                -0.000006976313216000563,
                0.0000011627205367403804,
                1.0
            ],
            "name": "_57_RTailA7"
        },
        {
            "children": [
                37
            ],
            "matrix": [
                0.41852855682373049,
                -0.7797123193740845,
                0.465706467628479,
                0.0,
                -0.000005119271918374579,
                0.5127755403518677,
                0.8585227131843567,
                0.0,
                -0.908203661441803,
                -0.35931864380836489,
                0.21460722386837009,
                0.0,
                0.3233320713043213,
                -0.1771944910287857,
                -0.017403393983840944,
                1.0
            ],
            "name": "_43_RHips"
        },
        {
            "children": [
                38
            ],
            "matrix": [
                0.49670296907424929,
                0.8490856289863586,
                0.17983250319957734,
                0.0,
                -0.7719099521636963,
                0.5268958806991577,
                -0.3557186126708985,
                0.0,
                -0.3967885673046112,
                0.03787198290228844,
                0.9171284437179564,
                0.0,
                0.1227615475654602,
                0.0,
                0.0,
                1.0
            ],
            "name": "_44_RThigh"
        },
        {
            "children": [
                39
            ],
            "matrix": [
                0.8476202487945557,
                2.4400714337957653e-8,
                -0.5306033492088318,
                0.0,
                -2.878696570007833e-8,
                1.0,
                5.64857622481485e-13,
                0.0,
                0.5306033492088318,
                1.527398296730098e-8,
                0.8476202487945557,
                0.0,
                0.5314875841140747,
                7.266990564858135e-8,
                9.689338043017418e-8,
                1.0
            ],
            "name": "_45_RLeg"
        },
        {
            "children": [
                40
            ],
            "matrix": [
                -0.5622190237045288,
                0.0000013404362562141617,
                0.8269883990287781,
                0.0,
                0.000007510596788051771,
                1.0,
                0.0000034851325381168864,
                0.0,
                -0.8269883990287781,
                0.00000817058389657177,
                -0.5622190237045288,
                0.0,
                0.5050078630447388,
                -2.422331846219095e-8,
                0.0,
                1.0
            ],
            "name": "_46_RFoot"
        },
        {
            "children": [
                41
            ],
            "matrix": [
                0.9721036553382874,
                0.0000020127329207753066,
                -0.23455172777175904,
                0.0,
                -9.990733218501192e-8,
                1.0,
                0.000008167122359736823,
                0.0,
                0.23455172777175904,
                -0.000007915855348983314,
                0.9721036553382874,
                0.0,
                0.23012103140354157,
                0.0,
                -0.3782720267772675,
                1.0
            ],
            "name": "_48_RToe1"
        },
        {
            "matrix": [
                0.9704848527908324,
                0.000012509578482422512,
                0.24116212129592896,
                0.0,
                -0.000011280100807198324,
                1.0,
                -0.0000064786768234625928,
                0.0,
                -0.24116212129592896,
                0.0000035671243949764177,
                0.9704848527908324,
                0.0,
                0.10249722748994829,
                0.0,
                1.2111659231095473e-8,
                1.0
            ],
            "name": "_49_RToe2"
        },
        {
            "children": [
                43
            ],
            "matrix": [
                0.4410669207572937,
                0.8973515629768372,
                0.014836917631328106,
                0.0,
                0.8974742293357849,
                -0.441006600856781,
                -0.007292584516108036,
                0.0,
                -8.335335905940156e-7,
                0.01653226837515831,
                -0.99986332654953,
                0.0,
                0.5295117497444153,
                0.0,
                -0.06403408944606781,
                1.0
            ],
            "name": "_37_LTailD1"
        },
        {
            "children": [
                44
            ],
            "matrix": [
                1.0,
                0.0,
                0.0,
                0.0,
                0.0,
                1.0,
                0.0,
                0.0,
                0.0,
                0.0,
                1.0,
                0.0,
                0.5665243864059448,
                9.689338043017418e-8,
                0.0,
                1.0
            ],
            "name": "_38_LTailD2"
        },
        {
            "children": [
                45
            ],
            "matrix": [
                1.0,
                0.0,
                0.0,
                0.0,
                0.0,
                1.0,
                0.0,
                0.0,
                0.0,
                0.0,
                1.0,
                0.0,
                0.572328507900238,
                1.4534006709254758e-7,
                9.689338043017418e-8,
                1.0
            ],
            "name": "_39_LTailD3"
        },
        {
            "children": [
                46
            ],
            "matrix": [
                1.0,
                0.0,
                0.0,
                0.0,
                0.0,
                1.0,
                0.0,
                0.0,
                0.0,
                0.0,
                1.0,
                0.0,
                0.5517314076423645,
                -9.689338043017418e-8,
                0.0,
                1.0
            ],
            "name": "_40_LTailD4"
        },
        {
            "matrix": [
                1.0,
                0.0,
                0.0,
                0.0,
                0.0,
                1.0,
                0.0,
                0.0,
                0.0,
                0.0,
                1.0,
                0.0,
                0.5825941562652588,
                -1.4534006709254758e-7,
                0.0,
                1.0
            ],
            "name": "_41_LTailD5"
        },
        {
            "children": [
                48
            ],
            "matrix": [
                0.7106553316116333,
                0.7034441828727722,
                0.011630804277956486,
                0.0,
                0.7035403251647949,
                -0.7105582356452942,
                -0.011747336946427822,
                0.0,
                7.673981485822878e-7,
                0.016531048342585565,
                -0.99986332654953,
                0.0,
                0.5295117497444153,
                0.0,
                -0.06403408944606781,
                1.0
            ],
            "name": "_30_LTailC1"
        },
        {
            "children": [
                49
            ],
            "matrix": [
                1.0,
                0.0,
                0.0,
                0.0,
                0.0,
                1.0,
                0.0,
                0.0,
                0.0,
                0.0,
                1.0,
                0.0,
                0.5823206305503845,
                1.9378650506496346e-7,
                1.9378650506496346e-7,
                1.0
            ],
            "name": "_31_LTailC2"
        },
        {
            "children": [
                50
            ],
            "matrix": [
                1.0,
                0.0,
                0.0,
                0.0,
                0.0,
                1.0,
                0.0,
                0.0,
                0.0,
                0.0,
                1.0,
                0.0,
                0.5782254338264465,
                -1.4534006709254758e-7,
                -1.9378650506496346e-7,
                1.0
            ],
            "name": "_32_LTailC3"
        },
        {
            "children": [
                51
            ],
            "matrix": [
                1.0,
                0.0,
                0.0,
                0.0,
                0.0,
                1.0,
                0.0,
                0.0,
                0.0,
                0.0,
                1.0,
                0.0,
                0.5802627205848694,
                9.689338043017418e-8,
                1.9378650506496346e-7,
                1.0
            ],
            "name": "_33_LTailC4"
        },
        {
            "children": [
                52
            ],
            "matrix": [
                1.0,
                0.0,
                0.0,
                0.0,
                0.0,
                1.0,
                0.0,
                0.0,
                0.0,
                0.0,
                1.0,
                0.0,
                0.5984293222427368,
                -5.813602683701902e-7,
                0.0,
                1.0
            ],
            "name": "_34_LTailC5"
        },
        {
            "matrix": [
                1.0,
                0.0,
                0.0,
                0.0,
                0.0,
                1.0,
                0.0,
                0.0,
                0.0,
                0.0,
                1.0,
                0.0,
                0.5711824893951416,
                1.9378650506496346e-7,
                -9.689338043017418e-8,
                1.0
            ],
            "name": "_35_LTailC6"
        },
        {
            "children": [
                54
            ],
            "matrix": [
                0.8771032691001892,
                0.4802362024784088,
                0.00794130191206932,
                0.0,
                0.4803018569946289,
                -0.8769834041595459,
                -0.01450035348534584,
                0.0,
                7.946724736029864e-7,
                0.016532529145479204,
                -0.99986332654953,
                0.0,
                0.5295117497444153,
                0.0,
                -0.06403408944606781,
                1.0
            ],
            "name": "_22_LTailB1"
        },
        {
            "children": [
                55
            ],
            "matrix": [
                1.0,
                0.0,
                0.0,
                0.0,
                0.0,
                1.0,
                0.0,
                0.0,
                0.0,
                0.0,
                1.0,
                0.0,
                0.6408445239067078,
                -9.689338043017418e-8,
                9.689338043017418e-8,
                1.0
            ],
            "name": "_23_LTailB2"
        },
        {
            "children": [
                56
            ],
            "matrix": [
                1.0,
                0.0,
                0.0,
                0.0,
                0.0,
                1.0,
                0.0,
                0.0,
                0.0,
                0.0,
                1.0,
                0.0,
                0.4963639676570893,
                -2.422331846219095e-8,
                0.0,
                1.0
            ],
            "name": "_24_LTailB3"
        },
        {
            "children": [
                57
            ],
            "matrix": [
                1.0,
                0.0,
                0.0,
                0.0,
                0.0,
                1.0,
                0.0,
                0.0,
                0.0,
                0.0,
                1.0,
                0.0,
                0.6115050315856934,
                1.9378650506496346e-7,
                1.9378650506496346e-7,
                1.0
            ],
            "name": "_25_LTailB4"
        },
        {
            "children": [
                58
            ],
            "matrix": [
                1.0,
                0.0,
                0.0,
                0.0,
                0.0,
                1.0,
                0.0,
                0.0,
                0.0,
                0.0,
                1.0,
                0.0,
                0.6398538947105408,
                -1.9378650506496346e-7,
                1.9378650506496346e-7,
                1.0
            ],
            "name": "_26_LTailB5"
        },
        {
            "children": [
                59
            ],
            "matrix": [
                1.0,
                0.0,
                0.0,
                0.0,
                0.0,
                1.0,
                0.0,
                0.0,
                0.0,
                0.0,
                1.0,
                0.0,
                0.6115044951438904,
                -2.906801341850951e-7,
                0.0,
                1.0
            ],
            "name": "_27_LTailB6"
        },
        {
            "matrix": [
                1.0,
                0.0,
                0.0,
                0.0,
                0.0,
                1.0,
                0.0,
                0.0,
                0.0,
                0.0,
                1.0,
                0.0,
                0.6115050315856934,
                1.9378650506496346e-7,
                9.689338043017418e-8,
                1.0
            ],
            "name": "_28_LTailB7"
        },
        {
            "children": [
                61
            ],
            "matrix": [
                0.9582183957099916,
                0.28599849343299868,
                0.004730290733277798,
                0.0,
                0.2860376238822937,
                -0.95808744430542,
                -0.01584089733660221,
                0.0,
                0.000001559633915348968,
                0.01653208024799824,
                -0.99986332654953,
                0.0,
                0.5295117497444153,
                0.0,
                -0.06403408944606781,
                1.0
            ],
            "name": "_14_LTailA1"
        },
        {
            "children": [
                62
            ],
            "matrix": [
                1.0,
                0.0,
                0.0,
                0.0,
                0.0,
                1.0,
                0.0,
                0.0,
                0.0,
                0.0,
                1.0,
                0.0,
                0.6616852283477783,
                -7.266990564858135e-8,
                1.9378650506496346e-7,
                1.0
            ],
            "name": "_15_LTailA2"
        },
        {
            "children": [
                63
            ],
            "matrix": [
                1.0,
                0.0,
                0.0,
                0.0,
                0.0,
                1.0,
                0.0,
                0.0,
                0.0,
                0.0,
                1.0,
                0.0,
                0.6544990539550781,
                -7.266990564858135e-8,
                0.0,
                1.0
            ],
            "name": "_16_LTailA3"
        },
        {
            "children": [
                64
            ],
            "matrix": [
                1.0,
                0.0,
                0.0,
                0.0,
                0.0,
                1.0,
                0.0,
                0.0,
                0.0,
                0.0,
                1.0,
                0.0,
                0.60161954164505,
                -1.9378650506496346e-7,
                0.0,
                1.0
            ],
            "name": "_17_LTailA4"
        },
        {
            "children": [
                65
            ],
            "matrix": [
                1.0,
                0.0,
                0.0,
                0.0,
                0.0,
                1.0,
                0.0,
                0.0,
                0.0,
                0.0,
                1.0,
                0.0,
                0.6372959017753601,
                -9.689338043017418e-8,
                0.0,
                1.0
            ],
            "name": "_18_LTailA5"
        },
        {
            "children": [
                66
            ],
            "matrix": [
                1.0,
                0.0,
                0.0,
                0.0,
                0.0,
                1.0,
                0.0,
                0.0,
                0.0,
                0.0,
                1.0,
                0.0,
                0.6372959017753601,
                4.844669021508708e-8,
                9.689338043017418e-8,
                1.0
            ],
            "name": "_19_LTailA6"
        },
        {
            "matrix": [
                1.0,
                0.0,
                0.0,
                0.0,
                0.0,
                1.0,
                0.0,
                0.0,
                0.0,
                0.0,
                1.0,
                0.0,
                0.6372959017753601,
                -2.906801341850951e-7,
                9.689338043017418e-8,
                1.0
            ],
            "name": "_20_LTailA7"
        },
        {
            "children": [
                68
            ],
            "matrix": [
                0.4185397326946259,
                0.7638923525810242,
                0.4912158250808716,
                0.0,
                0.000008342469300259836,
                0.5408651232719421,
                -0.8411093354225159,
                0.0,
                -0.9081984758377076,
                0.3520417809486389,
                0.22636716067790986,
                0.0,
                0.3233320713043213,
                0.1771944910287857,
                -0.017403393983840944,
                1.0
            ],
            "name": "_06_LHips"
        },
        {
            "children": [
                69
            ],
            "matrix": [
                0.4966937601566315,
                -0.8490906357765198,
                0.17983436584472657,
                0.0,
                0.7719113230705261,
                0.5268878936767578,
                0.35572749376297,
                0.0,
                -0.3967974185943604,
                -0.03787143900990486,
                0.9171246290206908,
                0.0,
                0.12276213616132736,
                1.9378650506496346e-7,
                0.0,
                1.0
            ],
            "name": "_07_LThigh"
        },
        {
            "children": [
                70
            ],
            "matrix": [
                0.8476203680038452,
                -4.041779959607084e-7,
                -0.5306031703948975,
                0.0,
                2.2382693032341198e-7,
                1.0,
                -4.041772569962632e-7,
                0.0,
                0.5306031703948975,
                2.23825580292214e-7,
                0.8476203680038452,
                0.0,
                0.5314873456954956,
                7.266990564858135e-8,
                0.0,
                1.0
            ],
            "name": "_08_LLeg"
        },
        {
            "children": [
                71
            ],
            "matrix": [
                -0.5622262954711914,
                -0.000001608538809705351,
                0.8269834518432617,
                0.0,
                -0.0000024666846911713948,
                1.0,
                2.680874899851915e-7,
                0.0,
                -0.8269834518432617,
                -0.0000018891814761445856,
                -0.5622262954711914,
                0.0,
                0.5050078630447388,
