{
    "asset": {
        "generator": "COLLADA2GLTF",
        "version": "2.0"
    },
    "scenes": [
        {
            "nodes": [
                0
            ]
        }
    ],
    "scene": 0,
    "nodes": [
        {
            "children": [
                39,
                1
            ],
            "matrix": [
                1.0,
                0.0,
                0.0,
                0.0,
                0.0,
                0.0,
                -1.0,
                0.0,
                0.0,
                1.0,
                0.0,
                0.0,
                0.0,
                0.0,
                0.0,
                1.0
            ],
            "name": "Z_UP"
        },
        {
            "mesh": 0,
            "skin": 0,
            "name": "Geodude"
        },
        {
            "children": [
                37,
                20,
                3
            ],
            "matrix": [
                -0.000003728380534084863,
                1.0,
                0.0,
                0.0,
                -1.0,
                -0.000003728380534084863,
                -0.0,
                0.0,
                0.0,
                0.0,
                1.0,
                0.0,
                0.0,
                0.6177026033401489,
                -0.04255770146846771,
                1.0
            ],
            "name": "_03_Waist"
        },
        {
            "children": [
                4
            ],
            "matrix": [
                -0.10340815037488938,
                0.994638979434967,
                -9.298925363054879e-8,
                0.0,
                0.0000033868980153783925,
                4.456110218598042e-7,
                1.0,
                0.0,
                0.994638979434967,
                0.10340815037488938,
                -0.0000034148206395911986,
                0.0,
                -0.08074235916137696,
                0.5138445496559143,
                -0.04978196695446968,
                1.0
            ],
            "name": "_32_RArm"
        },
        {
            "children": [
                5
            ],
            "matrix": [
                0.9794960618019104,
                8.997383393882784e-10,
                0.20146344602108005,
                0.0,
                -4.5577877472169357e-8,
                1.0,
                2.171292834418637e-7,
                0.0,
                -0.20146344602108005,
                -2.2185953696407527e-7,
                0.9794960618019104,
                0.0,
                0.4679949879646301,
                1.2111659231095473e-8,
                1.4534006709254758e-7,
                1.0
            ],
            "name": "_33_RForeArm"
        },
        {
            "children": [
                18,
                15,
                12,
                9,
                6
            ],
            "matrix": [
                0.9950774312019348,
                4.5757915821198836e-14,
                -0.09910058975219728,
                0.0,
                -3.3987142798470179e-14,
                1.0,
                1.2046423971193158e-13,
                0.0,
                0.09910058975219728,
                -1.165030935222286e-13,
                0.9950774312019348,
                0.0,
                0.5551731586456299,
                0.0,
                0.0000011142725497848006,
                1.0
            ],
            "name": "_34_RHand"
        },
        {
            "children": [
                7
            ],
            "matrix": [
                1.0,
                -0.00000476837158203125,
                -0.000004509563495957991,
                0.0,
                -0.000004509579412115272,
                -0.0000033288849863311045,
                -1.0,
                0.0,
                0.000004768356575368671,
                1.0,
                -0.000003328906359456596,
                0.0,
                0.46986162662506106,
                -0.05984592810273171,
                -0.2078150808811188,
                1.0
            ],
            "name": "_51_RFingerE1"
        },
        {
            "children": [
                8
            ],
            "matrix": [
                1.0,
                0.0,
                0.0,
                0.0,
                0.0,
                1.0,
                0.0,
                0.0,
                0.0,
                0.0,
                1.0,
                0.0,
                0.1967434138059616,
                -8.962618380792264e-7,
                1.332283403598922e-7,
                1.0
            ],
            "name": "_52_RFingerE2"
        },
        {
            "matrix": [
                1.0,
                0.0,
                0.0,
                0.0,
                0.0,
                1.0,
                0.0,
                0.0,
                0.0,
                0.0,
                1.0,
                0.0,
                0.14211808145046238,
                -6.540296340062923e-7,
                0.000001174831254502351,
                1.0
            ],
            "name": "_53_RFingerE3"
        },
        {
            "children": [
                10
            ],
            "matrix": [
                0.9999758005142212,
                -0.000004292704488761956,
                0.006956997327506542,
                0.0,
                0.006956996861845255,
                -0.0000032279995139106178,
                -0.9999758005142212,
                0.0,
                0.000004315058049542131,
                1.0,
                -0.000003198056901965174,
                0.0,
                0.48259010910987856,
                -0.05757011473178864,
                -0.05960620194673538,
                1.0
            ],
            "name": "_47_RFingerD1"
        },
        {
            "children": [
                11
            ],
            "matrix": [
                1.0,
                0.0,
                0.0,
                0.0,
                0.0,
                1.0,
                0.0,
                0.0,
                0.0,
                0.0,
                1.0,
                0.0,
                0.21730998158454896,
                5.329123382580292e-7,
                1.6956329318418287e-7,
                1.0
            ],
            "name": "_48_RFingerD2"
        },
        {
            "matrix": [
                1.0,
                0.0,
                0.0,
                0.0,
                0.0,
                1.0,
                0.0,
                0.0,
                0.0,
                0.0,
                1.0,
                0.0,
                0.14127548038959504,
                4.844669021508708e-8,
                0.0000011142725497848006,
                1.0
            ],
            "name": "_49_RFingerD3"
        },
        {
            "children": [
                13
            ],
            "matrix": [
                0.9994530081748962,
                -0.000004291667210054584,
                0.03307024762034416,
                0.0,
                0.03307024762034416,
                -0.0000035555021895561369,
                -0.9994530081748962,
                0.0,
                0.000004406901098263916,
                1.0,
                -0.0000034116308142984059,
                0.0,
                0.48902902007102969,
                -0.04657191410660744,
                0.08543043583631516,
                1.0
            ],
            "name": "_43_RFingerC1"
        },
        {
            "children": [
                14
            ],
            "matrix": [
                1.0,
                0.0,
                0.0,
                0.0,
                0.0,
                1.0,
                0.0,
                0.0,
                0.0,
                0.0,
                1.0,
                0.0,
                0.2188924551010132,
                -1.4534006709254758e-7,
                -2.422331846219095e-8,
                1.0
            ],
            "name": "_44_RFingerC2"
        },
        {
            "matrix": [
                1.0,
                0.0,
                0.0,
                0.0,
                0.0,
                1.0,
                0.0,
                0.0,
                0.0,
                0.0,
                1.0,
                0.0,
                0.1476316899061203,
                1.9378650506496346e-7,
                0.0000014291766774476856,
                1.0
            ],
            "name": "_45_RFingerC3"
        },
        {
            "children": [
                16
            ],
            "matrix": [
                0.99769788980484,
                -0.000004750135758513352,
                0.06781519204378128,
                0.0,
                0.06781519204378128,
                -0.000003995231963926926,
                -0.99769788980484,
                0.0,
                0.000005010137556382688,
                1.0,
                -0.000003663903271444724,
                0.0,
                0.48738279938697817,
                -0.04627958685159683,
                0.23316700756549836,
                1.0
            ],
            "name": "_39_RFingerB1"
        },
        {
            "children": [
                17
            ],
            "matrix": [
                1.0,
                0.0,
                0.0,
                0.0,
                0.0,
                1.0,
                0.0,
                0.0,
                0.0,
                0.0,
                1.0,
                0.0,
                0.19735537469387058,
                5.329123382580292e-7,
                1.9378650506496346e-7,
                1.0
            ],
            "name": "_40_RFingerB2"
        },
        {
            "matrix": [
                1.0,
                0.0,
                0.0,
                0.0,
                0.0,
                1.0,
                0.0,
                0.0,
                0.0,
                0.0,
                1.0,
                0.0,
                0.1495821475982666,
                -9.689338185125962e-7,
                0.0000011990553048235598,
                1.0
            ],
            "name": "_41_RFingerB3"
        },
        {
            "children": [
                19
            ],
            "matrix": [
                0.7565708160400391,
                0.5288230776786804,
                0.3846384286880493,
                0.0,
                0.3200787007808686,
                -0.812415361404419,
                0.4873714447021485,
                0.0,
                0.5702194571495056,
                -0.24561643600463868,
                -0.7839147448539734,
                0.0,
                0.23999455571174625,
                0.13420143723487858,
                0.2595727741718292,
                1.0
            ],
            "name": "_36_RFingerA1"
        },
        {
            "matrix": [
                1.0,
                0.0,
                0.0,
                0.0,
                0.0,
                1.0,
                0.0,
                0.0,
                0.0,
                0.0,
                1.0,
                0.0,
                0.26405584812164309,
                9.689338043017418e-8,
                -0.0000012596138958542725,
                1.0
            ],
            "name": "_37_RFingerA2"
        },
        {
            "children": [
                21
            ],
            "matrix": [
                -0.103408083319664,
                -0.9946390390396118,
                -3.559153469723242e-7,
                0.0,
                -0.000003720524318850949,
                7.446396352861484e-7,
                -1.0,
                0.0,
                0.9946390390396118,
                -0.103408083319664,
                -0.0000037775805594719715,
                0.0,
                -0.08074207603931427,
                -0.5138442516326904,
                -0.04978196695446968,
                1.0
            ],
            "name": "_09_LArm"
        },
        {
            "children": [
                22
            ],
            "matrix": [
                0.9794959425926209,
                -1.273148931115256e-13,
                0.20146393775939945,
                0.0,
                1.258579964422482e-13,
                1.0,
                2.0040833413354637e-14,
                0.0,
                -0.20146393775939945,
                5.725932982560177e-15,
                0.9794959425926209,
                0.0,
                0.4679926931858063,
                -1.2111659231095473e-8,
                0.0,
                1.0
            ],
            "name": "_10_LForeArm"
        },
        {
            "children": [
                35,
                32,
                29,
                26,
                23
            ],
            "matrix": [
                0.9950774312019348,
                8.213081331297136e-15,
                -0.09910063445568084,
                0.0,
                -4.72549395169608e-8,
                1.0,
                -4.744905766074226e-7,
                0.0,
                0.09910063445568084,
                4.768378403241513e-7,
                0.9950774312019348,
                0.0,
                0.555173397064209,
                1.8167503057497929e-8,
                -7.266990564858135e-8,
                1.0
            ],
            "name": "_11_LHand"
        },
        {
            "children": [
                24
            ],
            "matrix": [
                1.0,
                0.000004589559011947131,
                -8.375254157734492e-13,
                0.0,
                1.917139710871929e-11,
                -0.000003994691269326722,
                1.0,
                0.0,
                0.000004589559011947131,
                -1.0,
                -0.000003994691269326722,
                0.0,
                0.469862163066864,
                0.05984567478299141,
                -0.20781295001506809,
                1.0
            ],
            "name": "_28_LFingerE1"
        },
        {
            "children": [
                25
            ],
            "matrix": [
                1.0,
                0.0,
                0.0,
                0.0,
                0.0,
                1.0,
                0.0,
                0.0,
                0.0,
                0.0,
                1.0,
                0.0,
                0.19674304127693177,
                0.0,
                2.422331846219095e-8,
                1.0
            ],
            "name": "_29_LFingerE2"
        },
        {
            "matrix": [
                1.0,
                0.0,
                0.0,
                0.0,
                0.0,
                1.0,
                0.0,
                0.0,
                0.0,
                0.0,
                1.0,
                0.0,
                0.1421202123165131,
                -9.689338043017418e-8,
                0.0000012111660225855304,
                1.0
            ],
            "name": "_30_LFingerE3"
        },
        {
            "children": [
                27
            ],
            "matrix": [
                0.9999758005142212,
                0.000004294118298275862,
                0.0069569977931678299,
                0.0,
                -0.0069569977931678299,
                -0.000004026959231850924,
                0.9999758005142212,
                0.0,
                0.000004322029781178571,
                -1.0,
                -0.000003996987288701348,
                0.0,
                0.4825898110866547,
                0.05757014080882073,
                -0.05960541591048241,
                1.0
            ],
            "name": "_24_LFingerD1"
        },
        {
            "children": [
                28
            ],
            "matrix": [
                1.0,
                0.0,
                0.0,
                0.0,
                0.0,
                1.0,
                0.0,
                0.0,
                0.0,
                0.0,
                1.0,
                0.0,
                0.2173095941543579,
                0.0,
                3.512388104809361e-7,
                1.0
            ],
            "name": "_25_LFingerD2"
        },
        {
            "matrix": [
                1.0,
                0.0,
                0.0,
                0.0,
                0.0,
                1.0,
                0.0,
                0.0,
                0.0,
                0.0,
                1.0,
                0.0,
                0.14127489924430848,
                0.0,
                -2.422331846219095e-8,
                1.0
            ],
            "name": "_26_LFingerD3"
        },
        {
            "children": [
                30
            ],
            "matrix": [
                0.9994530081748962,
                0.000004399869339977158,
                0.03307025879621506,
                0.0,
                -0.03307025879621506,
                -0.0000042230817598465368,
                0.9994530081748962,
                0.0,
                0.000004537121185421711,
                -1.0,
                -0.000004075267042935593,
                0.0,
                0.48902902007102969,
                0.04657163470983505,
                0.08543078601360321,
                1.0
            ],
            "name": "_20_LFingerC1"
        },
        {
            "children": [
                31
            ],
            "matrix": [
                1.0,
                0.0,
                0.0,
                0.0,
                0.0,
                1.0,
                0.0,
                0.0,
                0.0,
                0.0,
                1.0,
                0.0,
                0.21889109909534458,
                0.0,
                -2.422331846219095e-8,
                1.0
            ],
            "name": "_21_LFingerC2"
        },
        {
            "matrix": [
                1.0,
                0.0,
                0.0,
                0.0,
                0.0,
                1.0,
                0.0,
                0.0,
                0.0,
                0.0,
                1.0,
                0.0,
                0.14763343334198,
                -9.689338043017418e-8,
                0.0000011990553048235598,
                1.0
            ],
            "name": "_22_LFingerC3"
        },
        {
            "children": [
                33
            ],
            "matrix": [
                0.99769788980484,
                0.000004709153017756762,
                0.06781518459320069,
                0.0,
                -0.06781518459320069,
                -0.000003993967311544111,
                0.99769788980484,
                0.0,
                0.000004969163910573116,
                -1.0,
                -0.0000036654205359809568,
                0.0,
                0.487383097410202,
                0.04627928137779236,
                0.2331673502922058,
                1.0
            ],
            "name": "_16_LFingerB1"
        },
        {
            "children": [
                34
            ],
            "matrix": [
                1.0,
                0.0,
                0.0,
                0.0,
                0.0,
                1.0,
                0.0,
                0.0,
                0.0,
                0.0,
                1.0,
                0.0,
                0.19735227525234226,
                -4.844669021508708e-8,
                -3.6334952824290677e-8,
                1.0
            ],
            "name": "_17_LFingerB2"
        },
        {
            "matrix": [
                1.0,
                0.0,
                0.0,
                0.0,
                0.0,
                1.0,
                0.0,
                0.0,
                0.0,
                0.0,
                1.0,
                0.0,
                0.14958272874355317,
                0.0,
                0.0000011990553048235598,
                1.0
            ],
            "name": "_18_LFingerB3"
        },
        {
            "children": [
                36
            ],
            "matrix": [
                0.7565706372261047,
                -0.5288235545158386,
                0.38463813066482546,
                0.0,
                -0.3200792372226715,
                -0.8124150633811951,
                -0.4873715341091156,
                0.0,
                0.5702193379402161,
                0.24561631679534913,
                -0.7839148640632629,
                0.0,
                0.2399944514036179,
                -0.13420169055461884,
                0.2595727741718292,
                1.0
            ],
            "name": "_13_LFingerA1"
        },
        {
            "matrix": [
                1.0,
                0.0,
                0.0,
                0.0,
                0.0,
                1.0,
                0.0,
                0.0,
                0.0,
                0.0,
                1.0,
                0.0,
                0.26405584812164309,
                0.0,
                0.0,
                1.0
            ],
            "name": "_14_LFingerA2"
        },
        {
            "children": [
                38
            ],
            "name": "_05_Head"
        },
        {
            "matrix": [
                -0.2459571212530136,
                -7.03688556313864e-7,
                0.96928071975708,
                0.0,
                -0.000005403071554610506,
                1.0,
                -6.450508180932957e-7,
                0.0,
                -0.96928071975708,
                -0.000005395747848524479,
                -0.2459571212530136,
                0.0,
                -0.1381157487630844,
                3.696182357577904e-13,
                -0.08768689632415772,
                1.0
            ],
            "name": "_07_Jaw"
        },
        {
            "children": [
                40
            ],
            "matrix": [
                1.0,
                -0.0,
                0.0,
                0.0,
                0.0,
                4.4896641959724089e-11,
                1.0,
                0.0,
                -0.0,
                -1.0,
                4.4896641959724089e-11,
                0.0,
                0.0,
                0.0,
                0.0,
                1.0
            ],
            "name": "_01_pm0074_00"
        },
        {
            "children": [
                2
            ],
            "name": "_02_Origin"
        }
    ],
    "meshes": [
        {
            "primitives": [
                {
                    "attributes": {
                        "COLOR_0": 1,
                        "JOINTS_0": 2,
                        "NORMAL": 3,
                        "POSITION": 4,
                        "TEXCOORD_0": 5,
                        "WEIGHTS_0": 6
                    },
                    "indices": 0,
                    "mode": 4,
                    "material": 0
                },
                {
                    "attributes": {
                        "COLOR_0": 8,
                        "JOINTS_0": 9,
                        "NORMAL": 10,
                        "POSITION": 11,
                        "TEXCOORD_0": 12,
                        "WEIGHTS_0": 13
                    },
                    "indices": 7,
                    "mode": 4,
                    "material": 1
                },
                {
                    "attributes": {
                        "COLOR_0": 15,
                        "JOINTS_0": 16,
                        "NORMAL": 17,
                        "POSITION": 18,
                        "TEXCOORD_0": 19,
                        "WEIGHTS_0": 20
                    },
                    "indices": 14,
                    "mode": 4,
                    "material": 2
                },
                {
                    "attributes": {
                        "COLOR_0": 22,
                        "JOINTS_0": 23,
                        "NORMAL": 24,
                        "POSITION": 25,
                        "TEXCOORD_0": 26,
                        "WEIGHTS_0": 27
                    },
                    "indices": 21,
                    "mode": 4,
                    "material": 3
                }
            ],
            "name": "Geodude"
        }
    ],
    "skins": [
        {
            "inverseBindMatrices": 28,
            "skeleton": 2,
            "joints": [
                37,
                2,
                20,
                38,
                3,
                5,
                18,
                19,
                4,
                22,
                35,
                32,
                29,
                30,
                31,
                33,
                34,
                36,
                21,
                26,
                23,
                27,
                28,
                24,
                25,
                15,
                12,
                13,
                14,
                16,
                17,
                6,
                7,
                9,
                8,
                10,
                11
            ],
            "name": "geom-Geodude-skin1"
        }
    ],
    "accessors": [
        {
            "bufferView": 0,
            "byteOffset": 0,
            "componentType": 5123,
            "count": 384,
            "max": [
                85
            ],
            "min": [
                0
            ],
            "type": "SCALAR"
        },
        {
            "bufferView": 1,
            "byteOffset": 0,
            "componentType": 5126,
            "count": 86,
            "max": [
                1.0,
                1.0,
                1.0
            ],
            "min": [
                1.0,
                1.0,
                1.0
            ],
            "type": "VEC3"
        },
        {
            "bufferView": 2,
            "byteOffset": 0,
            "componentType": 5123,
            "count": 86,
            "max": [
                0,
                1,
                0,
                0
            ],
            "min": [
                0,
                0,
                0,
                0
            ],
            "type": "VEC4"
        },
        {
            "bufferView": 1,
            "byteOffset": 1032,
            "componentType": 5126,
            "count": 86,
            "max": [
                0.8092535734176636,
                0.6322854161262512,
                0.9589688777923584
            ],
            "min": [
                -0.8092538118362427,
                -0.7944933176040649,
                0.4178869128227234
            ],
            "type": "VEC3"
        },
        {
            "bufferView": 1,
            "byteOffset": 2064,
            "componentType": 5126,
            "count": 86,
            "max": [
                0.40595296025276186,
                0.7184542417526245,
                0.47916847467422488
            ],
            "min": [
                -0.40595296025276186,
                0.49495965242385867,
                0.2626994848251343
            ],
            "type": "VEC3"
        },
        {
            "bufferView": 2,
            "byteOffset": 688,
            "componentType": 5126,
            "count": 86,
            "max": [
                0.4953612983226776,
                0.21141397953033448
            ],
            "min": [
                0.007466846145689488,
                0.034542620182037356
            ],
            "type": "VEC2"
        },
        {
            "bufferView": 3,
            "byteOffset": 0,
            "componentType": 5126,
            "count": 86,
            "max": [
                1.0,
                0.009999999776482582,
                0.0,
                0.0
            ],
            "min": [
                0.9900000095367432,
                0.0,
                0.0,
                0.0
            ],
            "type": "VEC4"
        },
        {
            "bufferView": 0,
            "byteOffset": 768,
            "componentType": 5123,
            "count": 12972,
            "max": [
                2657
            ],
            "min": [
                0
            ],
            "type": "SCALAR"
        },
        {
            "bufferView": 1,
            "byteOffset": 3096,
            "componentType": 5126,
            "count": 2658,
            "max": [
                1.0,
                1.0,
                1.0
            ],
            "min": [
                1.0,
                1.0,
                1.0
            ],
            "type": "VEC3"
        },
        {
            "bufferView": 2,
            "byteOffset": 1376,
            "componentType": 5123,
            "count": 2658,
            "max": [
                36,
                36,
                36,
                4
            ],
            "min": [
                0,
                0,
                0,
                0
            ],
            "type": "VEC4"
        },
        {
            "bufferView": 1,
            "byteOffset": 34992,
            "componentType": 5126,
            "count": 2658,
            "max": [
                0.9965410232543944,
                0.9993990063667296,
                0.9999917149543762
            ],
            "min": [
                -0.9965410232543944,
                -0.9999682903289796,
                -0.9998276829719544
            ],
            "type": "VEC3"
        },
        {
            "bufferView": 1,
            "byteOffset": 66888,
            "componentType": 5126,
            "count": 2658,
            "max": [
                2.5962865352630617,
                1.1387429237365725,
                0.5242839455604553
            ],
            "min": [
                -2.5962865352630617,
                0.08016951382160187,
                -0.5608751773834229
            ],
            "type": "VEC3"
        },
        {
            "bufferView": 2,
            "byteOffset": 22640,
            "componentType": 5126,
            "count": 2658,
            "max": [
                0.99637371301651,
                0.99609375
            ],
            "min": [
                0.0039055999368429186,
                0.003316283226013184
            ],
            "type": "VEC2"
        },
        {
            "bufferView": 3,
            "byteOffset": 1376,
            "componentType": 5126,
            "count": 2658,
            "max": [
                1.0,
                0.9900000095367432,
                0.8399999737739563,
                0.029999999329447748
            ],
            "min": [
                0.009999999776482582,
                0.0,
                0.0,
                0.0
            ],
            "type": "VEC4"
        },
        {
            "bufferView": 0,
            "byteOffset": 26712,
            "componentType": 5123,
            "count": 192,
            "max": [
                42
            ],
            "min": [
                0
            ],
            "type": "SCALAR"
        },
        {
            "bufferView": 1,
            "byteOffset": 98784,
            "componentType": 5126,
            "count": 43,
            "max": [
                1.0,
                1.0,
                1.0
            ],
            "min": [
                1.0,
                1.0,
                1.0
            ],
            "type": "VEC3"
        },
        {
            "bufferView": 2,
            "byteOffset": 43904,
            "componentType": 5123,
            "count": 43,
            "max": [
                0,
                1,
                0,
                0
            ],
            "min": [
                0,
                0,
                0,
                0
            ],
            "type": "VEC4"
        },
        {
            "bufferView": 1,
            "byteOffset": 99300,
            "componentType": 5126,
            "count": 43,
            "max": [
                0.7250602841377258,
                0.4523344933986664,
                0.9598472118377686
            ],
            "min": [
                0.2805060148239136,
                -0.8689032196998596,
                0.2882528007030487
            ],
            "type": "VEC3"
        },
        {
            "bufferView": 1,
            "byteOffset": 99816,
            "componentType": 5126,
            "count": 43,
            "max": [
                0.4096537232398987,
                0.7142530679702759,
                0.4812512397766114
            ],
            "min": [
                0.06921423971652985,
                0.49703991413116457,
                0.2661564350128174
            ],
            "type": "VEC3"
        },
        {
            "bufferView": 2,
            "byteOffset": 44248,
            "componentType": 5126,
            "count": 43,
            "max": [
                0.9902694821357728,
                0.9807525873184204
            ],
            "min": [
                0.020573679357767106,
                0.01674330234527588
            ],
            "type": "VEC2"
        },
        {
            "bufferView": 3,
            "byteOffset": 43904,
            "componentType": 5126,
            "count": 43,
            "max": [
                1.0,
                0.009999999776482582,
                0.0,
                0.0
            ],
            "min": [
                0.9900000095367432,
                0.0,
                0.0,
                0.0
            ],
            "type": "VEC4"
        },
        {
            "bufferView": 0,
            "byteOffset": 27096,
            "componentType": 5123,
            "count": 192,
            "max": [
                42
            ],
            "min": [
                0
            ],
            "type": "SCALAR"
        },
        {
            "bufferView": 1,
            "byteOffset": 100332,
            "componentType": 5126,
            "count": 43,
            "max": [
                1.0,
                1.0,
                1.0
            ],
            "min": [
                1.0,
                1.0,
                1.0
            ],
            "type": "VEC3"
        },
        {
            "bufferView": 2,
            "byteOffset": 44592,
            "componentType": 5123,
            "count": 43,
            "max": [
                0,
                1,
                0,
                0
            ],
            "min": [
                0,
                0,
                0,
                0
            ],
            "type": "VEC4"
        },
        {
            "bufferView": 1,
            "byteOffset": 100848,
            "componentType": 5126,
            "count": 43,
            "max": [
                -0.2805060148239136,
                0.45233508944511416,
                0.9598472118377686
            ],
            "min": [
                -0.7250602841377258,
                -0.8689032196998596,
                0.2882528007030487
            ],
            "type": "VEC3"
        },
        {
            "bufferView": 1,
            "byteOffset": 101364,
            "componentType": 5126,
            "count": 43,
            "max": [
                -0.06921423971652985,
                0.7142530679702759,
                0.4812512397766114
            ],
            "min": [
                -0.4096537232398987,
                0.49703991413116457,
                0.2661564350128174
            ],
            "type": "VEC3"
        },
        {
            "bufferView": 2,
            "byteOffset": 44936,
            "componentType": 5126,
            "count": 43,
            "max": [
                0.9902694821357728,
                0.9807525873184204
            ],
            "min": [
                0.020573679357767106,
                0.01674330234527588
            ],
            "type": "VEC2"
        },
        {
            "bufferView": 3,
            "byteOffset": 44592,
            "componentType": 5126,
            "count": 43,
            "max": [
                1.0,
                0.009999999776482582,
                0.0,
                0.0
            ],
            "min": [
                0.9900000095367432,
                0.0,
                0.0,
                0.0
            ],
            "type": "VEC4"
        },
        {
            "bufferView": 4,
            "byteOffset": 0,
            "componentType": 5126,
            "count": 37,
            "max": [
                1.0,
                0.000013264800145407208,
                0.570218026638031,
                0.0,
                1.0,
                1.0,
                1.0,
                0.0,
                0.96928071975708,
                1.0,
                1.0,
                0.0,
                9.614219665527344,
                36.39886093139649,
                17.040159225463868,
                1.0
            ],
            "min": [
                -1.0,
                -1.0,
                -0.5702124238014221,
                0.0,
                -0.24595655500888825,
                -1.0,
                -0.9692807793617249,
                0.0,
                -0.000005330124167812755,
                -1.0,
                -0.2459566593170166,
                0.0,
                -95.04386138916016,
                -36.39886093139649,
                -23.11882972717285,
                1.0
            ],
            "type": "MAT4"
        }
    ],
    "materials": [
        {
            "pbrMetallicRoughness": {
                "baseColorFactor": [
                    1.0,
                    1.0,
                    1.0,
                    1.0
                ],
                "baseColorTexture": {
                    "index": 0
                },
                "metallicFactor": 0.0
            },
            "emissiveFactor": [
                0.0,
                0.0,
                0.0
            ],
            "occlusionTexture": {
                "index": 0
            },
            "name": "Eye"
        },
        {
            "pbrMetallicRoughness": {
                "baseColorFactor": [
                    1.0,
                    1.0,
                    1.0,
                    1.0
                ],
                "baseColorTexture": {
                    "index": 1
                },
                "metallicFactor": 0.0
            },
            "emissiveFactor": [
                0.0,
                0.0,
                0.0
            ],
            "occlusionTexture": {
                "index": 1
            },
            "name": "Body"
        },
        {
            "pbrMetallicRoughness": {
                "baseColorTexture": {
                    "index": 2
                },
                "metallicFactor": 0.0
            },
            "emissiveFactor": [
                0.0,
                0.0,
                0.0
            ],
            "occlusionTexture": {
                "index": 2
            },
            "name": "LIris"
        },
        {
            "pbrMetallicRoughness": {
                "baseColorTexture": {
                    "index": 3
                },
                "metallicFactor": 0.0
            },
            "emissiveFactor": [
                0.0,
                0.0,
                0.0
            ],
            "occlusionTexture": {
                "index": 3
            },
            "name": "RIris"
        }
    ],
    "textures": [
        {
            "sampler": 0,
            "source": 0
        },
        {
