{
    "asset": {
        "generator": "COLLADA2GLTF",
        "version": "2.0"
    },
    "scenes": [
        {
            "nodes": [
                0
            ]
        }
    ],
    "scene": 0,
    "nodes": [
        {
            "children": [
                19,
                1
            ],
            "matrix": [
                1.0,
                0.0,
                0.0,
                0.0,
                0.0,
                0.0,
                -1.0,
                0.0,
                0.0,
                1.0,
                0.0,
                0.0,
                0.0,
                0.0,
                0.0,
                1.0
            ],
            "name": "Z_UP"
        },
        {
            "mesh": 0,
            "skin": 0,
            "name": "Slowpoke"
        },
        {
            "children": [
                15,
                7,
                3
            ],
            "matrix": [
                -1.0,
                -8.979318677493353e-11,
                0.0,
                0.0,
                8.979318677493353e-11,
                -1.0,
                0.0,
                0.0,
                0.0,
                0.0,
                1.0,
                0.0,
                0.0,
                0.0,
                0.0,
                1.0
            ],
            "name": "Hips"
        },
        {
            "children": [
                4
            ],
            "matrix": [
                0.055082131177186969,
                0.927696704864502,
                0.36924898624420168,
                0.0,
                -0.000007837968041712884,
                0.3698108196258545,
                -0.9291070699691773,
                0.0,
                -0.998481810092926,
                0.05117430537939072,
                0.02037723921239376,
                0.0,
                0.4055668711662293,
                0.33435797691345217,
                0.12652172148227693,
                1.0
            ],
            "name": "LHips"
        },
        {
            "children": [
                5
            ],
            "matrix": [
                0.517096757888794,
                -0.855926513671875,
                -0.0008860540110617876,
                0.0,
                0.8549957275390625,
                0.5164856314659119,
                0.04716961830854416,
                0.0,
                -0.03991609066724777,
                -0.025148827582597737,
                0.9988865256309508,
                0.0,
                0.3838701844215393,
                0.0,
                2.5400000325248585e-8,
                1.0
            ],
            "name": "LThigh"
        },
        {
            "children": [
                6
            ],
            "matrix": [
                0.98115736246109,
                0.0,
                -0.1932104080915451,
                0.0,
                0.0,
                1.0,
                0.0,
                0.0,
                0.1932104080915451,
                0.0,
                0.98115736246109,
                0.0,
                0.4982997179031372,
                0.0,
                -1.7780000405309696e-7,
                1.0
            ],
            "name": "LLeg"
        },
        {
            "matrix": [
                -0.15427301824092866,
                0.3463608622550965,
                0.9253291487693788,
                0.0,
                0.22088269889354709,
                0.9249280691146852,
                -0.3093846738338471,
                0.0,
                -0.9630216360092164,
                0.15665949881076814,
                -0.21919655799865724,
                0.0,
                0.2906648814678192,
                0.0,
                1.2699999274445873e-7,
                1.0
            ],
            "name": "LFoot"
        },
        {
            "children": [
                8
            ],
            "matrix": [
                0.9882007837295532,
                6.8969231367677075e-12,
                -0.15316414833068849,
                0.0,
                -6.8969231367677075e-12,
                -1.0,
                -8.952791979988106e-11,
                0.0,
                -0.15316414833068849,
                8.952791979988106e-11,
                -0.9882007837295532,
                0.0,
                0.8092007637023926,
                0.0,
                0.05483326688408852,
                1.0
            ],
            "name": "Tail1"
        },
        {
            "children": [
                9
            ],
            "matrix": [
                0.9913432002067566,
                0.0,
                0.13129600882530213,
                0.0,
                0.0,
                1.0,
                0.0,
                0.0,
                -0.13129600882530213,
                0.0,
                0.9913432002067566,
                0.0,
                0.3322675526142121,
                2.5400000325248585e-8,
                0.0,
                1.0
            ],
            "name": "Tail2"
        },
        {
            "children": [
                10
            ],
            "matrix": [
                1.0,
                0.0,
                0.0,
                0.0,
                0.0,
                1.0,
                0.0,
                0.0,
                0.0,
                0.0,
                1.0,
                0.0,
                0.5260263681411743,
                5.0800000650497177e-8,
                1.2699999274445873e-7,
                1.0
            ],
            "name": "Tail3"
        },
        {
            "children": [
                11
            ],
            "matrix": [
                1.0,
                0.0,
                0.0,
                0.0,
                0.0,
                1.0,
                0.0,
                0.0,
                0.0,
                0.0,
                1.0,
                0.0,
                0.4899380505084992,
                2.5400000325248585e-8,
                -2.5400000325248585e-8,
                1.0
            ],
            "name": "Tail4"
        },
        {
            "children": [
                12
            ],
            "matrix": [
                1.0,
                0.0,
                0.0,
                0.0,
                0.0,
                1.0,
                0.0,
                0.0,
                0.0,
                0.0,
                1.0,
                0.0,
                0.4873802661895752,
                0.0,
                6.603999622711854e-7,
                1.0
            ],
            "name": "Tail5"
        },
        {
            "children": [
                13
            ],
            "matrix": [
                1.0,
                0.0,
                0.0,
                0.0,
                0.0,
                1.0,
                0.0,
                0.0,
                0.0,
                0.0,
                1.0,
                0.0,
                0.4939614236354828,
                0.0,
                6.603999622711854e-7,
                1.0
            ],
            "name": "Tail6"
        },
        {
            "children": [
                14
            ],
            "matrix": [
                1.0,
                0.0,
                0.0,
                0.0,
                0.0,
                1.0,
                0.0,
                0.0,
                0.0,
                0.0,
                1.0,
                0.0,
                0.4993868470191956,
                0.0,
                -0.0000014478000593953766,
                1.0
            ],
            "name": "Tail7"
        },
        {
            "matrix": [
                1.0,
                0.0,
                0.0,
                0.0,
                0.0,
                1.0,
                0.0,
                0.0,
                0.0,
                0.0,
                1.0,
                0.0,
                0.4839563667774201,
                2.5400000325248585e-8,
                3.8099997823337619e-7,
                1.0
            ],
            "name": "Tail8"
        },
        {
            "children": [
                16
            ],
            "matrix": [
                0.05508086457848549,
                -0.9276952743530272,
                0.3692528009414673,
                0.0,
                0.000005521555067389272,
                0.3698144853115082,
                0.9291056394577026,
                0.0,
                -0.9984818696975708,
                -0.05117390304803848,
                0.02037482522428036,
                0.0,
                0.4055668711662293,
                -0.33435797691345217,
                0.1265222281217575,
                1.0
            ],
            "name": "RHips"
        },
        {
            "children": [
                17
            ],
            "matrix": [
                0.517096757888794,
                0.855926513671875,
                -0.0008860540110617876,
                0.0,
                -0.8549957275390625,
                0.5164856314659119,
                -0.04716961830854416,
                0.0,
                -0.03991609066724777,
                0.025148827582597737,
                0.9988865256309508,
                0.0,
                0.3838676512241364,
                1.7780000405309696e-7,
                4.826000008506526e-7,
                1.0
            ],
            "name": "RThigh"
        },
        {
            "children": [
                18
            ],
            "matrix": [
                0.98115736246109,
                0.0,
                -0.1932104080915451,
                0.0,
                0.0,
                1.0,
                0.0,
                0.0,
                0.1932104080915451,
                0.0,
                0.98115736246109,
                0.0,
                0.4982997179031372,
                -7.619999564667523e-7,
                -8.128000104079547e-7,
                1.0
            ],
            "name": "RLeg"
        },
        {
            "matrix": [
                -0.15427356958389286,
                -0.34635981917381289,
                0.9253294467926024,
                0.0,
                -0.2208816409111023,
                0.924928605556488,
                0.3093837797641754,
                0.0,
                -0.9630218148231506,
                -0.15665854513645173,
                -0.21919655799865724,
                0.0,
                0.2906648814678192,
                -5.588000249190372e-7,
                2.2860000115088042e-7,
                1.0
            ],
            "name": "RFoot"
        },
        {
            "children": [
                20
            ],
            "matrix": [
                1.0,
                0.0,
                0.0,
                0.0,
                0.0,
                4.4896641959724089e-11,
                1.0,
                0.0,
                0.0,
                -1.0,
                4.4896641959724089e-11,
                0.0,
                0.0,
                0.0,
                0.0,
                1.0
            ],
            "name": "pm0079_00"
        },
        {
            "children": [
                21
            ],
            "name": "Origin"
        },
        {
            "children": [
                22,
                2
            ],
            "matrix": [
                3.456146480118605e-11,
                3.4561353778883588e-11,
                1.0,
                0.0,
                -1.0,
                3.456146480118605e-11,
                3.4561353778883588e-11,
                0.0,
                -3.4561353778883588e-11,
                -1.0,
                3.456146480118605e-11,
                0.0,
                0.0,
                1.0884764194488526,
                -0.32385507225990298,
                1.0
            ],
            "name": "Waist"
        },
        {
            "children": [
                23
            ],
            "name": "Spine1"
        },
        {
            "children": [
                32,
                28,
                24
            ],
            "matrix": [
                0.9972578287124634,
                0.000005947876161371823,
                -0.07400527596473694,
                0.0,
                -0.000005744956979469862,
                1.0,
                0.000002954825276901829,
                0.0,
                0.07400527596473694,
                -0.0000025215654204657769,
                0.9972578287124634,
                0.0,
                0.5691632032394409,
                0.0,
                1.7780000405309696e-7,
                1.0
            ],
            "name": "Spine2"
        },
        {
            "children": [
                25
            ],
            "matrix": [
                0.3693147599697113,
                0.7297467589378357,
                0.5753922462463379,
                0.0,
                -0.05923547968268395,
                -0.5994197130203247,
                0.798240065574646,
                0.0,
                0.9274145364761353,
                -0.3288854658603668,
                -0.17814764380455018,
                0.0,
                0.2872079610824585,
                0.3452748954296112,
                0.20957666635513309,
                1.0
            ],
            "name": "RShoulder"
        },
        {
            "children": [
                26
            ],
            "matrix": [
                0.8491331934928894,
                0.52181476354599,
                -0.08174453675746918,
                0.0,
                -0.49471649527549746,
                0.8399655222892761,
                0.222965270280838,
                0.0,
                0.18500916659832,
                -0.14888682961463929,
                0.9713929891586304,
                0.0,
                0.2841167747974396,
                0.000001346199951512972,
                1.7780000405309696e-7,
                1.0
            ],
            "name": "RArm"
        },
        {
            "children": [
                27
            ],
            "matrix": [
                1.0,
                0.0,
                0.0,
                0.0,
                0.0,
                1.0,
                0.0,
                0.0,
                0.0,
                0.0,
                1.0,
                0.0,
                0.4731080234050751,
                -7.620000275210259e-8,
                1.7780000405309696e-7,
                1.0
            ],
            "name": "RForeArm"
        },
        {
            "matrix": [
                0.31379708647727969,
                -0.11677774786949158,
                0.9422814846038818,
                0.0,
                -0.2969905138015747,
                0.930539608001709,
                0.2142258733510971,
                0.0,
                -0.901847004890442,
                -0.3470720946788788,
                0.25731873512268069,
                0.0,
                0.27405837178230288,
                2.5400000325248585e-8,
                -2.794000124595186e-7,
                1.0
            ],
            "name": "RHand"
        },
        {
            "children": [
                29
            ],
            "matrix": [
                0.3693147599697113,
                -0.7297467589378357,
                0.5753922462463379,
                0.0,
                0.05923547968268395,
                -0.5994197130203247,
                -0.798240065574646,
                0.0,
                0.9274145364761353,
                0.3288854658603668,
                -0.17814764380455018,
                0.0,
                0.2872079610824585,
                -0.3452748954296112,
                0.20957741141319276,
                1.0
            ],
            "name": "LShoulder"
        },
        {
            "children": [
                30
            ],
            "matrix": [
                0.8491331934928894,
                -0.52181476354599,
                -0.08174453675746918,
                0.0,
                0.49471649527549746,
                0.8399655222892761,
                -0.222965270280838,
                0.0,
                0.18500916659832,
                0.14888682961463929,
                0.9713929891586304,
                0.0,
                0.2841167747974396,
                0.0,
                2.5400000325248585e-8,
                1.0
            ],
            "name": "LArm"
        },
        {
            "children": [
                31
            ],
            "matrix": [
                1.0,
                0.0,
                0.0,
                0.0,
                0.0,
                1.0,
                0.0,
                0.0,
                0.0,
                0.0,
                1.0,
                0.0,
                0.473110556602478,
                -2.5400000325248585e-8,
                2.5400000325248585e-8,
                1.0
            ],
            "name": "LForeArm"
        },
        {
            "matrix": [
                0.3137974739074707,
                0.11677737534046172,
                0.9422813653945924,
                0.0,
                0.2969920039176941,
                0.930539071559906,
                -0.21422608196735386,
                0.0,
                -0.901846408843994,
                0.34707364439964297,
                0.2573188543319702,
                0.0,
                0.27405837178230288,
                -2.5400000325248585e-8,
                2.5400000325248585e-8,
                1.0
            ],
            "name": "LHand"
        },
        {
            "children": [
                35,
                34,
                33
            ],
            "matrix": [
                0.9905970692634584,
                0.0,
                -0.1368116140365601,
                0.0,
                0.0,
                1.0,
                0.0,
                0.0,
                0.1368116140365601,
                0.0,
                0.9905970692634584,
                0.0,
                0.6377787590026856,
                0.0,
                -1.7780000405309696e-7,
                1.0
            ],
            "name": "Head"
        },
        {
            "matrix": [
                0.5283835530281067,
                0.0,
                0.8490058183670044,
                0.0,
                0.0,
                1.0,
                0.0,
                0.0,
                -0.8490058183670044,
                0.0,
                0.5283835530281067,
                0.0,
                0.14268729090690614,
                -7.620000275210259e-8,
                0.3648709952831269,
                1.0
            ],
            "name": "Jaw"
        },
        {
            "matrix": [
                0.23456096649169926,
                0.8000339269638062,
                -0.5522018074989319,
                0.0,
                -0.3421005606651306,
                0.5996469855308533,
                0.7234574556350708,
                0.0,
                0.9099166989326476,
                0.01921367458999157,
                0.4143458306789398,
                0.0,
                0.2664536237716675,
                0.4941315948963166,
                -0.0717410296201706,
                1.0
            ],
            "name": "REar"
        },
        {
            "matrix": [
                0.23456096649169926,
                -0.8000339269638062,
                -0.5522018074989319,
                0.0,
                0.3421005606651306,
                0.5996469855308533,
                -0.7234574556350708,
                0.0,
                0.9099166989326476,
                -0.01921367458999157,
                0.4143458306789398,
                0.0,
                0.2664536237716675,
                -0.4941315948963166,
                -0.07174205034971237,
                1.0
            ],
            "name": "LEar"
        }
    ],
    "meshes": [
        {
            "primitives": [
                {
                    "attributes": {
                        "JOINTS_0": 1,
                        "NORMAL": 2,
                        "POSITION": 3,
                        "TEXCOORD_0": 4,
                        "WEIGHTS_0": 5
                    },
                    "indices": 0,
                    "mode": 4,
                    "material": 0
                },
                {
                    "attributes": {
                        "JOINTS_0": 7,
                        "NORMAL": 8,
                        "POSITION": 9,
                        "TEXCOORD_0": 10,
                        "WEIGHTS_0": 11
                    },
                    "indices": 6,
                    "mode": 4,
                    "material": 1
                }
            ],
            "name": "Slowpoke"
        }
    ],
    "skins": [
        {
            "inverseBindMatrices": 12,
            "skeleton": 2,
            "joints": [
                2,
                3,
                4,
                5,
                6,
                15,
                16,
                17,
                18,
                7,
                8,
                9,
                10,
                11,
                12,
                13,
                14,
                22,
                23,
                32,
                33,
                35,
                34,
                28,
                29,
                30,
                31,
                24,
                25,
                26,
                27
            ],
            "name": "Slowpoke-mesh-skin"
        }
    ],
    "accessors": [
        {
            "bufferView": 0,
            "byteOffset": 0,
            "componentType": 5123,
            "count": 12114,
            "max": [
                2513
            ],
            "min": [
                0
            ],
            "type": "SCALAR"
        },
        {
            "bufferView": 1,
            "byteOffset": 0,
            "componentType": 5123,
            "count": 2514,
            "max": [
                30,
                30,
                30,
                30
            ],
            "min": [
                0,
                0,
                0,
                0
            ],
            "type": "VEC4"
        },
        {
            "bufferView": 2,
            "byteOffset": 0,
            "componentType": 5126,
            "count": 2514,
            "max": [
                0.9999070167541504,
                0.997085988521576,
                0.999908983707428
            ],
            "min": [
                -0.9999070167541504,
                -0.9997259974479676,
                -0.9999399781227112
            ],
            "type": "VEC3"
        },
        {
            "bufferView": 2,
            "byteOffset": 30168,
            "componentType": 5126,
            "count": 2514,
            "max": [
                0.9893604516983032,
                4.722063064575195,
                2.055370330810547
            ],
            "min": [
                -0.9893604516983032,
                -1.9732574224472049,
                -0.000021615400328300898
            ],
            "type": "VEC3"
        },
        {
            "bufferView": 1,
            "byteOffset": 20112,
            "componentType": 5126,
            "count": 2514,
            "max": [
                0.991491973400116,
                0.9864410161972046
            ],
            "min": [
                0.00850799959152937,
                0.01219099760055542
            ],
            "type": "VEC2"
        },
        {
            "bufferView": 3,
            "byteOffset": 0,
            "componentType": 5126,
            "count": 2514,
            "max": [
                1.0,
                0.9900000095367432,
                0.9399999976158142,
                0.3700000047683716
            ],
            "min": [
                0.009999999776482582,
                0.0,
                0.0,
                0.0
            ],
            "type": "VEC4"
        },
        {
            "bufferView": 0,
            "byteOffset": 24228,
            "componentType": 5123,
            "count": 228,
            "max": [
                57
            ],
            "min": [
                0
            ],
            "type": "SCALAR"
        },
        {
            "bufferView": 1,
            "byteOffset": 40224,
            "componentType": 5123,
            "count": 58,
            "max": [
                19,
                22,
                0,
                0
            ],
            "min": [
                19,
                0,
                0,
                0
            ],
            "type": "VEC4"
        },
        {
            "bufferView": 2,
            "byteOffset": 60336,
            "componentType": 5126,
            "count": 58,
            "max": [
                0.8712030053138733,
                -0.34086599946022036,
                0.8405939936637878
            ],
            "min": [
                -0.8712030053138733,
                -0.8337290287017822,
                0.09544800221920014
            ],
            "type": "VEC3"
        },
        {
            "bufferView": 2,
            "byteOffset": 61032,
            "componentType": 5126,
            "count": 58,
            "max": [
                0.6244259476661682,
                -1.220076322555542,
                1.3843863010406497
            ],
            "min": [
                -0.6244259476661682,
                -1.621662974357605,
                0.8800210952758789
            ],
            "type": "VEC3"
        },
        {
            "bufferView": 1,
            "byteOffset": 40688,
            "componentType": 5126,
            "count": 58,
            "max": [
                0.4903799891471863,
                -0.7915300130844116
            ],
            "min": [
                0.009624999947845936,
                -0.9711999893188476
            ],
            "type": "VEC2"
        },
        {
            "bufferView": 3,
            "byteOffset": 40224,
            "componentType": 5126,
            "count": 58,
            "max": [
                1.0,
                0.09000000357627869,
                0.0,
                0.0
            ],
            "min": [
                0.9100000262260436,
                0.0,
                0.0,
                0.0
            ],
            "type": "VEC4"
        },
        {
            "bufferView": 4,
            "byteOffset": 0,
            "componentType": 5126,
            "count": 31,
            "max": [
                0.9276970028877258,
                1.0,
                0.3288840055465698,
                0.0,
                1.0,
                0.3506799936294556,
                0.7192929983139038,
                0.0,
                0.589119017124176,
                0.9291070103645324,
                1.0,
                0.0,
                26.542600631713868,
                41.62689971923828,
                53.19889831542969,
                1.0
            ],
            "min": [
                -0.9276940226554872,
                -1.0,
                -0.3288950026035309,
                0.0,
                -1.0,
                -0.350695013999939,
                -0.9995689988136292,
                0.0,
                -0.9861680269241332,
                -0.92910498380661,
                -1.0,
                0.0,
                -184.57899475097657,
                -41.62689971923828,
                -33.38199996948242,
                1.0
            ],
            "type": "MAT4"
        }
    ],
    "materials": [
        {
            "pbrMetallicRoughness": {
                "baseColorFactor": [
                    1.0,
                    1.0,
                    1.0,
                    1.0
                ],
                "baseColorTexture": {
                    "index": 0
                },
                "metallicFactor": 0.0
            },
            "name": "Material__35"
        },
        {
            "pbrMetallicRoughness": {
                "baseColorFactor": [
                    1.0,
                    1.0,
                    1.0,
                    1.0
                ],
                "baseColorTexture": {
                    "index": 1
                },
                "metallicFactor": 0.0
            },
            "name": "Material__36"
        }
    ],
    "textures": [
        {
            "sampler": 0,
            "source": 0
        },
        {
            "sampler": 0,
            "source": 1
        }
    ],
    "images": [
        {
            "uri": "pm0079_00_Body1.png"
        },
        {
            "uri": "pm0079_00_Eye1.png"
        }
    ],
    "samplers": [
        {
            "magFilter": 9729,
            "minFilter": 9986,
            "wrapS": 10497,
            "wrapT": 10497
        }
    ],
    "bufferViews": [
        {
            "buffer": 0,
            "byteOffset": 146016,
            "byteLength": 24684,
            "target": 34963
        },
        {
            "buffer": 0,
            "byteOffset": 104864,
            "byteLength": 41152,
            "byteStride": 8,
            "target": 34962
        },
        {
            "buffer": 0,
            "byteOffset": 43136,
            "byteLength": 61728,
            "byteStride": 12,
            "target": 34962
        },
        {
            "buffer": 0,
            "byteOffset": 1984,
            "byteLength": 41152,
            "byteStride": 16,
            "target": 34962
        },
        {
            "buffer": 0,
            "byteOffset": 0,
            "byteLength": 1984
        }
    ],
    "buffers": [
        {
            "byteLength": 170700,
            "uri": "Slowpoke_ColladaMax0.bin"
        }
    ]
}
