{
    "asset": {
        "generator": "COLLADA2GLTF",
        "version": "2.0"
    },
    "scenes": [
        {
            "nodes": [
                0
            ]
        }
    ],
    "scene": 0,
    "nodes": [
        {
            "children": [
                17,
                1
            ],
            "matrix": [
                1.0,
                0.0,
                0.0,
                0.0,
                0.0,
                0.0,
                -1.0,
                0.0,
                0.0,
                1.0,
                0.0,
                0.0,
                0.0,
                0.0,
                0.0,
                1.0
            ],
            "name": "Z_UP"
        },
        {
            "mesh": 0,
            "skin": 0,
            "name": "Jigglypuff"
        },
        {
            "children": [
                15,
                13,
                12,
                9,
                7,
                6,
                3
            ],
            "matrix": [
                -0.000003595222551666666,
                1.0,
                0.0,
                0.0,
                -1.0,
                -0.000003595222551666666,
                0.0,
                0.0,
                0.0,
                0.0,
                1.0,
                0.0,
                0.0,
                0.6347866058349609,
                0.0,
                1.0
            ],
            "name": "_03_Waist"
        },
        {
            "children": [
                4
            ],
            "matrix": [
                -0.969163417816162,
                0.1354523599147797,
                -0.2058517783880234,
                0.0,
                -0.24641895294189457,
                -0.5327473878860474,
                0.8096035718917847,
                0.0,
                -0.000004278175765648484,
                0.8353639245033264,
                0.5496972799301148,
                0.0,
                0.08015800267457962,
                0.13690216839313508,
                0.0,
                1.0
            ],
            "name": "_23_RThigh"
        },
        {
            "children": [
                5
            ],
            "matrix": [
                -0.1207037791609764,
                0.474726289510727,
                0.871817409992218,
                0.0,
                -0.21482902765274049,
                0.844934344291687,
                -0.489831030368805,
                0.0,
                -0.9691641330718994,
                -0.2464161515235901,
                -0.0000017807763015298406,
                0.0,
                0.6417693495750427,
                -4.844669092562981e-7,
                2.058982317976188e-7,
                1.0
            ],
            "name": "_24_RFoot"
        },
        {
            "matrix": [
                1.0,
                0.0,
                0.0,
                0.0,
                0.0,
                1.0,
                0.0,
                0.0,
                0.0,
                0.0,
                1.0,
                0.0,
                0.3370376527309418,
                0.0,
                0.0,
                1.0
            ],
            "name": "_25_RToe"
        },
        {
            "matrix": [
                0.6566400527954102,
                0.7427815794944763,
                0.1307646483182907,
                0.0,
                -0.7542041540145874,
                0.6466952562332153,
                0.11384812742471697,
                0.0,
                -5.843022563567502e-7,
                -0.17338047921657566,
                0.9848549365997316,
                0.0,
                0.4330568015575409,
                0.427730917930603,
                -0.03865829110145569,
                1.0
            ],
            "name": "_21_REar"
        },
        {
            "children": [
                8
            ],
            "matrix": [
                -0.25167426466941836,
                0.6675479412078857,
                0.7007423639297485,
                0.0,
                -0.9678120017051696,
                -0.17359048128128053,
                -0.18222589790821076,
                0.0,
                -0.000002322879254279542,
                -0.7240484356880188,
                0.6897491812705994,
                0.0,
                -0.2085002064704895,
                0.41798466444015505,
                0.4340072274208069,
                1.0
            ],
            "name": "_18_RArm"
        },
        {
            "matrix": [
                1.0,
                0.0,
                0.0,
                0.0,
                0.0,
                1.0,
                0.0,
                0.0,
                0.0,
                0.0,
                1.0,
                0.0,
                0.11863450706005097,
                1.9378650506496346e-7,
                -7.323759518840234e-7,
                1.0
            ],
            "name": "_19_RHand"
        },
        {
            "children": [
                10
            ],
            "matrix": [
                -0.969163417816162,
                -0.13545240461826325,
                -0.2058517038822174,
                0.0,
                0.24641890823841096,
                -0.5327473878860474,
                -0.8096035718917847,
                0.0,
                -0.000004194293524051318,
                -0.8353639245033264,
                0.5496972799301148,
                0.0,
                0.08015909790992737,
                -0.13690216839313508,
                -2.887649878396026e-15,
                1.0
            ],
            "name": "_14_LThigh"
        },
        {
            "children": [
                11
            ],
            "matrix": [
                -0.12070408463478089,
                -0.4747263491153717,
                0.8718172907829285,
                0.0,
                0.21482834219932557,
                0.8449344635009766,
                0.48983117938041689,
                0.0,
                -0.969164252281189,
                0.24641568958759309,
                -0.0000023668239919061308,
                0.0,
                0.6417713761329651,
                -2.422331846219095e-8,
                3.6334952824290677e-8,
                1.0
            ],
            "name": "_15_LFoot"
        },
        {
            "matrix": [
                1.0,
                0.0,
                0.0,
                0.0,
                0.0,
                1.0,
                0.0,
                0.0,
                0.0,
                0.0,
                1.0,
                0.0,
                0.3370376527309418,
                -7.266990564858135e-8,
                -6.055842494134822e-9,
                1.0
            ],
            "name": "_16_LToe"
        },
        {
            "matrix": [
                0.6566396951675415,
                -0.742781937122345,
                0.1307642012834549,
                0.0,
                0.7542044520378113,
                0.6466948986053467,
                -0.11384809017181397,
                0.0,
                -2.362619966334023e-7,
                0.17338012158870698,
                0.9848549962043762,
                0.0,
                0.43305703997612,
                -0.427730917930603,
                -0.03865829110145569,
                1.0
            ],
            "name": "_12_LEar"
        },
        {
            "children": [
                14
            ],
            "matrix": [
                -0.25167280435562136,
                -0.6675488948822022,
                0.7007419466972351,
                0.0,
                0.9678123593330384,
                -0.17358896136283878,
                0.1822253465652466,
                0.0,
                -0.000003254869170632446,
                0.7240478992462158,
                0.6897496581077576,
                0.0,
                -0.2084999680519104,
                -0.4179849326610565,
                0.4340072274208069,
                1.0
            ],
            "name": "_09_LArm"
        },
        {
            "matrix": [
                1.0,
                0.0,
                0.0,
                0.0,
                0.0,
                1.0,
                0.0,
                0.0,
                0.0,
                0.0,
                1.0,
                0.0,
                0.11863379180431366,
                4.844669021508708e-8,
                7.039914606821186e-8,
                1.0
            ],
            "name": "_10_LHand"
        },
        {
            "children": [
                16
            ],
            "matrix": [
                0.7748648524284363,
                1.5948679009392123e-13,
                0.6321269273757935,
                0.0,
                -1.34361217898199e-13,
                1.0,
                -8.76010893056771e-14,
                0.0,
                -0.6321269273757935,
                -1.7054335848805218e-14,
                0.7748648524284363,
                0.0,
                0.35549813508987429,
                5.544286817843469e-13,
                0.26657554507255556,
                1.0
            ],
            "name": "_05_Hair1"
        },
        {
            "matrix": [
                -0.14952373504638673,
                -3.56492677155984e-7,
                0.988758146762848,
                0.0,
                9.16149815566314e-7,
                1.0,
                4.990894808543089e-7,
                0.0,
                -0.988758146762848,
                9.804763294596342e-7,
                -0.14952373504638673,
                0.0,
                0.2837078273296356,
                7.392365257256894e-13,
                0.1513161063194275,
                1.0
            ],
            "name": "_07_Hair2"
        },
        {
            "children": [
                18
            ],
            "matrix": [
                1.0,
                -0.0,
                0.0,
                0.0,
                0.0,
                4.4896641959724089e-11,
                1.0,
                0.0,
                -0.0,
                -1.0,
                4.4896641959724089e-11,
                0.0,
                0.0,
                0.0,
                0.0,
                1.0
            ],
            "name": "_01_pm0039_00"
        },
        {
            "children": [
                2
            ],
            "name": "_02_Origin"
        }
    ],
    "meshes": [
        {
            "primitives": [
                {
                    "attributes": {
                        "COLOR_0": 1,
                        "JOINTS_0": 2,
                        "NORMAL": 3,
                        "POSITION": 4,
                        "TEXCOORD_0": 5,
                        "WEIGHTS_0": 6
                    },
                    "indices": 0,
                    "mode": 4,
                    "material": 0
                },
                {
                    "attributes": {
                        "COLOR_0": 8,
                        "JOINTS_0": 9,
                        "NORMAL": 10,
                        "POSITION": 11,
                        "TEXCOORD_0": 12,
                        "WEIGHTS_0": 13
                    },
                    "indices": 7,
                    "mode": 4,
                    "material": 1
                },
                {
                    "attributes": {
                        "COLOR_0": 15,
                        "JOINTS_0": 16,
                        "NORMAL": 17,
                        "POSITION": 18,
                        "TEXCOORD_0": 19,
                        "WEIGHTS_0": 20
                    },
                    "indices": 14,
                    "mode": 4,
                    "material": 2
                },
                {
                    "attributes": {
                        "COLOR_0": 22,
                        "JOINTS_0": 23,
                        "NORMAL": 24,
                        "POSITION": 25,
                        "TEXCOORD_0": 26,
                        "WEIGHTS_0": 27
                    },
                    "indices": 21,
                    "mode": 4,
                    "material": 3
                }
            ],
            "name": "Jigglypuff"
        }
    ],
    "skins": [
        {
            "inverseBindMatrices": 28,
            "skeleton": 2,
            "joints": [
                2,
                15,
                6,
                12,
                16,
                8,
                7,
                13,
                14,
                4,
                5,
                10,
                11
            ],
            "name": "geom-Jigglypuff-skin1"
        }
    ],
    "accessors": [
        {
            "bufferView": 0,
            "byteOffset": 0,
            "componentType": 5123,
            "count": 48,
            "max": [
                14
            ],
            "min": [
                0
            ],
            "type": "SCALAR"
        },
        {
            "bufferView": 1,
            "byteOffset": 0,
            "componentType": 5126,
            "count": 15,
            "max": [
                1.0,
                1.0,
                1.0
            ],
            "min": [
                1.0,
                1.0,
                1.0
            ],
            "type": "VEC3"
        },
        {
            "bufferView": 2,
            "byteOffset": 0,
            "componentType": 5123,
            "count": 15,
            "max": [
                0,
                0,
                0,
                0
            ],
            "min": [
                0,
                0,
                0,
                0
            ],
            "type": "VEC4"
        },
        {
            "bufferView": 1,
            "byteOffset": 180,
            "componentType": 5126,
            "count": 15,
            "max": [
                0.3164876103401184,
                0.012452869676053524,
                0.9996939301490784
            ],
            "min": [
                -0.31648749113082888,
                -0.2794437110424042,
                0.9270328283309937
            ],
            "type": "VEC3"
        },
        {
            "bufferView": 1,
            "byteOffset": 360,
            "componentType": 5126,
            "count": 15,
            "max": [
                0.1899038553237915,
                0.6445376873016357,
                0.6702196002006531
            ],
            "min": [
                -0.1899038553237915,
                0.46899065375328066,
                0.6218808889389038
            ],
            "type": "VEC3"
        },
        {
            "bufferView": 2,
            "byteOffset": 120,
            "componentType": 5126,
            "count": 15,
            "max": [
                0.4918016195297241,
                0.2256910800933838
            ],
            "min": [
                0.009895476512610913,
                0.006631076335906982
            ],
            "type": "VEC2"
        },
        {
            "bufferView": 3,
            "byteOffset": 0,
            "componentType": 5126,
            "count": 15,
            "max": [
                1.0,
                0.0,
                0.0,
                0.0
            ],
            "min": [
                1.0,
                0.0,
                0.0,
                0.0
            ],
            "type": "VEC4"
        },
        {
            "bufferView": 0,
            "byteOffset": 96,
            "componentType": 5123,
            "count": 1020,
            "max": [
                191
            ],
            "min": [
                0
            ],
            "type": "SCALAR"
        },
        {
            "bufferView": 1,
            "byteOffset": 540,
            "componentType": 5126,
            "count": 192,
            "max": [
                1.0,
                1.0,
                1.0
            ],
            "min": [
                1.0,
                1.0,
                1.0
            ],
            "type": "VEC3"
        },
        {
            "bufferView": 2,
            "byteOffset": 240,
            "componentType": 5123,
            "count": 192,
            "max": [
                0,
                0,
                0,
                0
            ],
            "min": [
                0,
                0,
                0,
                0
            ],
            "type": "VEC4"
        },
        {
            "bufferView": 1,
            "byteOffset": 2844,
            "componentType": 5126,
            "count": 192,
            "max": [
                0.8050662875175476,
                0.5339742302894592,
                0.9992595314979552
            ],
            "min": [
                -0.8050662875175476,
                -0.3624607920646668,
                0.5904784798622131
            ],
            "type": "VEC3"
        },
        {
            "bufferView": 1,
            "byteOffset": 5148,
            "componentType": 5126,
            "count": 192,
            "max": [
                0.47645828127861025,
                0.9353677034378052,
                0.6477355360984802
            ],
            "min": [
                -0.47645828127861025,
                0.5554497241973877,
                0.4639665484428406
            ],
            "type": "VEC3"
        },
        {
            "bufferView": 2,
            "byteOffset": 1776,
            "componentType": 5126,
            "count": 192,
            "max": [
                0.48660600185394289,
                -0.7634400129318237
            ],
            "min": [
                0.01339420024305582,
                -0.9865599870681764
            ],
            "type": "VEC2"
        },
        {
            "bufferView": 3,
            "byteOffset": 240,
            "componentType": 5126,
            "count": 192,
            "max": [
                1.0,
                0.0,
                0.0,
                0.0
            ],
            "min": [
                1.0,
                0.0,
                0.0,
                0.0
            ],
            "type": "VEC4"
        },
        {
            "bufferView": 0,
            "byteOffset": 2136,
            "componentType": 5123,
            "count": 1020,
            "max": [
                191
            ],
            "min": [
                0
            ],
            "type": "SCALAR"
        },
        {
            "bufferView": 1,
            "byteOffset": 7452,
            "componentType": 5126,
            "count": 192,
            "max": [
                1.0,
                1.0,
                1.0
            ],
            "min": [
                1.0,
                1.0,
                1.0
            ],
            "type": "VEC3"
        },
        {
            "bufferView": 2,
            "byteOffset": 3312,
            "componentType": 5123,
            "count": 192,
            "max": [
                0,
                0,
                0,
                0
            ],
            "min": [
                0,
                0,
                0,
                0
            ],
            "type": "VEC4"
        },
        {
            "bufferView": 1,
            "byteOffset": 9756,
            "componentType": 5126,
            "count": 192,
            "max": [
                0.8571115136146545,
                0.6129629015922546,
                0.9992536902427672
            ],
            "min": [
                -0.8571115136146545,
                -0.44725731015205386,
                0.5138906240463257
            ],
            "type": "VEC3"
        },
        {
            "bufferView": 1,
            "byteOffset": 12060,
            "componentType": 5126,
            "count": 192,
            "max": [
                0.4786299765110016,
                0.936924695968628,
                0.6502755284309387
            ],
            "min": [
                -0.4786299765110016,
                0.5543118119239807,
                0.4652695655822754
            ],
            "type": "VEC3"
        },
        {
            "bufferView": 2,
            "byteOffset": 4848,
            "componentType": 5126,
            "count": 192,
            "max": [
                0.9938191175460817,
                0.9920667409896852
            ],
            "min": [
                0.005585730075836182,
                0.01688778400421143
            ],
            "type": "VEC2"
        },
        {
            "bufferView": 3,
            "byteOffset": 3312,
            "componentType": 5126,
            "count": 192,
            "max": [
                1.0,
                0.0,
                0.0,
                0.0
            ],
            "min": [
                1.0,
                0.0,
                0.0,
                0.0
            ],
            "type": "VEC4"
        },
        {
            "bufferView": 0,
            "byteOffset": 4176,
            "componentType": 5123,
            "count": 10686,
            "max": [
                2085
            ],
            "min": [
                0
            ],
            "type": "SCALAR"
        },
        {
            "bufferView": 1,
            "byteOffset": 14364,
            "componentType": 5126,
            "count": 2086,
            "max": [
                1.0,
                1.0,
                1.0
            ],
            "min": [
                1.0,
                1.0,
                1.0
            ],
            "type": "VEC3"
        },
        {
            "bufferView": 2,
            "byteOffset": 6384,
            "componentType": 5123,
            "count": 2086,
            "max": [
                12,
                12,
                8,
                0
            ],
            "min": [
                0,
                0,
                0,
                0
            ],
            "type": "VEC4"
        },
        {
            "bufferView": 1,
            "byteOffset": 39396,
            "componentType": 5126,
            "count": 2086,
            "max": [
                0.99868243932724,
                0.999842882156372,
                0.9997410178184508
            ],
            "min": [
                -0.997393786907196,
                -1.0,
                -0.9978119730949402
            ],
            "type": "VEC3"
        },
        {
            "bufferView": 1,
            "byteOffset": 64428,
            "componentType": 5126,
            "count": 2086,
            "max": [
                0.7564246654510498,
                1.424688458442688,
                0.7607731223106384
            ],
            "min": [
                -0.7564246654510498,
                0.021088002249598504,
                -0.6824446320533752
            ],
            "type": "VEC3"
        },
        {
            "bufferView": 2,
            "byteOffset": 23072,
            "componentType": 5126,
            "count": 2086,
            "max": [
                0.9913640022277832,
                0.9955471754074096
            ],
            "min": [
                8.544879648297865e-8,
                0.004483103752136231
            ],
            "type": "VEC2"
        },
        {
            "bufferView": 3,
            "byteOffset": 6384,
            "componentType": 5126,
            "count": 2086,
            "max": [
                1.0,
                0.9900000095367432,
                0.8899999856948853,
                0.0
            ],
            "min": [
                0.009999999776482582,
                0.0,
                0.0,
                0.0
            ],
            "type": "VEC4"
        },
        {
            "bufferView": 4,
            "byteOffset": 0,
            "componentType": 5126,
            "count": 13,
            "max": [
                0.7427796125411987,
                0.8884230852127075,
                0.7240483164787293,
                0.0,
                1.0,
                0.9678125381469728,
                1.0000009536743165,
                0.0,
                0.8884229063987732,
                0.4590265154838562,
                1.0,
                0.0,
                17.616039276123048,
                22.213001251220704,
                45.89588928222656,
                1.0
            ],
            "min": [
                -0.7427840828895569,
                -1.0,
                -0.7240481376647949,
                0.0,
                -0.740881085395813,
                -0.9678115248680116,
                -0.6716360449790955,
                0.0,
                -4.371139894487897e-8,
                -0.4590260982513428,
                -0.740881085395813,
                0.0,
                -39.91519927978516,
                -22.213029861450197,
                -3.660053014755249,
                1.0
            ],
            "type": "MAT4"
        }
    ],
    "materials": [
        {
            "pbrMetallicRoughness": {
                "baseColorFactor": [
                    1.0,
                    1.0,
                    1.0,
                    1.0
                ],
                "baseColorTexture": {
                    "index": 0
                },
                "metallicFactor": 0.0
            },
            "emissiveFactor": [
                0.0,
                0.0,
                0.0
            ],
            "occlusionTexture": {
                "index": 0
            },
            "name": "Mouth"
        },
        {
            "pbrMetallicRoughness": {
                "baseColorFactor": [
                    1.0,
                    1.0,
                    1.0,
                    1.0
                ],
                "baseColorTexture": {
                    "index": 1
                },
                "metallicFactor": 0.0
            },
            "emissiveFactor": [
                0.0,
                0.0,
                0.0
            ],
            "occlusionTexture": {
                "index": 1
            },
            "name": "LEye"
        },
        {
            "pbrMetallicRoughness": {
                "baseColorFactor": [
                    1.0,
                    1.0,
                    1.0,
                    1.0
                ],
                "baseColorTexture": {
                    "index": 2
                },
                "metallicFactor": 0.0
            },
            "emissiveFactor": [
                0.0,
                0.0,
                0.0
            ],
            "occlusionTexture": {
                "index": 2
            },
            "name": "LIris"
        },
        {
            "pbrMetallicRoughness": {
                "baseColorFactor": [
                    1.0,
                    1.0,
                    1.0,
                    1.0
                ],
                "baseColorTexture": {
                    "index": 3
                },
                "metallicFactor": 0.0
            },
            "emissiveFactor": [
                0.0,
                0.0,
                0.0
            ],
            "occlusionTexture": {
                "index": 3
            },
            "name": "Body"
        }
    ],
    "textures": [
        {
            "sampler": 0,
            "source": 0
        },
        {
            "sampler": 0,
            "source": 1
        },
        {
            "sampler": 0,
            "source": 2
        },
        {
            "sampler": 0,
            "source": 3
        }
    ],
    "images": [
        {
            "uri": "pm0039_00_Mouth1.png"
        },
        {
            "uri": "pm0039_00_Eye1.png"
        },
        {
            "uri": "pm0039_00_Iris1.png"
        },
        {
            "uri": "pm0039_00_Body1.png"
        }
    ],
    "samplers": [
        {
            "magFilter": 9729,
            "minFilter": 9986,
            "wrapS": 10497,
            "wrapT": 10497
        }
    ],
    "bufferViews": [
        {
            "buffer": 0,
            "byteOffset": 169812,
            "byteLength": 25548,
            "target": 34963
        },
        {
            "buffer": 0,
            "byteOffset": 40592,
            "byteLength": 89460,
            "byteStride": 12,
            "target": 34962
        },
        {
            "buffer": 0,
            "byteOffset": 130052,
            "byteLength": 39760,
            "byteStride": 8,
            "target": 34962
        },
        {
            "buffer": 0,
            "byteOffset": 832,
            "byteLength": 39760,
            "byteStride": 16,
            "target": 34962
        },
        {
            "buffer": 0,
            "byteOffset": 0,
            "byteLength": 832
        }
    ],
    "buffers": [
        {
            "byteLength": 195360,
            "uri": "Jigglypuff0.bin"
        }
    ]
}
