{
    "asset": {
        "generator": "COLLADA2GLTF",
        "version": "2.0"
    },
    "scenes": [
        {
            "nodes": [
                0
            ]
        }
    ],
    "scene": 0,
    "nodes": [
        {
            "children": [
                14,
                1
            ],
            "matrix": [
                1.0,
                0.0,
                0.0,
                0.0,
                0.0,
                0.0,
                -1.0,
                0.0,
                0.0,
                1.0,
                0.0,
                0.0,
                0.0,
                0.0,
                0.0,
                1.0
            ],
            "name": "Z_UP"
        },
        {
            "mesh": 0,
            "skin": 0,
            "name": "Marowak"
        },
        {
            "children": [
                10,
                6,
                3
            ],
            "matrix": [
                -0.995341956615448,
                -8.968855519375652e-11,
                0.09640751034021378,
                0.0,
                8.968855519375652e-11,
                -1.0,
                -4.333418172908221e-12,
                0.0,
                0.09640751034021378,
                4.333418172908221e-12,
                0.995341956615448,
                0.0,
                0.0,
                0.0,
                0.0,
                1.0
            ],
            "name": "Hips"
        },
        {
            "children": [
                4
            ],
            "matrix": [
                0.44355928897857668,
                0.0,
                -0.896245002746582,
                0.0,
                0.0,
                1.0,
                0.0,
                0.0,
                0.896245002746582,
                0.0,
                0.44355928897857668,
                0.0,
                0.199865996837616,
                0.0,
                -0.2769438326358795,
                1.0
            ],
            "name": "Tail1"
        },
        {
            "children": [
                5
            ],
            "matrix": [
                0.995043694972992,
                0.0,
                -0.0994383692741394,
                0.0,
                0.0,
                1.0,
                0.0,
                0.0,
                0.0994383692741394,
                0.0,
                0.995043694972992,
                0.0,
                0.3377234637737274,
                0.0,
                -2.5400000325248585e-8,
                1.0
            ],
            "name": "Tail2"
        },
        {
            "matrix": [
                0.9738932251930236,
                1.0442710163260929e-7,
                -0.22700656950473784,
                0.0,
                1.0442710163260929e-7,
                1.0,
                9.080263225769158e-7,
                0.0,
                0.22700656950473784,
                -9.080263225769158e-7,
                0.9738932251930236,
                0.0,
                0.3041777014732361,
                0.0,
                2.794000124595186e-7,
                1.0
            ],
            "name": "Tail3"
        },
        {
            "children": [
                7
            ],
            "matrix": [
                1.0,
                0.0,
                0.0,
                0.0,
                0.0,
                1.0,
                0.0,
                0.0,
                0.0,
                0.0,
                1.0,
                0.0,
                0.2109259068965912,
                -0.3256610035896301,
                0.02178151533007622,
                1.0
            ],
            "name": "RThigh"
        },
        {
            "children": [
                8
            ],
            "matrix": [
                0.9830779433250428,
                0.0,
                -0.183187872171402,
                0.0,
                0.0,
                1.0,
                0.0,
                0.0,
                0.183187872171402,
                0.0,
                0.9830779433250428,
                0.0,
                0.31956246495246889,
                -2.5400000325248585e-8,
                0.0,
                1.0
            ],
            "name": "RLeg"
        },
        {
            "children": [
                9
            ],
            "matrix": [
                -0.18304921686649326,
                0.000003726420800376218,
                0.9831037521362304,
                0.0,
                0.006846114061772823,
                0.9999757409095764,
                0.0012709232978522778,
                0.0,
                -0.9830799102783204,
                0.006963081657886505,
                -0.18304480612277986,
                0.0,
                0.22378212213516236,
                0.0,
                2.5400000325248585e-8,
                1.0
            ],
            "name": "RFoot"
        },
        {
            "matrix": [
                1.0,
                0.0,
                0.0,
                0.0,
                0.0,
                1.0,
                0.0,
                0.0,
                0.0,
                0.0,
                1.0,
                0.0,
                0.16392803192138673,
                0.00019057620374951512,
                -0.054317645728588107,
                1.0
            ],
            "name": "RToe"
        },
        {
            "children": [
                11
            ],
            "matrix": [
                1.0,
                0.0,
                0.0,
                0.0,
                0.0,
                1.0,
                0.0,
                0.0,
                0.0,
                0.0,
                1.0,
                0.0,
                0.2109269201755524,
                0.3256610035896301,
                0.02178151533007622,
                1.0
            ],
            "name": "LThigh"
        },
        {
            "children": [
                12
            ],
            "matrix": [
                0.9830779433250428,
                0.0,
                -0.183187872171402,
                0.0,
                0.0,
                1.0,
                0.0,
                0.0,
                0.183187872171402,
                0.0,
                0.9830779433250428,
                0.0,
                0.31956246495246889,
                -2.5400000325248585e-8,
                0.0,
                1.0
            ],
            "name": "LLeg"
        },
        {
            "children": [
                13
            ],
            "matrix": [
                -0.18305689096450809,
                0.0000030180883641151019,
                0.983102321624756,
                0.0,
                0.003255118383094669,
                0.9999945163726808,
                0.0006030437652952969,
                0.0,
                -0.983096957206726,
                0.003310505766421557,
                -0.18305589258670808,
                0.0,
                0.2237813770771027,
                0.0,
                0.0,
                1.0
            ],
            "name": "LFoot"
        },
        {
            "matrix": [
                1.0,
                0.0,
                0.0,
                0.0,
                0.0,
                1.0,
                0.0,
                0.0,
                0.0,
                0.0,
                1.0,
                0.0,
                0.16392803192138673,
                -0.00019291299395263195,
                -0.0543178990483284,
                1.0
            ],
            "name": "LToe"
        },
        {
            "children": [
                15
            ],
            "matrix": [
                1.0,
                0.0,
                0.0,
                0.0,
                0.0,
                4.4896641959724089e-11,
                1.0,
                0.0,
                0.0,
                -1.0,
                4.4896641959724089e-11,
                0.0,
                0.0,
                0.0,
                0.0,
                1.0
            ],
            "name": "pm0105_00"
        },
        {
            "children": [
                16
            ],
            "name": "Origin"
        },
        {
            "children": [
                2,
                17
            ],
            "matrix": [
                -0.000004413268470671028,
                0.9953418970108032,
                0.0964079201221466,
                0.0,
                -1.0,
                -0.000004413268470671028,
                -2.132336618387854e-7,
                0.0,
                2.132336618387854e-7,
                -0.0964079201221466,
                0.9953418970108032,
                0.0,
                0.0,
                0.8330209255218506,
                -0.04643983766436577,
                1.0
            ],
            "name": "Waist"
        },
        {
            "children": [
                18
            ],
            "name": "Spine1"
        },
        {
            "children": [
                30,
                28,
                19
            ],
            "matrix": [
                0.9985605478286744,
                0.0,
                -0.05363631621003151,
                0.0,
                0.0,
                1.0,
                0.0,
                0.0,
                0.05363631621003151,
                0.0,
                0.9985605478286744,
                0.0,
                0.24539269506931306,
                -2.5400000325248585e-8,
                0.0,
                1.0
            ],
            "name": "Spine2"
        },
        {
            "children": [
                20
            ],
            "matrix": [
                0.02980189025402069,
                0.9995549917221068,
                -0.0012787580490112305,
                0.0,
                -0.9986355304718018,
                0.02982931211590767,
                0.04286313056945801,
                0.0,
                0.04288220033049584,
                -3.8897962895134699e-7,
                0.9990801215171814,
                0.0,
                0.2882087230682373,
                0.15580055117607118,
                -0.01860052160918713,
                1.0
            ],
            "name": "RShoulder"
        },
        {
            "children": [
                21
            ],
            "matrix": [
                0.9995550513267516,
                0.02982761524617672,
                0.0,
                0.0,
                -0.02982761524617672,
                0.9995550513267516,
                0.0,
                0.0,
                0.0,
                0.0,
                1.0,
                0.0,
                0.17847689986228944,
                -1.7780000405309696e-7,
                0.0,
                1.0
            ],
            "name": "RArm"
        },
        {
            "children": [
                22
            ],
            "matrix": [
                1.0,
                0.0,
                0.0,
                0.0,
                0.0,
                1.0,
                0.0,
                0.0,
                0.0,
                0.0,
                1.0,
                0.0,
                0.3003169000148773,
                -1.7780000405309696e-7,
                0.0,
                1.0
            ],
            "name": "RForeArm"
        },
        {
            "children": [
                27,
                25,
                23
            ],
            "matrix": [
                1.0,
                0.0,
                0.0,
                0.0,
                0.0,
                1.0,
                0.0,
                0.0,
                0.0,
                0.0,
                1.0,
                0.0,
                0.17275047302246097,
                0.0,
                0.0,
                1.0
            ],
            "name": "RHand"
        },
        {
            "children": [
                24
            ],
            "matrix": [
                0.7493913769721985,
                0.5914857983589172,
                0.2975855171680451,
                0.0,
                0.2335941642522812,
                0.1843662261962891,
                -0.954695165157318,
                0.0,
                -0.6195533871650696,
                0.7849545478820801,
                -0.000005173201770958258,
                0.0,
                0.09864597767591477,
                0.05031765252351761,
                0.09888169169425965,
                1.0
            ],
            "name": "RFingerB1"
        },
        {
            "matrix": [
                0.9894841909408568,
                0.057345300912857059,
                -0.1327875256538391,
                0.0,
                -0.06221110373735428,
                0.9975243806838988,
                -0.03278597071766853,
                0.0,
                0.1305786669254303,
                0.040702056139707568,
                0.9906021356582642,
                0.0,
                0.06484315544366837,
                -2.5400000325248585e-8,
                1.7780000405309696e-7,
                1.0
            ],
            "name": "RFingerB2"
        },
        {
            "children": [
                26
            ],
            "matrix": [
                1.0,
                0.0,
                0.0,
                0.0,
                0.0,
                1.0,
                0.0,
                0.0,
                0.0,
                0.0,
                1.0,
                0.0,
                0.18388354778289796,
                -0.02332987450063229,
                -0.0,
                1.0
            ],
            "name": "RFingerA1"
        },
        {
            "matrix": [
                0.9826995134353638,
                0.1852069795131683,
                0.0,
                0.0,
                -0.1852069795131683,
                0.9826995134353638,
                0.0,
                0.0,
                0.0,
                0.0,
                1.0,
                0.0,
                0.08437371999025345,
                -2.794000124595186e-7,
                0.0,
                1.0
            ],
            "name": "RFingerA2"
        },
        {
            "matrix": [
                6.605896274436418e-9,
                5.350775703592825e-13,
                1.0,
                0.0,
                -0.00016199999663513154,
                1.0,
                5.350775703592825e-13,
                0.0,
                -1.0,
                -0.00016199999663513154,
                6.605896274436418e-9,
                0.0,
                0.215415358543396,
                0.04164939373731613,
                0.0,
                1.0
            ],
            "name": "FeelerA"
        },
        {
            "children": [
                29
            ],
            "matrix": [
                0.9990801215171814,
                0.0,
                -0.042882852256298068,
                0.0,
                0.0,
                1.0,
                0.0,
                0.0,
                0.042882852256298068,
                0.0,
                0.9990801215171814,
                0.0,
                0.5312588214874268,
                0.0,
                0.0,
                1.0
            ],
            "name": "Head"
        },
        {
            "matrix": [
                -0.7243970632553101,
                -8.337714546557962e-11,
                0.6893829703330994,
                0.0,
                8.337714546557962e-11,
                -1.0,
                -3.3332683835318729e-11,
                0.0,
                0.6893829703330994,
                3.3332683835318729e-11,
                0.7243970632553101,
                0.0,
                0.10367213189601898,
                0.0,
                0.37995097041130068,
                1.0
            ],
            "name": "Jaw"
        },
        {
            "children": [
                31
            ],
            "matrix": [
                0.02980189025402069,
                -0.9995549917221068,
                -0.0012787580490112305,
                0.0,
                0.9986355304718018,
                0.02982931211590767,
                -0.04286313056945801,
                0.0,
                0.04288220033049584,
                3.8897962895134699e-7,
                0.9990801215171814,
                0.0,
                0.2882087230682373,
                -0.15580055117607118,
                -0.01860039308667183,
                1.0
            ],
            "name": "LShoulder"
        },
        {
            "children": [
                32
            ],
            "matrix": [
                0.9995550513267516,
                -0.029827440157532693,
                0.0,
                0.0,
                0.029827440157532693,
                0.9995550513267516,
                0.0,
                0.0,
                0.0,
                0.0,
                1.0,
                0.0,
                0.1784776747226715,
                -1.7780000405309696e-7,
                0.0,
                1.0
            ],
            "name": "LArm"
        },
        {
            "children": [
                33
            ],
            "matrix": [
                1.0,
                0.0,
                0.0,
                0.0,
                0.0,
                1.0,
                0.0,
                0.0,
                0.0,
                0.0,
                1.0,
                0.0,
                0.300314337015152,
                1.7780000405309696e-7,
                0.0,
                1.0
            ],
            "name": "LForeArm"
        },
        {
            "children": [
                36,
                34
            ],
            "matrix": [
                1.0,
                0.0,
                0.0,
                0.0,
                0.0,
                1.0,
                0.0,
                0.0,
                0.0,
                0.0,
                1.0,
                0.0,
                0.1727520078420639,
                0.0,
                0.0,
                1.0
            ],
            "name": "LHand"
        },
        {
            "children": [
                35
            ],
            "matrix": [
                0.749391496181488,
                -0.5914859771728516,
                0.2975848615169525,
                0.0,
                -0.23359233140945438,
                0.18436750769615177,
                0.9546953439712524,
                0.0,
                -0.6195538640022278,
                -0.7849541306495667,
                -0.0000031357130865217188,
                0.0,
                0.09864496439695358,
                -0.05031663924455643,
                0.09888169169425965,
                1.0
            ],
            "name": "LFingerB1"
        },
        {
            "matrix": [
                0.9894840717315674,
                -0.05734524875879288,
                -0.13278862833976746,
                0.0,
                0.06221123039722443,
                0.9975243210792542,
                0.03278698027133942,
                0.0,
                0.13057971000671388,
                -0.04070314019918442,
                0.9906019568443298,
                0.0,
                0.06484264135360718,
                2.5400000325248585e-8,
                7.620000275210259e-8,
                1.0
            ],
            "name": "LFingerB2"
        },
        {
            "children": [
                37
            ],
            "matrix": [
                1.0,
                0.0,
                0.0,
                0.0,
                0.0,
                1.0,
                0.0,
                0.0,
                0.0,
                0.0,
                1.0,
                0.0,
                0.1838827878236771,
                0.02333025634288788,
                -0.0,
                1.0
            ],
            "name": "LFingerA1"
        },
        {
            "matrix": [
                0.9826995134353638,
                -0.1852069795131683,
                0.0,
                0.0,
                0.1852069795131683,
                0.9826995134353638,
                0.0,
                0.0,
                0.0,
                0.0,
                1.0,
                0.0,
                0.08437219262123108,
                0.0,
                0.0,
                1.0
            ],
            "name": "LFingerA2"
        }
    ],
    "meshes": [
        {
            "primitives": [
                {
                    "attributes": {
                        "JOINTS_0": 1,
                        "NORMAL": 2,
                        "POSITION": 3,
                        "TEXCOORD_0": 4,
                        "WEIGHTS_0": 5
                    },
                    "indices": 0,
                    "mode": 4,
                    "material": 0
                },
                {
                    "attributes": {
                        "JOINTS_0": 7,
                        "NORMAL": 8,
                        "POSITION": 9,
                        "TEXCOORD_0": 10,
                        "WEIGHTS_0": 11
                    },
                    "indices": 6,
                    "mode": 4,
                    "material": 1
                },
                {
                    "attributes": {
                        "JOINTS_0": 13,
                        "NORMAL": 14,
                        "POSITION": 15,
                        "TEXCOORD_0": 16,
                        "WEIGHTS_0": 17
                    },
                    "indices": 12,
                    "mode": 4,
                    "material": 2
                }
            ],
            "name": "Marowak"
        }
    ],
    "skins": [
        {
            "inverseBindMatrices": 18,
            "skeleton": 2,
            "joints": [
                2,
                10,
                11,
                12,
                13,
                6,
                7,
                8,
                9,
                3,
                4,
                5,
                17,
                18,
                28,
                29,
                30,
                31,
                32,
                33,
                36,
                37,
                34,
                35,
                19,
                20,
                21,
                22,
                27,
                25,
                26,
                23,
                24
            ],
            "name": "Marowak-mesh-skin"
        }
    ],
    "accessors": [
        {
            "bufferView": 0,
            "byteOffset": 0,
            "componentType": 5123,
            "count": 14700,
            "max": [
                2997
            ],
            "min": [
                0
            ],
            "type": "SCALAR"
        },
        {
            "bufferView": 1,
            "byteOffset": 0,
            "componentType": 5123,
            "count": 2998,
            "max": [
                31,
                32,
                32,
                32
            ],
            "min": [
                0,
                0,
                0,
                0
            ],
            "type": "VEC4"
        },
        {
            "bufferView": 2,
            "byteOffset": 0,
            "componentType": 5126,
            "count": 2998,
            "max": [
                0.9999600052833556,
                1.0,
                1.0
            ],
            "min": [
                -1.0,
                -1.0,
                -1.0
            ],
            "type": "VEC3"
        },
        {
            "bufferView": 2,
            "byteOffset": 35976,
            "componentType": 5126,
            "count": 2998,
            "max": [
                1.1810847520828248,
                1.31745982170105,
                2.574493169784546
            ],
            "min": [
                -1.2075566053390504,
                -0.928702712059021,
                5.0800000650497177e-8
            ],
            "type": "VEC3"
        },
        {
            "bufferView": 1,
            "byteOffset": 23984,
            "componentType": 5126,
            "count": 2998,
            "max": [
                0.9947010278701782,
                0.9948260188102722
            ],
            "min": [
                0.005299000069499016,
                0.006430983543395996
            ],
            "type": "VEC2"
        },
        {
            "bufferView": 3,
            "byteOffset": 0,
            "componentType": 5126,
            "count": 2998,
            "max": [
                1.0,
                0.9900000095367432,
                0.9800000190734864,
                0.6399999856948853
            ],
            "min": [
                0.009999999776482582,
                0.0,
                0.0,
                0.0
            ],
            "type": "VEC4"
        },
        {
            "bufferView": 0,
            "byteOffset": 29400,
            "componentType": 5123,
            "count": 252,
            "max": [
                63
            ],
            "min": [
                0
            ],
            "type": "SCALAR"
        },
        {
            "bufferView": 1,
            "byteOffset": 47968,
            "componentType": 5123,
            "count": 64,
            "max": [
                14,
                0,
                0,
                0
            ],
            "min": [
                14,
                0,
                0,
                0
            ],
            "type": "VEC4"
        },
        {
            "bufferView": 2,
            "byteOffset": 71952,
            "componentType": 5126,
            "count": 64,
            "max": [
                0.9377260208129884,
                -0.33789899945259097,
                0.5113930106163025
            ],
            "min": [
                -0.9377260208129884,
                -0.6506940126419067,
                -0.3267109990119934
            ],
            "type": "VEC3"
        },
        {
            "bufferView": 2,
            "byteOffset": 72720,
            "componentType": 5126,
            "count": 64,
            "max": [
                0.40145206451416018,
                -0.1365046799182892,
                2.177823781967163
            ],
            "min": [
                -0.40145206451416018,
                -0.6072606444358826,
                1.7786933183670045
            ],
            "type": "VEC3"
        },
        {
            "bufferView": 1,
            "byteOffset": 48480,
            "componentType": 5126,
            "count": 64,
            "max": [
                0.4950299859046936,
                -0.8118400573730469
            ],
            "min": [
                0.00496899988502264,
                -0.9160399436950684
            ],
            "type": "VEC2"
        },
        {
            "bufferView": 3,
            "byteOffset": 47968,
            "componentType": 5126,
            "count": 64,
            "max": [
                1.0,
                0.0,
                0.0,
                0.0
            ],
            "min": [
                1.0,
                0.0,
                0.0,
                0.0
            ],
            "type": "VEC4"
        },
        {
            "bufferView": 0,
            "byteOffset": 29904,
            "componentType": 5123,
            "count": 252,
            "max": [
                63
            ],
            "min": [
                0
            ],
            "type": "SCALAR"
        },
        {
            "bufferView": 1,
            "byteOffset": 48992,
            "componentType": 5123,
            "count": 64,
            "max": [
                14,
                0,
                0,
                0
            ],
            "min": [
                14,
                0,
                0,
                0
            ],
            "type": "VEC4"
        },
        {
            "bufferView": 2,
            "byteOffset": 73488,
            "componentType": 5126,
            "count": 64,
            "max": [
                0.92043799161911,
                -0.24481000006198884,
                0.4443809986114502
            ],
            "min": [
                -0.92043799161911,
                -0.6054080128669739,
                -0.496753990650177
            ],
            "type": "VEC3"
        },
        {
            "bufferView": 2,
            "byteOffset": 74256,
            "componentType": 5126,
            "count": 64,
            "max": [
                0.4055033624172211,
                -0.13956919312477113,
                2.177493810653687
            ],
            "min": [
                -0.4055033624172211,
                -0.6096914410591126,
                1.7809337377548218
            ],
            "type": "VEC3"
        },
        {
            "bufferView": 1,
            "byteOffset": 49504,
            "componentType": 5126,
            "count": 64,
            "max": [
                0.9687600135803224,
                -1.2473599910736085
            ],
            "min": [
                0.01987599954009056,
                -1.6641600131988526
            ],
            "type": "VEC2"
        },
        {
            "bufferView": 3,
            "byteOffset": 48992,
            "componentType": 5126,
            "count": 64,
            "max": [
                1.0,
                0.0,
                0.0,
                0.0
            ],
            "min": [
                1.0,
                0.0,
                0.0,
                0.0
            ],
            "type": "VEC4"
        },
        {
            "bufferView": 4,
            "byteOffset": 0,
            "componentType": 5126,
            "count": 33,
            "max": [
                1.0,
                1.0,
                1.0,
                0.0,
                0.9914370179176332,
                0.9708449840545654,
                0.000003999999989900971,
                0.0,
                1.0,
                1.0,
                0.9999939799308776,
                0.0,
                38.50500106811524,
                61.80039978027344,
                62.9213981628418,
                1.0
            ],
            "min": [
                -1.0,
                -1.0,
                -0.6195499897003174,
                0.0,
                -1.0,
                -0.9708449840545654,
                -1.0,
                0.0,
                -1.0,
                -1.0,
                -0.9914370179176332,
                0.0,
                -63.30870056152344,
                -61.800498962402347,
                -57.293701171875,
                1.0
            ],
            "type": "MAT4"
        }
    ],
    "materials": [
        {
            "pbrMetallicRoughness": {
                "baseColorFactor": [
                    1.0,
                    1.0,
                    1.0,
                    1.0
                ],
                "baseColorTexture": {
                    "index": 0
                },
                "metallicFactor": 0.0
            },
            "name": "Material__151"
        },
        {
            "pbrMetallicRoughness": {
                "baseColorFactor": [
                    1.0,
                    1.0,
                    1.0,
                    1.0
                ],
                "baseColorTexture": {
                    "index": 1
                },
                "metallicFactor": 0.0
            },
            "name": "Material__152"
        },
        {
            "pbrMetallicRoughness": {
                "baseColorTexture": {
                    "index": 2
                },
                "metallicFactor": 0.0
            },
            "name": "Material__153"
        }
    ],
    "textures": [
        {
            "sampler": 0,
            "source": 0
        },
        {
            "sampler": 0,
            "source": 1
        },
        {
            "sampler": 0,
            "source": 2
        }
    ],
    "images": [
        {
            "uri": "pm0105_00_Body1.png"
        },
        {
            "uri": "pm0105_00_Eye1.png"
        },
        {
            "uri": "pm0105_00_Iris1.png"
        }
    ],
    "samplers": [
        {
            "magFilter": 9729,
            "minFilter": 9986,
            "wrapS": 10497,
            "wrapT": 10497
        }
    ],
    "bufferViews": [
        {
            "buffer": 0,
            "byteOffset": 177168,
            "byteLength": 30408,
            "target": 34963
        },
        {
            "buffer": 0,
            "byteOffset": 127152,
            "byteLength": 50016,
            "byteStride": 8,
            "target": 34962
        },
        {
            "buffer": 0,
            "byteOffset": 52128,
            "byteLength": 75024,
            "byteStride": 12,
            "target": 34962
        },
        {
            "buffer": 0,
            "byteOffset": 2112,
            "byteLength": 50016,
            "byteStride": 16,
            "target": 34962
        },
        {
            "buffer": 0,
            "byteOffset": 0,
            "byteLength": 2112
        }
    ],
    "buffers": [
        {
            "byteLength": 207576,
            "uri": "Marowak_ColladaMax0.bin"
        }
    ]
}
