{
    "asset": {
        "generator": "COLLADA2GLTF",
        "version": "2.0"
    },
    "scenes": [
        {
            "nodes": [
                0
            ]
        }
    ],
    "scene": 0,
    "nodes": [
        {
            "children": [
                33,
                1
            ],
            "matrix": [
                1.0,
                0.0,
                0.0,
                0.0,
                0.0,
                0.0,
                -1.0,
                0.0,
                0.0,
                1.0,
                0.0,
                0.0,
                0.0,
                0.0,
                0.0,
                1.0
            ],
            "name": "Z_UP"
        },
        {
            "mesh": 0,
            "skin": 0,
            "name": "Venonat"
        },
        {
            "children": [
                32,
                31,
                27,
                26,
                25,
                24,
                23,
                22,
                21,
                20,
                19,
                18,
                17,
                13,
                12,
                11,
                10,
                9,
                8,
                7,
                6,
                5,
                4,
                3
            ],
            "name": "_04_Head"
        },
        {
            "matrix": [
                -0.24393784999847413,
                -0.8532876968383789,
                0.4608627259731293,
                0.0,
                0.9684401750564576,
                -0.18926149606704713,
                0.16218432784080506,
                0.0,
                -0.05116632208228111,
                0.4858808517456055,
                0.8725261092185974,
                0.0,
                -0.102476604282856,
                0.47797971963882449,
                1.1621137857437134,
                1.0
            ],
            "name": "_57_RHand"
        },
        {
            "matrix": [
                0.16244494915008546,
                0.900029718875885,
                0.4044232666492462,
                0.0,
                -0.0718294084072113,
                -0.3979933559894562,
                0.9145719408988952,
                0.0,
                0.9840996861457824,
                -0.17761708796024326,
                -0.000003407638132557622,
                0.0,
                0.8617838025093079,
                0.9036761522293092,
                0.5850610136985779,
                1.0
            ],
            "name": "_55_RFeelerK"
        },
        {
            "matrix": [
                0.23154938220977784,
                0.9337838888168336,
                -0.2728233635425568,
                0.0,
                0.06566714495420456,
                0.2648025751113892,
                0.9620641469955444,
                0.0,
                0.9706043004989624,
                -0.24068088829517365,
                -0.000004046105004817946,
                0.0,
                0.9409432411193848,
                0.9190228581428528,
                0.001178561826236546,
                1.0
            ],
            "name": "_53_RFeelerJ"
        },
        {
            "matrix": [
                0.21665897965431217,
                0.5199590921401978,
                -0.8262574672698975,
                0.0,
                -0.02490936778485775,
                0.8490296006202698,
                0.5277577638626099,
                0.0,
                0.9759294986724854,
                -0.09376191347837448,
                0.19690173864364625,
                0.0,
                0.8936278223991394,
                0.6291046142578125,
                -0.5017210841178894,
                1.0
            ],
            "name": "_51_RFeelerI"
        },
        {
            "matrix": [
                0.13877734541893006,
                0.1914234310388565,
                -0.9716470241546632,
                0.0,
                -0.013698437251150608,
                0.9814180731773377,
                0.19139191508293153,
                0.0,
                0.9902288913726808,
                -0.01325081754475832,
                0.1388207972049713,
                0.0,
                0.8617838025093079,
                0.14675942063331605,
                -0.8088934421539307,
                1.0
            ],
            "name": "_49_RFeelerH"
        },
        {
            "matrix": [
                -0.000003615457444539061,
                0.8693364858627319,
                0.49422067403793337,
                0.0,
                0.000006057603513909271,
                -0.49422067403793337,
                0.8693364858627319,
                0.0,
                1.0,
                0.000006136841875559185,
                -0.0000034792619771906176,
                0.0,
                0.2672796249389649,
                0.9677146673202516,
                0.6478599905967712,
                1.0
            ],
            "name": "_47_RFeelerG"
        },
        {
            "matrix": [
                -0.0000033227113362954698,
                1.0,
                -1.8738856510935879e-7,
                0.0,
                0.0000033227106541744439,
                1.873996069434725e-7,
                1.0,
                0.0,
                1.0,
                0.0000033227106541744439,
                -0.0000033227113362954698,
                0.0,
                0.26727935671806338,
                1.0799444913864136,
                0.06485026329755783,
                1.0
            ],
            "name": "_45_RFeelerF"
        },
        {
            "matrix": [
                -0.00000194817221199628,
                0.5060651302337647,
                -0.8624952435493469,
                0.0,
                1.1429531809881158e-7,
                0.8624952435493469,
                0.5060651302337647,
                0.0,
                1.0,
                8.873228694028512e-7,
                -0.0000017381302086505457,
                0.0,
                0.2672796249389649,
                0.8056270480155945,
                -0.6819772720336914,
                1.0
            ],
            "name": "_43_RFeelerE"
        },
        {
            "matrix": [
                -1.1863109961041121e-7,
                0.13984638452529908,
                -0.9901732206344605,
                0.0,
                8.336022538912859e-9,
                0.9901732206344605,
                0.13984638452529908,
                0.0,
                1.0,
                8.336022538912859e-9,
                -1.1863109961041121e-7,
                0.0,
                0.26727935671806338,
                0.3085998296737671,
                -0.8502650260925293,
                1.0
            ],
            "name": "_41_RFeelerD"
        },
        {
            "matrix": [
                0.7900155782699585,
                0.3125686943531037,
                -0.5274240970611572,
                0.0,
                -0.19378529489040376,
                0.9434805512428284,
                0.26887109875679018,
                0.0,
                0.5816550850868225,
                -0.11020532995462418,
                0.8059355616569519,
                0.0,
                1.310007691383362,
                0.15390771627426148,
                0.4303318560123444,
                1.0
            ],
            "name": "_39_RFeelerC"
        },
        {
            "children": [
                14
            ],
            "matrix": [
                1.0,
                0.0,
                0.0,
                0.0,
                0.0,
                1.0,
                0.0,
                0.0,
                0.0,
                0.0,
                1.0,
                0.0,
                1.1180139780044556,
                0.12158163636922836,
                0.8642758131027222,
                1.0
            ],
            "name": "_34_RFeelerB1"
        },
        {
            "children": [
                15
            ],
            "matrix": [
                1.0,
                0.0,
                0.0,
                0.0,
                0.0,
                1.0,
                0.0,
                0.0,
                0.0,
                0.0,
                1.0,
                0.0,
                0.3952552378177643,
                0.0,
                4.844669021508708e-8,
                1.0
            ],
            "name": "_35_RFeelerB2"
        },
        {
            "children": [
                16
            ],
            "matrix": [
                1.0,
                0.0,
                0.0,
                0.0,
                0.0,
                1.0,
                0.0,
                0.0,
                0.0,
                0.0,
                1.0,
                0.0,
                0.4304030239582062,
                2.422331846219095e-8,
                -4.844669021508708e-8,
                1.0
            ],
            "name": "_36_RFeelerB3"
        },
        {
            "matrix": [
                1.0,
                0.0,
                0.0,
                0.0,
                0.0,
                1.0,
                0.0,
                0.0,
                0.0,
                0.0,
                1.0,
                0.0,
                0.35148465633392336,
                -2.422331846219095e-8,
                4.844669021508708e-8,
                1.0
            ],
            "name": "_37_RFeelerB4"
        },
        {
            "matrix": [
                -0.2439378947019577,
                0.8532876372337341,
                0.4608627855777741,
                0.0,
                -0.9684401154518129,
                -0.1892613470554352,
                -0.1621846705675125,
                0.0,
                -0.051166657358407977,
                -0.4858810007572174,
                0.8725259900093079,
                0.0,
                -0.10247602313756944,
                -0.4779772162437439,
                1.1621137857437134,
                1.0
            ],
            "name": "_32_LHand"
        },
        {
            "matrix": [
                0.162445068359375,
                -0.9000293612480164,
                0.4044239223003388,
                0.0,
                0.07183009386062622,
                -0.3979939222335816,
                -0.9145716428756714,
                0.0,
                0.9840996265411376,
                0.17761746048927308,
                -0.000002955827994810534,
                0.0,
                0.8617838025093079,
                -0.9036761522293092,
                0.5850635766983032,
                1.0
            ],
            "name": "_30_LFeelerK"
        },
        {
            "matrix": [
                0.23154936730861665,
                -0.933784008026123,
                -0.27282294631004336,
                0.0,
                -0.06566670536994934,
                0.2648022770881653,
                -0.962064266204834,
                0.0,
                0.9706043601036072,
                0.2406807541847229,
                -0.0000037209142647043338,
                0.0,
                0.9409427642822266,
                -0.9190228581428528,
                0.0011787856929004193,
                1.0
            ],
            "name": "_28_LFeelerJ"
        },
        {
            "matrix": [
                0.21665893495082856,
                -0.519959032535553,
                -0.8262575268745422,
                0.0,
                0.02490903064608574,
                0.8490296006202698,
                -0.5277577638626099,
                0.0,
                0.97592955827713,
                0.09376216679811478,
                0.19690153002738954,
                0.0,
                0.8936278223991394,
                -0.6291046142578125,
                -0.5017210841178894,
                1.0
            ],
            "name": "_26_LFeelerI"
        },
        {
            "matrix": [
                0.13877713680267338,
                -0.1914234161376953,
                -0.9716470241546632,
                0.0,
                0.013697861693799496,
                0.9814180731773377,
                -0.1913919895887375,
                0.0,
                0.9902288913726808,
                0.013251346535980702,
                0.13882048428058625,
                0.0,
                0.861786425113678,
                -0.14675942063331605,
                -0.8088934421539307,
                1.0
            ],
            "name": "_24_LFeelerH"
        },
        {
            "matrix": [
                -0.0000035879286315321225,
                -0.8693363070487976,
                0.4942209422588349,
                0.0,
                -0.000006166955245134886,
                -0.4942209422588349,
                -0.8693363070487976,
                0.0,
                1.0,
                -0.000006166955245134886,
                -0.0000035879286315321225,
                0.0,
                0.2672796249389649,
                -0.9677146673202516,
                0.6478599905967712,
                1.0
            ],
            "name": "_22_LFeelerG"
        },
        {
            "matrix": [
                -0.000004417320724314777,
                -1.0,
                3.9103224480641087e-7,
                0.0,
                -0.00000441732208855683,
                -3.910127475137415e-7,
                -1.0,
                0.0,
                1.0,
                -0.00000441732208855683,
                -0.000004417320724314777,
                0.0,
                0.26727935671806338,
                -1.0799444913864136,
                0.06485051661729813,
                1.0
            ],
            "name": "_20_LFeelerF"
        },
        {
            "matrix": [
                -0.000002072469442282454,
                -0.5060651302337647,
                -0.8624952435493469,
                0.0,
                -1.4806857961957579e-7,
                0.8624952435493469,
                -0.5060651302337647,
                0.0,
                1.0,
                -9.210961593453249e-7,
                -0.00000186242743893672,
                0.0,
                0.26727935671806338,
                -0.8056270480155945,
                -0.6819772720336914,
                1.0
            ],
            "name": "_18_LFeelerE"
        },
        {
            "matrix": [
                -4.135544315886364e-7,
                -0.13984642922878266,
                -0.9901732206344605,
                0.0,
                -0.000001466617732148734,
                0.9901732206344605,
                -0.13984642922878266,
                0.0,
                1.0,
                0.0000013943714520792128,
                -6.145917836875015e-7,
                0.0,
                0.26727935671806338,
                -0.3085998296737671,
                -0.8502624034881592,
                1.0
            ],
            "name": "_16_LFeelerD"
        },
        {
            "matrix": [
                0.7900155782699585,
                -0.312568873167038,
                -0.5274240374565125,
                0.0,
                0.19378547370433808,
                0.9434805512428284,
                -0.26887112855911257,
                0.0,
                0.5816550254821777,
                0.1102052703499794,
                0.8059356212615967,
                0.0,
                1.310007691383362,
                -0.15390776097774509,
                0.4303318560123444,
                1.0
            ],
            "name": "_14_LFeelerC"
        },
        {
            "children": [
                28
            ],
            "matrix": [
                1.0,
                0.0,
                0.0,
                0.0,
                0.0,
                1.0,
                0.0,
                0.0,
                0.0,
                0.0,
                1.0,
                0.0,
                1.1180139780044556,
                -0.12158144265413284,
                0.8642784357070923,
                1.0
            ],
            "name": "_09_LFeelerB1"
        },
        {
            "children": [
                29
            ],
            "matrix": [
                1.0,
                0.0,
                0.0,
                0.0,
                0.0,
                1.0,
                0.0,
                0.0,
                0.0,
                0.0,
                1.0,
                0.0,
                0.3952552378177643,
                0.0,
                4.844669021508708e-8,
                1.0
            ],
            "name": "_10_LFeelerB2"
        },
        {
            "children": [
                30
            ],
            "matrix": [
                1.0,
                0.0,
                0.0,
                0.0,
                0.0,
                1.0,
                0.0,
                0.0,
                0.0,
                0.0,
                1.0,
                0.0,
                0.4303953945636749,
                2.422331846219095e-8,
                -9.689338043017418e-8,
                1.0
            ],
            "name": "_11_LFeelerB3"
        },
        {
            "matrix": [
                1.0,
                0.0,
                0.0,
                0.0,
                0.0,
                1.0,
                0.0,
                0.0,
                0.0,
                0.0,
                1.0,
                0.0,
                0.3515029549598694,
                -2.422331846219095e-8,
                0.0,
                1.0
            ],
            "name": "_12_LFeelerB4"
        },
        {
            "matrix": [
                0.2138524055480957,
                -1.221845125076726e-10,
                0.9768660068511964,
                0.0,
                -0.0000020036313799209899,
                -1.0,
                4.385035481391242e-7,
                0.0,
                0.9768660068511964,
                -0.0000020510542526608339,
                -0.2138524055480957,
                0.0,
                0.3165731430053711,
                1.8571667226296999e-7,
                1.3041908740997317,
                1.0
            ],
            "name": "_07_Jaw"
        },
        {
            "matrix": [
                1.0,
                0.0,
                0.0,
                0.0,
                0.0,
                1.0,
                0.0,
                0.0,
                0.0,
                0.0,
                1.0,
                0.0,
                1.369265913963318,
                1.1088547614834798e-12,
                0.0,
                1.0
            ],
            "name": "_05_FeelerA"
        },
        {
            "children": [
                34
            ],
            "matrix": [
                1.0,
                -0.0,
                0.0,
                0.0,
                0.0,
                4.4896641959724089e-11,
                1.0,
                0.0,
                -0.0,
                -1.0,
                4.4896641959724089e-11,
                0.0,
                0.0,
                0.0,
                0.0,
                1.0
            ],
            "name": "_01_pm0048_00"
        },
        {
            "children": [
                35
            ],
            "name": "_02_Origin"
        },
        {
            "children": [
                2,
                36
            ],
            "matrix": [
                -0.000003595222551666666,
                1.0,
                0.0,
                0.0,
                -1.0,
                -0.000003595222551666666,
                -0.0,
                0.0,
                0.0,
                0.0,
                1.0,
                0.0,
                0.0,
                1.1316334009170533,
                -0.07636789232492447,
                1.0
            ],
            "name": "_03_Waist"
        },
        {
            "children": [
                51,
                50,
                49,
                48,
                47,
                44,
                43,
                42,
                41,
                40,
                37
            ],
            "matrix": [
                -1.0,
                0.000003462019549260731,
                -3.5527200315476049e-15,
                0.0,
                -0.000003462019549260731,
                -1.0,
                -6.149793413576609e-21,
                0.0,
                -3.5527200315476049e-15,
                6.149793413576609e-21,
                1.0,
                0.0,
                -0.4375680387020111,
                0.0,
                6.055842050045612e-8,
                1.0
            ],
            "name": "_59_Hips"
        },
        {
            "children": [
                38
            ],
            "matrix": [
                1.0,
                6.167866786199738e-7,
                -4.802646813573119e-8,
                0.0,
                -5.261994147076621e-7,
                0.8888137340545654,
                0.4582686126232147,
                0.0,
                3.253405509440199e-7,
                -0.4582686126232147,
                0.8888137340545654,
                0.0,
                -0.24162381887435914,
                -0.340842604637146,
                -0.029708854854106904,
                1.0
            ],
            "name": "_83_RThigh"
        },
        {
            "children": [
                39
            ],
            "matrix": [
                0.000004106888354726834,
                4.0053052430266698e-8,
                1.0,
                0.0,
                -0.01678268611431122,
                0.9998591542243958,
                2.8877204627519864e-8,
                0.0,
                -0.9998591542243958,
                -0.01678268611431122,
                0.000004106982032681117,
                0.0,
                0.786630392074585,
                -1.211165852055274e-7,
                1.8167503057497929e-8,
                1.0
            ],
            "name": "_84_RFoot"
        },
        {
            "matrix": [
                1.0,
                0.0,
                0.0,
                0.0,
                0.0,
                1.0,
                0.0,
                0.0,
                0.0,
                0.0,
                1.0,
                0.0,
                0.569087028503418,
                -0.000002228545099569601,
                1.2111659231095473e-8,
                1.0
            ],
            "name": "_85_RToe"
        },
        {
            "matrix": [
                0.29830220341682436,
                -0.8495076894760132,
                0.4351465404033661,
                0.0,
                0.06707124412059784,
                0.4734327793121338,
                0.8782726526260376,
                0.0,
                -0.9521120190620422,
                -0.23280484974384309,
                0.19820357859134678,
                0.0,
                -0.08030086010694504,
                -0.7066785097122192,
                0.65250563621521,
                1.0
            ],
            "name": "_81_RFeelerO"
        },
        {
            "matrix": [
                -0.0000027558962756302209,
                -1.0,
                3.1535684286154729e-8,
                0.0,
                -0.000003272088179073762,
                3.154470107347152e-8,
                1.0,
                0.0,
                -1.0,
                0.0000027558960482565459,
                -0.000003272088179073762,
                0.0,
                -0.08030086010694504,
                -0.8687785267829895,
                0.06485026329755783,
                1.0
            ],
            "name": "_79_RFeelerN"
        },
        {
            "matrix": [
                0.3228509724140167,
                -0.6258934140205383,
                -0.7099469304084778,
                0.0,
                -0.02059614285826683,
                -0.7545843124389648,
                0.6558798551559448,
                0.0,
                -0.9462257027626038,
                -0.1971292644739151,
                -0.2565092444419861,
                0.0,
                -0.08030080050230026,
                -0.650704562664032,
                -0.5838418006896973,
                1.0
            ],
            "name": "_77_RFeelerM"
        },
        {
            "matrix": [
                0.2439156323671341,
                -0.13302484154701234,
                -0.9606297612190248,
                0.0,
                0.0009559581521898508,
                -0.99051433801651,
                0.1374058872461319,
                0.0,
                -0.9697960019111632,
                -0.0344337671995163,
                -0.24147477746009828,
                0.0,
                -0.08030080050230026,
                -0.17233239114284516,
                -0.7573162317276001,
                1.0
            ],
            "name": "_75_RFeelerL"
        },
        {
            "children": [
                45
            ],
            "matrix": [
                1.0,
                6.662465921181138e-7,
                -8.676798834983402e-9,
                0.0,
                -5.961454689895618e-7,
                0.888813853263855,
                -0.4582684338092804,
                0.0,
                -2.976077269067901e-7,
                0.4582684338092804,
                0.888813853263855,
                0.0,
                -0.2416236251592636,
                0.340842604637146,
                -0.029708854854106904,
                1.0
            ],
            "name": "_71_LThigh"
        },
        {
            "children": [
                46
            ],
            "matrix": [
                0.00000381746212951839,
                6.663261586936643e-8,
                1.0,
                0.0,
                -0.024657612666487698,
                0.9996959567070008,
                2.7517142342503577e-8,
                0.0,
                -0.9996959567070008,
                -0.024657612666487698,
                0.000003817944161710329,
                0.0,
                0.786630392074585,
                -4.844669021508708e-8,
                6.055842494134822e-9,
                1.0
            ],
            "name": "_72_LFoot"
        },
        {
            "matrix": [
                1.0,
                0.0,
                0.0,
                0.0,
                0.0,
                1.0,
                0.0,
                0.0,
                0.0,
                0.0,
                1.0,
                0.0,
                0.5690872669219971,
                1.211165852055274e-7,
                0.0,
                1.0
            ],
            "name": "_73_LToe"
        },
        {
            "matrix": [
                0.2983014583587647,
                0.8495079874992371,
                0.4351464807987213,
                0.0,
                -0.06707148998975754,
                0.47343263030052187,
                -0.8782727122306824,
                0.0,
                -0.9521121978759766,
                0.2328041195869446,
                0.1982034146785736,
                0.0,
                -0.08030056953430176,
                0.7066788077354431,
                0.65250563621521,
                1.0
            ],
            "name": "_69_LFeelerO"
        },
        {
            "matrix": [
                -0.000004271512352715945,
                1.0,
                -4.517003446835588e-7,
                0.0,
                0.000004271514171705348,
                -4.516820979461045e-7,
                -1.0,
                0.0,
                -1.0,
                -0.000004271514171705348,
                -0.000004271512352715945,
                0.0,
                -0.08030056953430176,
                0.8687790632247925,
                0.06485026329755783,
                1.0
            ],
            "name": "_67_LFeelerN"
        },
        {
            "matrix": [
                0.3228508234024048,
                0.6258937120437622,
                -0.7099467515945435,
                0.0,
                0.02059612050652504,
                -0.7545840740203857,
                -0.6558800935745239,
                0.0,
                -0.9462257623672484,
                0.1971292942762375,
                -0.25650906562805178,
                0.0,
                -0.08030056953430176,
                0.6507048010826111,
                -0.5838418006896973,
                1.0
            ],
            "name": "_65_LFeelerM"
        },
        {
            "matrix": [
                0.24391548335552216,
                0.13302502036094666,
                -0.9606297612190248,
                0.0,
                -0.0009538315352983772,
                -0.9905143976211548,
                -0.13740552961826325,
                0.0,
                -0.9697960019111632,
                0.03443161770701409,
                -0.2414749264717102,
                0.0,
                -0.08030056953430176,
                0.17233234643936158,
                -0.7573136687278748,
                1.0
            ],
            "name": "_63_LFeelerL"
        },
        {
            "matrix": [
                0.26151007413864138,
                8.803429096815307e-8,
                0.9652007222175598,
                0.0,
                -3.722081771684316e-7,
                1.0,
                9.63726343172766e-9,
                0.0,
                -0.9652007222175598,
                -3.617758466134547e-7,
                0.26151007413864138,
                0.0,
                0.0,
                0.0,
                0.9565436244010924,
                1.0
            ],
            "name": "_61_FeelerP"
        }
    ],
    "meshes": [
        {
            "primitives": [
                {
                    "attributes": {
                        "COLOR_0": 1,
                        "JOINTS_0": 2,
                        "NORMAL": 3,
                        "POSITION": 4,
                        "TEXCOORD_0": 5,
                        "WEIGHTS_0": 6
                    },
                    "indices": 0,
                    "mode": 4,
                    "material": 0
                },
                {
                    "attributes": {
                        "COLOR_0": 8,
                        "JOINTS_0": 9,
                        "NORMAL": 10,
                        "POSITION": 11,
                        "TEXCOORD_0": 12,
                        "WEIGHTS_0": 13
                    },
                    "indices": 7,
                    "mode": 4,
                    "material": 1
                }
            ],
            "name": "Venonat"
        }
    ],
    "skins": [
        {
            "inverseBindMatrices": 14,
            "skeleton": 2,
            "joints": [
                2,
                20,
                36,
                19,
                23,
                50,
                49,
                4,
                22,
                21,
                25,
                32,
                18,
                24,
                12,
                26,
                48,
                44,
                43,
                37,
                42,
                41,
                9,
                47,
                51,
                40,
                8,
                38,
                39,
                3,
                17,
                45,
                46,
                31,
                14,
                15,
                16,
                13,
                28,
                29,
                30,
                27,
                11,
                10,
                7,
                6,
                5
            ],
            "name": "geom-Venonat-skin1"
        }
    ],
    "accessors": [
        {
            "bufferView": 0,
            "byteOffset": 0,
            "componentType": 5123,
            "count": 13980,
            "max": [
                3014
            ],
            "min": [
                0
            ],
            "type": "SCALAR"
        },
        {
            "bufferView": 1,
            "byteOffset": 0,
            "componentType": 5126,
            "count": 3015,
            "max": [
                1.0,
                1.0,
                1.0
            ],
            "min": [
                1.0,
                1.0,
                1.0
            ],
            "type": "VEC3"
        },
        {
            "bufferView": 2,
            "byteOffset": 0,
            "componentType": 5123,
            "count": 3015,
            "max": [
                41,
                46,
                46,
                46
            ],
            "min": [
                0,
                0,
                0,
                0
            ],
            "type": "VEC4"
        },
        {
            "bufferView": 1,
            "byteOffset": 36180,
            "componentType": 5126,
            "count": 3015,
            "max": [
                1.0,
                1.0,
                1.0
            ],
            "min": [
                -1.0,
                -1.0,
                -1.0
            ],
            "type": "VEC3"
        },
        {
            "bufferView": 1,
            "byteOffset": 72360,
            "componentType": 5126,
            "count": 3015,
            "max": [
                1.3910157680511477,
                3.962857246398926,
                1.4265071153640748
            ],
            "min": [
                -1.3910157680511477,
                0.004545390605926514,
                -1.3331444263458253
            ],
            "type": "VEC3"
        },
        {
            "bufferView": 2,
            "byteOffset": 24120,
            "componentType": 5126,
            "count": 3015,
            "max": [
                0.9983677864074708,
                0.9921875596046448
            ],
            "min": [
                6.467709923185794e-9,
                0.007812023162841797
            ],
            "type": "VEC2"
        },
        {
            "bufferView": 3,
            "byteOffset": 0,
            "componentType": 5126,
            "count": 3015,
            "max": [
                1.0,
                0.9900000095367432,
                0.9800000190734864,
                0.3700000047683716
            ],
            "min": [
                0.009999999776482582,
                0.0,
                0.0,
                0.0
            ],
            "type": "VEC4"
        },
        {
            "bufferView": 0,
            "byteOffset": 27960,
            "componentType": 5123,
            "count": 960,
            "max": [
                177
            ],
            "min": [
                0
            ],
            "type": "SCALAR"
        },
        {
            "bufferView": 1,
            "byteOffset": 108540,
            "componentType": 5126,
            "count": 178,
            "max": [
                1.0,
                1.0,
                1.0
            ],
            "min": [
                1.0,
                1.0,
                1.0
            ],
            "type": "VEC3"
        },
        {
            "bufferView": 2,
            "byteOffset": 48240,
            "componentType": 5123,
            "count": 178,
            "max": [
                0,
                0,
                0,
                0
            ],
            "min": [
                0,
                0,
                0,
                0
            ],
            "type": "VEC4"
        },
        {
            "bufferView": 1,
            "byteOffset": 110676,
            "componentType": 5126,
            "count": 178,
            "max": [
                0.996102511882782,
                0.9817196130752564,
                0.9932339787483216
            ],
            "min": [
                -0.996102511882782,
                -0.6008449792861939,
                -0.10063250362873078
            ],
            "type": "VEC3"
        },
        {
            "bufferView": 1,
            "byteOffset": 112812,
            "componentType": 5126,
            "count": 178,
            "max": [
                0.8338184952735901,
                2.2181718349456789,
                1.17820942401886
            ],
            "min": [
                -0.8338184952735901,
                1.4008150100708008,
                0.6954672336578369
            ],
            "type": "VEC3"
        },
        {
            "bufferView": 2,
            "byteOffset": 49664,
            "componentType": 5126,
            "count": 178,
            "max": [
                0.9544596076011658,
                -0.03125
            ],
            "min": [
                0.0475044883787632,
                -0.96875
            ],
            "type": "VEC2"
        },
        {
            "bufferView": 3,
            "byteOffset": 48240,
            "componentType": 5126,
            "count": 178,
            "max": [
                1.0,
                0.0,
                0.0,
                0.0
            ],
            "min": [
                1.0,
                0.0,
                0.0,
                0.0
            ],
            "type": "VEC4"
        },
        {
            "bufferView": 4,
            "byteOffset": 0,
            "componentType": 5126,
            "count": 47,
            "max": [
                1.0,
                1.0,
                0.48588111996650698,
                0.0,
                1.0,
                0.9684405326843262,
                1.0,
                0.0,
                0.9768660068511964,
                1.0,
                1.0,
                0.0,
                36.8381576538086,
                42.61042785644531,
                3.006609916687012,
                1.0
            ],
            "min": [
                -1.0,
                -1.0,
                -0.48588091135025027,
                0.0,
                -1.0,
                -0.9684392213821412,
                -0.05116797238588333,
                0.0,
                -0.99017333984375,
                -1.0,
                -0.2565097212791443,
                0.0,
                -134.91339111328126,
                -42.61043930053711,
                -72.79938507080078,
                1.0
            ],
            "type": "MAT4"
        }
    ],
    "materials": [
        {
            "pbrMetallicRoughness": {
                "baseColorFactor": [
                    1.0,
                    1.0,
                    1.0,
                    1.0
                ],
                "baseColorTexture": {
                    "index": 0
                },
                "metallicFactor": 0.0
            },
            "emissiveFactor": [
                0.0,
                0.0,
                0.0
            ],
            "occlusionTexture": {
                "index": 0
            },
            "name": "BodyABuffron_HairVco"
        },
        {
            "pbrMetallicRoughness": {
                "baseColorFactor": [
                    1.0,
                    1.0,
                    1.0,
                    1.0
                ],
                "baseColorTexture": {
                    "index": 1
                },
                "metallicFactor": 0.0
            },
            "emissiveFactor": [
                0.0,
                0.0,
                0.0
            ],
            "occlusionTexture": {
                "index": 1
            },
