{
    "asset": {
        "generator": "COLLADA2GLTF",
        "version": "2.0"
    },
    "scenes": [
        {
            "nodes": [
                0
            ]
        }
    ],
    "scene": 0,
    "nodes": [
        {
            "children": [
                120,
                119,
                118,
                117,
                116,
                115,
                114,
                113,
                1
            ],
            "matrix": [
                1.0,
                0.0,
                0.0,
                0.0,
                0.0,
                0.0,
                -1.0,
                0.0,
                0.0,
                1.0,
                0.0,
                0.0,
                0.0,
                0.0,
                0.0,
                1.0
            ],
            "name": "Z_UP"
        },
        {
            "mesh": 0,
            "skin": 0,
            "name": "mesh_7_pm0088_00_EyeSkin"
        },
        {
            "children": [
                8,
                7,
                6,
                5,
                4,
                3
            ],
            "name": "pm0088_00"
        },
        {
            "name": "pm0088_00_LiquidBSkin"
        },
        {
            "name": "pm0088_00_LiquidASkin"
        },
        {
            "name": "pm0088_00_EyeSkin"
        },
        {
            "name": "pm0088_00_BodySkin"
        },
        {
            "name": "pm0088_00_BetoSkin"
        },
        {
            "children": [
                9
            ],
            "matrix": [
                1.0,
                -6.165209924802184e-7,
                0.0,
                0.0,
                6.165209924802184e-7,
                1.0,
                0.0,
                0.0,
                0.0,
                0.0,
                1.0,
                0.0,
                0.0,
                0.0,
                0.0,
                1.0
            ],
            "name": "Origin"
        },
        {
            "children": [
                112,
                70,
                10
            ],
            "matrix": [
                -5.960459930065554e-7,
                1.0,
                0.0,
                0.0,
                -1.0,
                -6.165220156617579e-7,
                0.0,
                0.0,
                0.0,
                0.0,
                1.0,
                0.0,
                0.0,
                43.964900970458987,
                0.0,
                1.0
            ],
            "name": "Waist"
        },
        {
            "children": [
                56,
                11
            ],
            "matrix": [
                0.9969050288200378,
                2.3763799816833857e-8,
                0.07861495018005371,
                0.0,
                0.0,
                1.0,
                -3.022809949015937e-7,
                0.0,
                -0.07861495018005371,
                3.013450111666316e-7,
                0.9969050288200378,
                0.0,
                -0.00001907350088004023,
                -7.63975965822894e-11,
                -0.000041145300201606008,
                1.0
            ],
            "name": "Spine1"
        },
        {
            "children": [
                41,
                27,
                12
            ],
            "matrix": [
                0.9851657748222352,
                0.0,
                0.17160509526729585,
                0.0,
                0.0,
                1.0,
                0.0,
                0.0,
                -0.17160509526729585,
                2.8421699266008645e-14,
                0.9851657748222352,
                0.0,
                14.66604995727539,
                0.00004351339885033667,
                0.00003623959855758585,
                1.0
            ],
            "name": "Spine2"
        },
        {
            "children": [
                13
            ],
            "matrix": [
                0.9218528866767884,
                -0.3722350895404816,
                0.10783489793539049,
                0.0,
                0.3580613136291504,
                0.9245406985282898,
                0.13044759631156922,
                0.0,
                -0.1482549011707306,
                -0.08164197206497193,
                0.9855734705924988,
                0.0,
                2.939483880996704,
                17.76926040649414,
                4.521704196929932,
                1.0
            ],
            "name": "RShoulder"
        },
        {
            "children": [
                14
            ],
            "matrix": [
                0.6673241853713989,
                -0.6409078240394592,
                0.37936240434646609,
                0.0,
                0.6920619010925293,
                0.7218347787857056,
                0.0021090509835630657,
                0.0,
                -0.2751887142658234,
                0.2611350119113922,
                0.9252458214759828,
                0.0,
                -0.000011444099982327316,
                15.828929901123049,
                0.000005722049991163658,
                1.0
            ],
            "name": "RArm1"
        },
        {
            "children": [
                24,
                15
            ],
            "matrix": [
                0.10381480306386948,
                0.9914491772651672,
                -0.07906234264373779,
                0.0,
                -0.8996179103851318,
                0.12750409543514253,
                0.4176486134529114,
                0.0,
                0.4241581857204437,
                0.02776787057518959,
                0.9051623940467836,
                0.0,
                0.0,
                12.692830085754397,
                0.0,
                1.0
            ],
            "name": "RArm2"
        },
        {
            "children": [
                16
            ],
            "matrix": [
                0.16841720044612885,
                -0.972760021686554,
                0.1592905968427658,
                0.0,
                0.9718379974365234,
                0.13684259355068208,
                -0.19184620678424836,
                0.0,
                0.16482259333133698,
                0.18711499869823457,
                0.9684116840362548,
                0.0,
                15.208100318908692,
                1.9725509881973269,
                0.11960600316524506,
                1.0
            ],
            "name": "RForeArm"
        },
        {
            "children": [
                23,
                21,
                19,
                17
            ],
            "matrix": [
                0.1331993043422699,
                0.9905735850334168,
                -0.03196778893470764,
                0.0,
                -0.9727599024772644,
                0.13684259355068208,
                0.18711499869823457,
                0.0,
                0.1897256970405579,
                0.006173356901854277,
                0.9818177223205566,
                0.0,
                -0.000005841260190209141,
                11.8200101852417,
                -0.000002622600050017354,
                1.0
            ],
            "name": "RHand"
        },
        {
            "children": [
                18
            ],
            "matrix": [
                -0.11656489968299866,
                -0.9408860802650452,
                0.318034291267395,
                0.0,
                0.9906706213951112,
                -0.08738519251346588,
                0.10457339882850649,
                0.0,
                -0.07060019671916962,
                0.3272568881511688,
                0.9422942996025086,
                0.0,
                10.16646957397461,
                -5.207275867462158,
                4.527774810791016,
                1.0
            ],
            "name": "RFingerC"
        },
        {
            "matrix": [
                -0.0827803835272789,
                0.9961743950843812,
                0.02800286002457142,
                0.0,
                -0.9408860802650452,
                -0.08738528937101364,
                0.3272568881511688,
                0.0,
                0.32845211029052737,
                0.0007428820244967938,
                0.9445202946662904,
                0.0,
                -0.0000019073499970545528,
                12.183019638061524,
                -0.000003337860107421875,
                1.0
            ],
            "name": "EndRFingerC"
        },
        {
            "children": [
                20
            ],
            "matrix": [
                0.03382313996553421,
                -0.9990314245224,
                0.02814429998397827,
                0.0,
                0.989378809928894,
                0.02948641963303089,
                -0.14233769476413728,
                0.0,
                0.1413699984550476,
                0.03265970945358277,
                0.9894179105758668,
                0.0,
                10.076290130615237,
                0.1627034991979599,
                -3.202441930770874,
                1.0
            ],
            "name": "RFingerB"
        },
        {
            "matrix": [
                0.029407670721411706,
                0.9995635151863098,
                -0.002888516988605261,
                0.0,
                -0.9990314841270448,
                0.029486360028386117,
                0.03265973925590515,
                0.0,
                0.032730650156736377,
                0.0019252729834988712,
                0.9994624257087708,
                0.0,
                -0.000004768370217789197,
                13.543000221252442,
                0.0,
                1.0
            ],
            "name": "EndRFingerB"
        },
        {
            "children": [
                22
            ],
            "matrix": [
                0.2228111028671265,
                -0.9439036846160888,
                0.2437233030796051,
                0.0,
                0.967686891555786,
                0.24442389607429505,
                0.06196079030632973,
                0.0,
                -0.11805679649114608,
                0.22204239666461945,
                0.9678635001182556,
                0.0,
                4.706183910369873,
                5.767083168029785,
                3.591878890991211,
                1.0
            ],
            "name": "RFingerA"
        },
        {
            "matrix": [
                -0.09458094835281372,
                0.9952927827835084,
                0.02112545073032379,
                0.0,
                -0.9470757842063904,
                -0.09649738669395448,
                0.3061625957489014,
                0.0,
                0.30676010251045229,
                0.008949816226959229,
                0.9517449140548706,
                0.0,
                0.0,
                14.598999977111817,
                -9.536739753457368e-7,
                1.0
            ],
            "name": "EndRFingerA"
        },
        {
            "matrix": [
                1.0,
                -1.1865499693897164e-8,
                -9.536739753457368e-7,
                0.0,
                -2.2105700381302996e-8,
                1.0,
                3.6585401375077718e-8,
                0.0,
                9.536739753457368e-7,
                -8.335310219820257e-10,
                1.0,
                0.0,
                25.253690719604493,
                3.488955020904541,
                0.1573507934808731,
                1.0
            ],
            "name": "EndRHand"
        },
        {
            "children": [
                25
            ],
            "matrix": [
                -0.06875211000442505,
                -0.2820107042789459,
                0.956944704055786,
                0.0,
                -0.9687814116477966,
                0.24789269268512729,
                0.0034512279089540245,
                0.0,
                -0.23819300532341004,
                -0.9268327951431274,
                -0.29024991393089297,
                0.0,
                -4.100844860076904,
                3.037506103515625,
                -13.417019844055176,
                1.0
            ],
            "name": "FeelerE1"
        },
        {
            "children": [
                26
            ],
            "matrix": [
                0.7011932134628296,
                -0.03657427057623863,
                0.7120326161384583,
                0.0,
                0.2205445021390915,
                0.9608287811279296,
                -0.16783319413661958,
                0.0,
                -0.6780030131340027,
                0.27471840381622317,
                0.6817929744720459,
                0.0,
                0.0,
                8.114608764648438,
                0.0,
                1.0
            ],
            "name": "FeelerE2"
        },
        {
            "matrix": [
                -0.03291340917348862,
                0.9990562200546264,
                -0.0283488892018795,
                0.0,
                0.4910373091697693,
                0.04086887091398239,
                0.8701797723770142,
                0.0,
                0.8705167174339294,
                0.0147203104570508,
                -0.49191901087760928,
                0.0,
                -0.000003814699994109105,
                12.975640296936036,
                4.768369876728684e-7,
                1.0
            ],
            "name": "EndFeelerE2"
        },
        {
            "children": [
                28
            ],
            "matrix": [
                -0.023512110114097596,
                -0.9476861953735352,
                0.3183361887931824,
                0.0,
                0.9972826838493348,
                0.0000029634700240421809,
                0.0736677497625351,
                0.0,
                -0.06981485337018967,
                0.3192032873630524,
                0.9451112151145936,
                0.0,
                16.131410598754884,
                0.00004879889820585959,
                0.00004959110083291307,
                1.0
            ],
            "name": "Neck"
        },
        {
            "children": [
                40,
                31,
                29
            ],
            "matrix": [
                0.0000026002498998423109,
                0.9999998807907105,
                -9.238719940185548e-7,
                0.0,
                -0.9476861953735352,
                0.000002832339987435262,
                0.3192035853862763,
                0.0,
                0.3192035853862763,
                2.98022992950564e-8,
                0.9476860761642456,
                0.0,
                0.0,
                16.577390670776368,
                0.0,
                1.0
            ],
            "name": "Head"
        },
        {
            "children": [
                30
            ],
            "matrix": [
                -0.9728485941886902,
                -0.19277510046958924,
                0.1280747950077057,
                0.0,
                0.1305232048034668,
                -0.0000011548399925231934,
                0.9914451837539672,
                0.0,
                -0.1911257952451706,
                0.9812430143356324,
                0.02516278065741062,
                0.0,
                8.768264770507813,
                0.0000634992029517889,
                3.718175888061523,
                1.0
            ],
            "name": "UpperJaw"
        },
        {
            "matrix": [
                -0.0000016093299564090558,
                1.0,
                9.536739753457368e-7,
                0.0,
                0.19277529418468476,
                0.0000012850899793193094,
                -0.9812428951263428,
                0.0,
                -0.9812428951263428,
                -0.000001385810037390911,
                -0.1927752047777176,
                0.0,
                0.0,
                36.23540115356445,
                0.0000019073499970545528,
                1.0
            ],
            "name": "EndUpperJaw"
        },
        {
            "children": [
                32
            ],
            "matrix": [
                -0.5094575881958008,
                0.7908539175987244,
                -0.3391214907169342,
                0.0,
                -0.5541195273399353,
                -0.000003755089892365504,
                0.8324375152587891,
                0.0,
                0.6583349108695984,
                0.6120051741600037,
                0.4382292926311493,
                0.0,
                -1.851166009902954,
                0.0000030931801120459569,
                8.51777458190918,
                1.0
            ],
            "name": "LowerJaw1"
        },
        {
            "children": [
                39,
                33
            ],
            "matrix": [
                0.0000017285300373259816,
                0.9999998807907105,
                0.000004202130185149144,
                0.0,
                0.7908533811569214,
                -0.000003735759946721373,
                0.6120051145553589,
                0.0,
                0.6120054125785828,
                0.0000022351700863509906,
                -0.7908536195755005,
                0.0,
                0.0,
                30.33245086669922,
                0.000003814699994109105,
                1.0
            ],
            "name": "LowerJaw2"
        },
        {
            "children": [
                38,
                36,
                34
            ],
            "matrix": [
                0.9468523263931274,
                -1.4210900454981157e-14,
                0.3216687142848969,
                0.0,
                0.0,
                1.0,
                0.0,
                0.0,
                -0.32166850566864016,
                7.105429898699844e-15,
                0.9468523263931274,
                0.0,
                6.064144134521484,
                -5.607677936553955,
                -2.65643310546875,
                1.0
            ],
            "name": "FeelerA"
        },
        {
            "children": [
                35
            ],
            "matrix": [
                -0.17068520188331605,
                0.8510637283325195,
                0.4965454041957855,
                0.0,
                0.9456859230995178,
                -0.0000040983600229083098,
                0.325082391500473,
                0.0,
                0.2766678929328919,
                0.5250626802444458,
                -0.8048378825187683,
                0.0,
                17.026620864868165,
                -0.12688109278678898,
                3.993480920791626,
                1.0
            ],
            "name": "FeelerC"
        },
        {
            "matrix": [
                0.000023460899683414028,
                1.0,
                -0.000001258499992218276,
                0.0,
                0.8510637283325195,
                -0.000019043900465476328,
                0.5250623822212219,
                0.0,
                0.5250623226165772,
                -0.000013255999874672853,
                -0.8510637283325195,
                0.0,
                0.0,
                6.878292083740234,
                0.0,
                1.0
            ],
            "name": "EndFeelerC"
        },
        {
            "children": [
                37
            ],
            "matrix": [
                -0.000003654349939097301,
                -0.9999998807907105,
                -0.000002601020014481037,
                0.0,
                0.9456807971000673,
                -0.000004105810148757882,
                0.325096607208252,
                0.0,
                -0.3250966966152191,
                -0.0000012559800097733389,
                0.9456806778907776,
                0.0,
                8.391613006591797,
                -0.12548449635505677,
                1.027781963348389,
                1.0
            ],
            "name": "FeelerB"
        },
        {
            "matrix": [
                -0.000008236080248025246,
                1.0,
                -0.0000018795300320562092,
                0.0,
                -1.0,
                -0.00000839198037283495,
                -0.0000013886600527257545,
                0.0,
                -0.0000011046799954783638,
                0.0000019093299670203125,
                1.0,
                0.0,
                -4.768369876728684e-7,
                5.10400390625,
                0.0,
                1.0
            ],
            "name": "EndFeelerB"
        },
        {
            "matrix": [
                0.9999998807907105,
                -6.165569832461415e-9,
                -1.1920899822825962e-7,
                0.0,
                1.9728399536234066e-7,
                1.0,
                6.782030226304414e-8,
                0.0,
                2.98022992950564e-8,
                -6.644360173169161e-9,
                1.0,
                0.0,
                5.608390808105469,
                -0.00002384189974691253,
                0.000003814699994109105,
                1.0
            ],
            "name": "EndFeelerA"
        },
        {
            "matrix": [
                1.0,
                -7.105429898699844e-15,
                2.682209867543861e-7,
                0.0,
                0.0,
                1.0,
                0.0,
                0.0,
                -1.1920899822825962e-7,
                -3.552710078910475e-15,
                1.0,
                0.0,
                10.549500465393069,
                -0.00003982859925599769,
                0.000022888199964654633,
                1.0
            ],
            "name": "EndLowerJaw2"
        },
        {
            "matrix": [
                1.0,
                -2.1316300707527849e-14,
                0.0,
                0.0,
                -8.881779961836516e-15,
                1.0,
                1.0658100378820036e-14,
                0.0,
                -2.98022992950564e-8,
                -6.394879878456397e-14,
                1.0,
                0.0,
                24.21929931640625,
                0.00006885689799673855,
                0.0000019073499970545528,
                1.0
            ],
            "name": "EndHead"
        },
        {
            "children": [
                42
            ],
            "matrix": [
                -0.9044200778007508,
                -0.3087204098701477,
                0.29447731375694277,
                0.0,
                0.3580630123615265,
                -0.9245396256446838,
                0.13045130670070649,
                0.0,
                0.23198260366916657,
                0.22342410683631898,
                0.946713089942932,
                0.0,
                2.9396779537200929,
                -17.769189834594728,
                4.521708965301514,
                1.0
            ],
            "name": "LShoulder"
        },
        {
            "children": [
                43
            ],
            "matrix": [
                0.7661476731300354,
                0.6353430151939392,
                0.09673164784908296,
                0.0,
                -0.6337140202522278,
                0.7218366861343384,
                0.2781335115432739,
                0.0,
                0.10688570141792298,
                -0.2743915021419525,
                0.95565927028656,
                0.0,
                0.0,
                15.82886028289795,
                1.1920899822825962e-7,
                1.0
            ],
            "name": "LArm1"
        },
        {
            "children": [
                44
            ],
            "matrix": [
                0.9998685121536256,
                0.00567565904930234,
                -0.015185669995844365,
                0.0,
                -0.005965210031718016,
                0.9997997879981996,
                -0.01909000054001808,
                0.0,
                0.015074299648404122,
                0.01917809061706066,
                0.999702513217926,
                0.0,
                0.0000019073499970545528,
                12.692919731140137,
                0.0000019073499970545528,
                1.0
            ],
            "name": "LArm2"
        },
        {
            "children": [
                53,
                45
            ],
            "matrix": [
                -0.18624119460582737,
                0.9713870286941528,
                -0.1473830044269562,
                0.0,
                -0.9341790080070496,
                -0.12861059606075288,
                0.33281978964805605,
                0.0,
                0.30434179306030276,
                0.19966690242290498,
                0.931401789188385,
                0.0,
                0.0000023841901111154586,
                15.335749626159668,
                0.0000019073499970545528,
                1.0
            ],
            "name": "LForeArm"
        },
        {
            "children": [
                52,
                50,
                48,
                46
            ],
            "matrix": [
                0.9999998807907105,
                -1.9930799233236486e-9,
                -1.1920899822825962e-7,
                0.0,
                -1.2983899466689767e-7,
                1.0,
                -2.7697699689355206e-9,
                0.0,
                1.1920899822825962e-7,
                3.9044500965701449e-9,
                1.0,
                0.0,
                11.70882034301758,
                -1.6174249649047852,
                -0.00040435799746774137,
                1.0
            ],
            "name": "LHand"
        },
        {
            "children": [
                47
            ],
            "matrix": [
                0.0633639320731163,
                -0.9722462892532348,
                0.22521579265594486,
                0.0,
                0.991305410861969,
                0.08739206194877625,
                0.0983663871884346,
                0.0,
                -0.11531840264797212,
                0.21702469885349277,
                0.9693307280540466,
                0.0,
                10.194640159606934,
                5.207469940185547,
                4.463898181915283,
                1.0
            ],
            "name": "LFingerC"
        },
        {
            "matrix": [
                0.08500772714614868,
                0.9961733222007752,
                -0.020315349102020265,
                0.0,
                -0.9722462892532348,
                0.08739150315523148,
                0.21702489256858829,
                0.0,
                0.21796970069408418,
                0.0013028379762545229,
                0.97595477104187,
                0.0,
                0.0,
                12.18301010131836,
                -0.0000019073499970545528,
                1.0
            ],
            "name": "EndLFingerC"
        },
        {
            "children": [
                49
            ],
            "matrix": [
                -0.025164350867271425,
                -0.9992120265960692,
                0.03069661930203438,
                0.0,
                0.988469898700714,
                -0.029456699267029764,
                -0.14852340519428254,
                0.0,
                0.14931060373783112,
                0.026605170220136644,
                0.9884322881698608,
                0.0,
                10.055999755859377,
                -0.16266630589962009,
                -3.265410900115967,
                1.0
            ],
            "name": "LFingerB"
        },
        {
            "matrix": [
                -0.02942181006073952,
                0.9995657205581664,
                0.0017067119479179385,
                0.0,
                -0.9992117881774902,
                -0.029456770047545434,
                0.026605170220136644,
                0.0,
                0.026643849909305577,
                -0.0009226039983332156,
                0.9996445775032044,
                0.0,
                0.0,
                13.543009757995606,
                0.0,
                1.0
            ],
            "name": "EndLFingerB"
        },
        {
            "children": [
                51
            ],
            "matrix": [
                -0.250716507434845,
                -0.9457216262817384,
                0.20676539838314057,
                0.0,
                0.9680575728416444,
                -0.24441640079021458,
                0.055900949984788898,
                0.0,
                -0.002329841023311019,
                0.21417619287967686,
                0.9767922163009644,
                0.0,
                4.728546142578125,
                -5.767138957977295,
                3.5623741149902345,
                1.0
            ],
            "name": "LFingerA"
        },
        {
            "matrix": [
                0.095719613134861,
                0.9953317046165466,
                -0.012348069809377194,
                0.0,
                -0.9854437112808228,
                0.09650511294603348,
                0.13995639979839326,
                0.0,
                0.14049479365348817,
                -0.0012282580137252808,
                0.990080714225769,
                0.0,
                0.000004291529876354616,
                14.597949981689454,
                -0.000002145769940398168,
                1.0
            ],
            "name": "EndLFingerA"
        },
        {
            "matrix": [
                0.9969382882118224,
                0.07819128036499024,
                -7.450579886381094e-8,
                0.0,
                -0.07819118350744248,
                0.996938407421112,
                -8.381899618825628e-9,
                0.0,
                8.940700269022274e-8,
                7.570020166269842e-9,
                1.0,
                0.0,
                25.254209518432618,
                -3.488570928573609,
                -0.0008831020095385611,
                1.0
            ],
            "name": "EndLHand"
        },
        {
            "children": [
                54
            ],
            "matrix": [
                0.06670442223548889,
                0.4751841127872467,
                -0.877354621887207,
                0.0,
                -0.9943562746047974,
                0.10436440259218216,
                -0.019075360149145128,
                0.0,
                0.08250010758638382,
                0.8736752867698669,
                0.47946369647979739,
                0.0,
                4.575728893280029,
                -0.41641709208488467,
                8.886734008789063,
                1.0
            ],
            "name": "FeelerD1"
        },
        {
            "children": [
                55
            ],
            "matrix": [
                0.38056251406669619,
                0.4073401987552643,
                0.830208420753479,
                0.0,
                -0.36097198724746706,
                0.8919743895530701,
                -0.2721781134605408,
                0.0,
                -0.8513938188552856,
                -0.19610120356082917,
                0.48649048805236819,
                0.0,
                9.536739753457368e-7,
                15.556949615478516,
                -0.000001788140025382745,
                1.0
            ],
            "name": "FeelerD2"
        },
        {
            "matrix": [
                1.490430001638288e-8,
                1.0,
                3.427259969157604e-7,
                0.0,
                -1.0,
                4.647930040846404e-8,
                1.1930699983508932e-8,
                0.0,
                -1.1723999863381269e-13,
                -3.278250062521693e-7,
                1.0,
                0.0,
                0.000003814699994109105,
                6.221312999725342,
                0.0,
                1.0
            ],
            "name": "EndFeelerD2"
        },
        {
            "children": [
                69,
                67,
                65,
                63,
                61,
                59,
                57
            ],
            "matrix": [
                0.9528924822807312,
                7.105429898699844e-15,
                0.3033080101013184,
                0.0,
                0.0,
                1.0,
                0.0,
                0.0,
                -0.3033080995082855,
                2.8421699266008645e-14,
                0.9528924822807312,
                0.0,
                0.00006484989717137069,
                1.6734699737064319e-10,
                0.00007653240027138963,
                1.0
            ],
            "name": "FeelerH"
        },
        {
            "children": [
                58
            ],
            "matrix": [
                -0.6594709753990173,
                0.2839485108852387,
                0.6960396766662598,
                0.0,
                -0.6629112958908081,
                0.21693339943885804,
                -0.7165809273719788,
                0.0,
                -0.3544662892818451,
                -0.9339771270751952,
                0.04517151042819023,
                0.0,
                9.64993953704834,
                10.539239883422852,
                -23.53510093688965,
                1.0
            ],
            "name": "UpperCurlF"
        },
        {
            "matrix": [
                -0.025978000834584237,
                0.994490385055542,
                -0.10155799984931946,
                0.0,
                0.39453861117362978,
                -0.08314549922943115,
                -0.9151095151901244,
                0.0,
                -0.918511927127838,
                -0.06384115666151047,
                -0.3902050852775574,
                0.0,
                -0.000003814699994109105,
                18.722209930419927,
                -0.0000019073499970545528,
                1.0
            ],
            "name": "EndUpperCurlF"
        },
        {
            "children": [
                60
            ],
            "matrix": [
                -0.99193012714386,
                0.10763390362262726,
                0.06700537353754044,
                0.0,
                -0.060758400708436969,
                -0.867398202419281,
                0.49389219284057619,
                0.0,
                0.11128009855747224,
                0.485835999250412,
                0.8669381737709045,
                0.0,
                4.983200073242188,
                -23.360149383544927,
                4.704329013824463,
                1.0
            ],
            "name": "UpperCurlE"
        },
        {
            "matrix": [
                0.014689910225570202,
                0.9991639256477356,
                0.03815573081374169,
                0.0,
                0.22252300381660465,
                0.03393610939383507,
                -0.9743366241455078,
                0.0,
                -0.9748167991638184,
                0.02280339971184731,
                -0.22183829545974732,
                0.0,
                0.0,
                20.56048011779785,
                -0.0000019073499970545528,
                1.0
            ],
            "name": "EndUpperCurlE"
        },
        {
            "children": [
                62
            ],
            "matrix": [
                -0.7624487280845642,
                -0.5902894735336304,
                0.2650100886821747,
                0.0,
                -0.13903330266475678,
                0.5494592189788818,
                0.823871374130249,
                0.0,
                -0.6319348812103272,
                0.5913146138191223,
                -0.5010043978691101,
                0.0,
                7.388718128204346,
                18.10442924499512,
                13.762020111083985,
                1.0
            ],
            "name": "UpperCurlD"
        },
        {
            "matrix": [
                0.00990263745188713,
                0.9997258186340332,
                0.02122035995125771,
                0.0,
                0.4345569014549256,
                0.01481011975556612,
                -0.9005228877067566,
                0.0,
                -0.9005898833274841,
                0.01813896931707859,
                -0.4342912137508393,
                0.0,
                0.0,
                14.222990036010744,
                0.0,
                1.0
            ],
            "name": "EndUpperCurlD"
        },
        {
            "children": [
                64
            ],
            "matrix": [
                -0.6676502227783203,
                -0.30733370780944826,
                0.6780775785446167,
                0.0,
                -0.3071716129779816,
                0.9433904886245728,
                0.12513689696788789,
                0.0,
                -0.67815101146698,
                -0.12473859637975692,
                -0.7242593169212341,
                0.0,
                1.2923929691314698,
                30.47306060791016,
                -0.9171885848045348,
                1.0
            ],
            "name": "UpperCurlC"
        },
        {
            "matrix": [
                0.017493590712547307,
                0.9973070025444032,
                0.07122261077165604,
                0.0,
                0.5094572901725769,
                0.05240194126963616,
                -0.8588988184928894,
                0.0,
                -0.8603181838989258,
                0.05131015926599503,
                -0.5071685910224915,
                0.0,
                0.0,
                15.514389991760254,
                0.0,
                1.0
            ],
            "name": "EndUpperCurlC"
        },
        {
            "children": [
                66
            ],
            "matrix": [
                -0.783790111541748,
                0.38518720865249636,
                0.48713868856430056,
                0.0,
                -0.6144359111785889,
                -0.3670085966587067,
                -0.6984080076217651,
                0.0,
                -0.09023386240005492,
                -0.8467205166816711,
                0.5243303775787354,
                0.0,
                13.04440975189209,
                -13.925250053405762,
                -21.70730972290039,
                1.0
            ],
            "name": "UpperCurlB"
        },
        {
            "matrix": [
                -0.010632780380547049,
                0.9999346137046814,
                -0.004182339180260897,
                0.0,
                0.29577699303627016,
                -0.0008502299897372723,
                -0.9552565217018129,
                0.0,
                -0.955197811126709,
                -0.011394109576940537,
                -0.2957485020160675,
                0.0,
                0.0,
                16.838909149169927,
                -9.536739753457368e-7,
                1.0
            ],
            "name": "EndUpperCurlB"
        },
        {
            "children": [
                68
            ],
            "matrix": [
                -0.8715168833732605,
                -0.48046839237213137,
                -0.0980229675769806,
                0.0,
                -0.11176790297031404,
