{
    "asset": {
        "generator": "COLLADA2GLTF",
        "version": "2.0"
    },
    "scenes": [
        {
            "nodes": [
                0
            ]
        }
    ],
    "scene": 0,
    "nodes": [
        {
            "children": [
                34,
                1
            ],
            "matrix": [
                1.0,
                0.0,
                0.0,
                0.0,
                0.0,
                0.0,
                -1.0,
                0.0,
                0.0,
                1.0,
                0.0,
                0.0,
                0.0,
                0.0,
                0.0,
                1.0
            ],
            "name": "Z_UP"
        },
        {
            "mesh": 0,
            "skin": 0,
            "name": "Venomoth"
        },
        {
            "children": [
                30,
                3
            ],
            "matrix": [
                -0.0000036828873817285059,
                0.9980411529541016,
                0.06256068497896195,
                0.0,
                -1.0,
                -0.0000036905857996316624,
                7.499306953206997e-9,
                0.0,
                2.3837017693040256e-7,
                -0.06256068497896195,
                0.9980411529541016,
                0.0,
                0.0,
                1.328399658203125,
                0.048660051077604297,
                1.0
            ],
            "name": "_03_Waist"
        },
        {
            "children": [
                24,
                22,
                20,
                18,
                16,
                14,
                12,
                10,
                8,
                6,
                4
            ],
            "name": "_09_Spine"
        },
        {
            "children": [
                5
            ],
            "matrix": [
                0.5352190732955933,
                0.7035655379295349,
                -0.4674783945083618,
                0.0,
                -0.8447046875953674,
                0.44828468561172488,
                -0.29242926836013796,
                0.0,
                0.003820259589701891,
                0.5513948798179627,
                0.8342356085777283,
                0.0,
                0.3452190160751343,
                0.17060212790966038,
                -0.35694366693496706,
                1.0
            ],
            "name": "_49_RFeelerB1"
        },
        {
            "matrix": [
                1.0,
                0.0,
                0.0,
                0.0,
                0.0,
                1.0,
                0.0,
                0.0,
                0.0,
                0.0,
                1.0,
                0.0,
                1.2997078895568848,
                -7.751470434413932e-7,
                -0.0000015502940868827864,
                1.0
            ],
            "name": "_50_RFeelerB2"
        },
        {
            "children": [
                7
            ],
            "matrix": [
                -0.8269224166870117,
                0.45422616600990298,
                -0.3314783275127411,
                0.0,
                -0.5598315596580505,
                -0.7203699350357056,
                0.40945789217948916,
                0.0,
                -0.05280053615570069,
                0.5241619348526001,
                0.8499801754951477,
                0.0,
                0.2566314339637757,
                0.21166808903217317,
                -0.3434768319129944,
                1.0
            ],
            "name": "_46_RFeelerA1"
        },
        {
            "matrix": [
                1.0,
                0.0,
                0.0,
                0.0,
                0.0,
                1.0,
                0.0,
                0.0,
                0.0,
                0.0,
                1.0,
                0.0,
                0.6651548743247986,
                0.0,
                1.9378650506496346e-7,
                1.0
            ],
            "name": "_47_RFeelerA2"
        },
        {
            "children": [
                9
            ],
            "matrix": [
                0.0025259375106543304,
                -0.2925341129302979,
                0.9562517404556274,
                0.0,
                -0.9998287558555604,
                0.01679239422082901,
                0.00777813233435154,
                0.0,
                -0.01833312399685383,
                -0.9561076164245606,
                -0.29244157671928408,
                0.0,
                0.19144673645496369,
                0.4317111074924469,
                -0.019552219659090047,
                1.0
            ],
            "name": "_43_RArm3"
        },
        {
            "matrix": [
                0.7541375756263733,
                -3.534286747708393e-7,
                0.6567164659500122,
                0.0,
                2.43785336806468e-7,
                1.0,
                2.582255831384828e-7,
                0.0,
                -0.6567164659500122,
                -3.4639757728882617e-8,
                0.7541375756263733,
                0.0,
                0.3225269317626953,
                -1.9378650506496346e-7,
                4.3601892230071828e-7,
                1.0
            ],
            "name": "_44_RForeArm3"
        },
        {
            "children": [
                11
            ],
            "matrix": [
                0.002920861821621657,
                -0.2993789613246918,
                0.9541298151016237,
                0.0,
                -0.9998198747634888,
                0.01701747439801693,
                0.008400334976613522,
                0.0,
                -0.018751762807369233,
                -0.9539825320243836,
                -0.29927533864974978,
                0.0,
                0.2967484593391419,
                0.4317111074924469,
                -0.0069398642517626289,
                1.0
            ],
            "name": "_40_RArm2"
        },
        {
            "matrix": [
                0.8148932456970215,
                2.741860782862205e-7,
                0.57961106300354,
                0.0,
                -6.223293524953989e-8,
                1.0,
                -3.855566035326774e-7,
                0.0,
                -0.57961106300354,
                2.781166017484793e-7,
                0.8148932456970215,
                0.0,
                0.2947441339492798,
                0.0000012596138958542725,
                5.813602683701902e-7,
                1.0
            ],
            "name": "_41_RForeArm2"
        },
        {
            "children": [
                13
            ],
            "matrix": [
                0.05925150588154793,
                -0.3208472728729248,
                0.9452757835388184,
                0.0,
                -0.998041331768036,
                -0.000002330928282390232,
                0.06255815178155899,
                0.0,
                -0.020069409161806108,
                -0.9471309185028076,
                -0.3202189803123474,
                0.0,
                0.3959580361843109,
                0.4317111074924469,
                -0.001365695963613689,
                1.0
            ],
            "name": "_37_RArm"
        },
        {
            "matrix": [
                0.7882995009422302,
                7.836673177052944e-8,
                0.6152917146682739,
                0.0,
                -9.941196310592206e-8,
                1.0,
                -5.38495951388912e-13,
                0.0,
                -0.6152917146682739,
                -6.116693640478843e-8,
                0.7882995009422302,
                0.0,
                0.2991713583469391,
                0.0,
                4.3601892230071828e-7,
                1.0
            ],
            "name": "_38_RForeArm"
        },
        {
            "children": [
                15
            ],
            "matrix": [
                0.5352191925048828,
                -0.7035655379295349,
                -0.4674783051013947,
                0.0,
                0.8447045683860779,
                0.448284775018692,
                0.2924293875694275,
                0.0,
                0.003820170881226659,
                -0.5513948798179627,
                0.8342356085777283,
                0.0,
                0.3452192544937134,
                -0.17060214281082154,
                -0.35694366693496706,
                1.0
            ],
            "name": "_34_LFeelerB1"
        },
        {
            "matrix": [
                1.0,
                0.0,
                0.0,
                0.0,
                0.0,
                1.0,
                0.0,
                0.0,
                0.0,
                0.0,
                1.0,
                0.0,
                1.2997050285339356,
                0.0,
                -4.844669021508708e-8,
                1.0
            ],
            "name": "_35_LFeelerB2"
        },
        {
            "children": [
                17
            ],
            "matrix": [
                -0.8269233107566834,
                -0.4542245268821717,
                -0.3314783573150635,
                0.0,
                0.5598301887512207,
                -0.7203708291053772,
                -0.409458190202713,
                0.0,
                -0.05280140787363053,
                -0.5241621136665344,
                0.8499800562858582,
                0.0,
                0.2566291391849518,
                -0.21166813373565677,
                -0.3434765934944153,
                1.0
            ],
            "name": "_31_LFeelerA1"
        },
        {
            "matrix": [
                1.0,
                0.0,
                0.0,
                0.0,
                0.0,
                1.0,
                0.0,
                0.0,
                0.0,
                0.0,
                1.0,
                0.0,
                0.6651523113250732,
                -1.9378650506496346e-7,
                -7.266990564858135e-8,
                1.0
            ],
            "name": "_32_LFeelerA2"
        },
        {
            "children": [
                19
            ],
            "matrix": [
                0.002525889314711094,
                0.2925341129302979,
                0.9562517404556274,
                0.0,
                0.9998287558555604,
                0.01679246686398983,
                -0.007778105325996876,
                0.0,
                -0.018333187326788904,
                0.9561076164245606,
                -0.2924416065216065,
                0.0,
                0.1914474219083786,
                -0.4317111074924469,
                -0.01955226063728333,
                1.0
            ],
            "name": "_28_LArm3"
        },
        {
            "matrix": [
                0.7541372179985046,
                -2.4651245489337727e-9,
                0.6567168831825256,
                0.0,
                -1.4231166289846445e-7,
                1.0,
                1.6717653750220055e-7,
                0.0,
                -0.6567168831825256,
                -2.1953252371531565e-7,
                0.7541372179985046,
                0.0,
                0.3225266635417938,
                9.689338043017418e-8,
                -4.844669021508708e-8,
                1.0
            ],
            "name": "_29_LForeArm3"
        },
        {
            "children": [
                21
            ],
            "matrix": [
                0.0029204776510596277,
                0.2993795573711395,
                0.9541296362876892,
                0.0,
                0.9998198747634888,
                0.017018446698784829,
                -0.008400249294936657,
                0.0,
                -0.01875266619026661,
                0.9539822936058044,
                -0.2992759346961975,
                0.0,
                0.2967484593391419,
                -0.4317111074924469,
                -0.006939846090972424,
                1.0
            ],
            "name": "_25_LArm2"
        },
        {
            "matrix": [
                0.8148934841156006,
                1.51102966583494e-7,
                0.5796107053756714,
                0.0,
                -1.848104176360721e-7,
                1.0,
                -8.663768591432586e-10,
                0.0,
                -0.5796107053756714,
                -1.0641209513551077e-7,
                0.8148934841156006,
                0.0,
                0.2947441339492798,
                1.9378650506496346e-7,
                4.844669021508708e-8,
                1.0
            ],
            "name": "_26_LForeArm2"
        },
        {
            "children": [
                23
            ],
            "matrix": [
                0.059252265840768817,
                0.32084617018699648,
                0.9452760815620422,
                0.0,
                0.9980412721633912,
                -0.000001394487298966851,
                -0.06255924701690674,
                0.0,
                -0.02007057517766953,
                0.947131335735321,
                -0.3202177882194519,
                0.0,
                0.3959611058235169,
                -0.4317111074924469,
                -0.001365804928354919,
                1.0
            ],
            "name": "_22_LArm"
        },
        {
            "matrix": [
                0.7882993817329407,
                -5.494810132616359e-14,
                0.6152918338775635,
                0.0,
                -1.0753030466048587e-7,
                1.0,
                1.3776572416190905e-7,
                0.0,
                -0.6152918338775635,
                -1.74763158611313e-7,
                0.7882993817329407,
                0.0,
                0.29916882514953616,
                0.0,
                -1.4534006709254758e-7,
                1.0
            ],
            "name": "_23_LForeArm"
        },
        {
            "children": [
                29,
                28,
                25
            ],
            "matrix": [
                0.9980411529541016,
                1.1574117309010037e-7,
                -0.06256069242954254,
                0.0,
                -1.154218480792224e-7,
                1.0,
                8.718290089859693e-9,
                0.0,
                0.06256069242954254,
                -1.4803418491027288e-9,
                0.9980411529541016,
                0.0,
                0.6821202635765076,
                -3.696182357577904e-13,
                3.0279085905249305e-9,
                1.0
            ],
            "name": "_10_Head"
        },
        {
            "children": [
                27,
                26
            ],
            "name": "_16_RootJaw"
        },
        {
            "matrix": [
                -0.997075080871582,
                0.026392195373773576,
                0.07172652333974838,
                0.0,
                -0.000005516276814887533,
                -0.9385095238685608,
                0.3452533781528473,
                0.0,
                0.07642801851034165,
                0.3442431688308716,
                0.9357646107673644,
                0.0,
                0.019331378862261773,
                0.11662839353084564,
                0.35013899207115176,
                1.0
            ],
            "name": "_20_RFeelerC"
        },
        {
            "matrix": [
                -0.997075080871582,
                -0.02639219164848328,
                0.07172650098800659,
                0.0,
                0.0000055203640840773009,
                -0.9385095238685608,
                -0.3452533781528473,
                0.0,
                0.07642799615859986,
                -0.3442431688308716,
                0.9357646107673644,
                0.0,
                0.019331572577357293,
                -0.11662843823432924,
                0.3501364588737488,
                1.0
            ],
            "name": "_18_LFeelerC"
        },
        {
            "matrix": [
                0.0000034784015952027404,
                4.4337367111069167e-10,
                1.0,
                0.0,
                -0.00025492956046946347,
                0.9999999403953552,
                4.4337367111069167e-10,
                0.0,
                -0.9999999403953552,
                -0.00025492956046946347,
                0.0000034784015952027404,
                0.0,
                0.18600879609584809,
                0.379549652338028,
                0.08192211389541626,
                1.0
            ],
            "name": "_14_RFeelerD"
        },
        {
            "matrix": [
                0.0000034784015952027404,
                4.4337367111069167e-10,
                1.0,
                0.0,
                -0.00025492956046946347,
                0.9999999403953552,
                4.4337367111069167e-10,
                0.0,
                -0.9999999403953552,
                -0.00025492956046946347,
                0.0000034784015952027404,
                0.0,
                0.18600820004940034,
                -0.379549652338028,
                0.08192213624715805,
                1.0
            ],
            "name": "_12_LFeelerD"
        },
        {
            "children": [
                31
            ],
            "matrix": [
                -0.999918818473816,
                0.0000034629892979864964,
                0.012742660008370877,
                0.0,
                -0.000003460909510977217,
                -1.0,
                1.8525700795635206e-7,
                0.0,
                0.012742660008370877,
                1.411407737350601e-7,
                0.999918818473816,
                0.0,
                0.0,
                0.0,
                0.0,
                1.0
            ],
            "name": "_04_Hips"
        },
        {
            "children": [
                32
            ],
            "matrix": [
                0.9999606013298036,
                3.430294839290582e-7,
                0.008879541419446469,
                0.0,
                3.122880229966541e-7,
                -1.0,
                0.0000034634401799849,
                0.0,
                0.008879541419446469,
                -0.000003460530706433929,
                -0.9999606013298036,
                0.0,
                0.3403066396713257,
                9.240469446471918e-14,
                -3.0279085905249305e-9,
                1.0
            ],
            "name": "_05_Tail1"
        },
        {
            "children": [
                33
            ],
            "matrix": [
                1.0,
                0.0,
                0.0,
                0.0,
                0.0,
                1.0,
                0.0,
                0.0,
                0.0,
                0.0,
                1.0,
                0.0,
                0.36226749420166018,
                -9.240469446471918e-14,
                1.5139567821620404e-8,
                1.0
            ],
            "name": "_06_Tail2"
        },
        {
            "matrix": [
                0.9991604685783386,
                8.584752781695336e-14,
                -0.04096748307347298,
                0.0,
                1.3605855331277897e-10,
                1.0,
                3.3204428095956475e-9,
                0.0,
                0.04096748307347298,
                -3.323229247342851e-9,
                0.9991604685783386,
                0.0,
                0.3331921100616455,
                0.0,
                4.958207000527182e-7,
                1.0
            ],
            "name": "_07_Tail3"
        },
        {
            "children": [
                35
            ],
            "matrix": [
                1.0,
                -0.0,
                0.0,
                0.0,
                0.0,
                4.4896641959724089e-11,
                1.0,
                0.0,
                -0.0,
                -1.0,
                4.4896641959724089e-11,
                0.0,
                0.0,
                0.0,
                0.0,
                1.0
            ],
            "name": "_01_pm0049_00"
        },
        {
            "children": [
                2
            ],
            "name": "_02_Origin"
        }
    ],
    "meshes": [
        {
            "primitives": [
                {
                    "attributes": {
                        "COLOR_0": 1,
                        "JOINTS_0": 2,
                        "NORMAL": 3,
                        "POSITION": 4,
                        "TEXCOORD_0": 5,
                        "WEIGHTS_0": 6
                    },
                    "indices": 0,
                    "mode": 4,
                    "material": 0
                },
                {
                    "attributes": {
                        "COLOR_0": 8,
                        "JOINTS_0": 9,
                        "NORMAL": 10,
                        "POSITION": 11,
                        "TEXCOORD_0": 12,
                        "WEIGHTS_0": 13
                    },
                    "indices": 7,
                    "mode": 4,
                    "material": 1
                },
                {
                    "attributes": {
                        "COLOR_0": 15,
                        "JOINTS_0": 16,
                        "NORMAL": 17,
                        "POSITION": 18,
                        "TEXCOORD_0": 19,
                        "WEIGHTS_0": 20
                    },
                    "indices": 14,
                    "mode": 4,
                    "material": 2
                }
            ],
            "name": "Venomoth"
        }
    ],
    "skins": [
        {
            "inverseBindMatrices": 21,
            "skeleton": 2,
            "joints": [
                30,
                3,
                24,
                26,
                27,
                2,
                31,
                32,
                33,
                21,
                20,
                19,
                18,
                12,
                13,
                11,
                10,
                9,
                8,
                23,
                22,
                6,
                7,
                16,
                17,
                4,
                5,
                14,
                15,
                28,
                29
            ],
            "name": "geom-Venomoth-skin1"
        }
    ],
    "accessors": [
        {
            "bufferView": 0,
            "byteOffset": 0,
            "componentType": 5123,
            "count": 10920,
            "max": [
                2355
            ],
            "min": [
                0
            ],
            "type": "SCALAR"
        },
        {
            "bufferView": 1,
            "byteOffset": 0,
            "componentType": 5126,
            "count": 2356,
            "max": [
                1.0,
                1.0,
                1.0
            ],
            "min": [
                1.0,
                1.0,
                1.0
            ],
            "type": "VEC3"
        },
        {
            "bufferView": 2,
            "byteOffset": 0,
            "componentType": 5123,
            "count": 2356,
            "max": [
                30,
                28,
                8,
                8
            ],
            "min": [
                0,
                0,
                0,
                0
            ],
            "type": "VEC4"
        },
        {
            "bufferView": 1,
            "byteOffset": 28272,
            "componentType": 5126,
            "count": 2356,
            "max": [
                0.9999272227287293,
                0.9992061257362366,
                0.9992452263832092
            ],
            "min": [
                -0.9999272227287293,
                -0.9987918138504028,
                -0.9999982118606569
            ],
            "type": "VEC3"
        },
        {
            "bufferView": 1,
            "byteOffset": 56544,
            "componentType": 5126,
            "count": 2356,
            "max": [
                2.7345130443573,
                3.8644068241119386,
                0.5558764338493347
            ],
            "min": [
                -2.7345130443573,
                -0.1603499799966812,
                -1.83996319770813
            ],
            "type": "VEC3"
        },
        {
            "bufferView": 2,
            "byteOffset": 18848,
            "componentType": 5126,
            "count": 2356,
            "max": [
                0.9945275783538818,
                0.9914289116859436
            ],
            "min": [
                0.006093617994338274,
                0.013857007026672364
            ],
            "type": "VEC2"
        },
        {
            "bufferView": 3,
            "byteOffset": 0,
            "componentType": 5126,
            "count": 2356,
            "max": [
                1.0,
                0.9900000095367432,
                0.9300000071525574,
                0.4900000095367432
            ],
            "min": [
                0.009999999776482582,
                0.0,
                0.0,
                0.0
            ],
            "type": "VEC4"
        },
        {
            "bufferView": 0,
            "byteOffset": 21840,
            "componentType": 5123,
            "count": 3288,
            "max": [
                647
            ],
            "min": [
                0
            ],
            "type": "SCALAR"
        },
        {
            "bufferView": 1,
            "byteOffset": 84816,
            "componentType": 5126,
            "count": 648,
            "max": [
                1.0,
                1.0,
                1.0
            ],
            "min": [
                1.0,
                1.0,
                1.0
            ],
            "type": "VEC3"
        },
        {
            "bufferView": 2,
            "byteOffset": 37696,
            "componentType": 5123,
            "count": 648,
            "max": [
                28,
                28,
                0,
                0
            ],
            "min": [
                2,
                0,
                0,
                0
            ],
            "type": "VEC4"
        },
        {
            "bufferView": 1,
            "byteOffset": 92592,
            "componentType": 5126,
            "count": 648,
            "max": [
                0.9966257214546204,
                0.9928318858146668,
                0.9999071955680848
            ],
            "min": [
                -0.9966257214546204,
                -0.9823877811431884,
                -0.9985606074333192
            ],
            "type": "VEC3"
        },
        {
            "bufferView": 1,
            "byteOffset": 100368,
            "componentType": 5126,
            "count": 648,
            "max": [
                2.8080968856811525,
                3.773728847503662,
                0.423435777425766
            ],
            "min": [
                -2.8080968856811525,
                1.0485146045684817,
                -1.9140524864196776
            ],
            "type": "VEC3"
        },
        {
            "bufferView": 2,
            "byteOffset": 42880,
            "componentType": 5126,
            "count": 648,
            "max": [
                0.9705305099487304,
                0.5200071334838867
            ],
            "min": [
                0.01454566977918148,
                -0.9897899627685548
            ],
            "type": "VEC2"
        },
        {
            "bufferView": 3,
            "byteOffset": 37696,
            "componentType": 5126,
            "count": 648,
            "max": [
                1.0,
                0.9900000095367432,
                0.0,
                0.0
            ],
            "min": [
                0.009999999776482582,
                0.0,
                0.0,
                0.0
            ],
            "type": "VEC4"
        },
        {
            "bufferView": 0,
            "byteOffset": 28416,
            "componentType": 5123,
            "count": 960,
            "max": [
                177
            ],
            "min": [
                0
            ],
            "type": "SCALAR"
        },
        {
            "bufferView": 1,
            "byteOffset": 108144,
            "componentType": 5126,
            "count": 178,
            "max": [
                1.0,
                1.0,
                1.0
            ],
            "min": [
                1.0,
                1.0,
                1.0
            ],
            "type": "VEC3"
        },
        {
            "bufferView": 2,
            "byteOffset": 48064,
            "componentType": 5123,
            "count": 178,
            "max": [
                2,
                0,
                0,
                0
            ],
            "min": [
                2,
                0,
                0,
                0
            ],
            "type": "VEC4"
        },
        {
            "bufferView": 1,
            "byteOffset": 110280,
            "componentType": 5126,
            "count": 178,
            "max": [
                0.9962757229804992,
                0.9991198182106018,
                0.9845815896987916
            ],
            "min": [
                -0.9962757229804992,
                -0.9999691843986512,
                -0.9973254203796388
            ],
            "type": "VEC3"
        },
        {
            "bufferView": 1,
            "byteOffset": 112416,
            "componentType": 5126,
            "count": 178,
            "max": [
                0.6494627594947815,
                2.4513919353485109,
                0.423435777425766
            ],
            "min": [
                -0.6494627594947815,
                1.935340404510498,
                -0.08715410530567169
            ],
            "type": "VEC3"
        },
        {
            "bufferView": 2,
            "byteOffset": 49488,
            "componentType": 5126,
            "count": 178,
            "max": [
                0.960053026676178,
                0.9365261197090148
            ],
            "min": [
                0.032561998814344409,
                -0.9581899642944336
            ],
            "type": "VEC2"
        },
        {
            "bufferView": 3,
            "byteOffset": 48064,
            "componentType": 5126,
            "count": 178,
            "max": [
                1.0,
                0.0,
                0.0,
                0.0
            ],
            "min": [
                1.0,
                0.0,
                0.0,
                0.0
            ],
            "type": "VEC4"
        },
        {
            "bufferView": 4,
            "byteOffset": 0,
            "componentType": 5126,
            "count": 31,
            "max": [
                0.8485022783279419,
                0.9999998807907105,
                0.9561076760292052,
                0.0,
                1.0,
                1.0,
                0.07642911374568939,
                0.0,
                0.9999998807907105,
                0.3736325204372406,
                0.9999979138374328,
                0.0,
                78.26133728027344,
                67.86097717285156,
                86.42489624023438,
                1.0
            ],
            "min": [
                -0.8485022187232971,
                -1.0,
                -0.9561076760292052,
                0.0,
                -1.0,
                -1.0,
                -0.9999998807907105,
                0.0,
                -0.4330790340900421,
                -0.3736325204372406,
                -1.0,
                0.0,
                -98.37552642822266,
                -67.86106872558594,
                -23.94873046875,
                1.0
            ],
            "type": "MAT4"
        }
    ],
    "materials": [
        {
            "pbrMetallicRoughness": {
                "baseColorFactor": [
                    1.0,
                    1.0,
                    1.0,
                    1.0
                ],
                "baseColorTexture": {
                    "index": 0
                },
                "metallicFactor": 0.0
            },
            "emissiveFactor": [
                0.0,
                0.0,
                0.0
            ],
            "occlusionTexture": {
                "index": 0
            },
            "name": "BodyA02"
        },
        {
            "pbrMetallicRoughness": {
                "baseColorFactor": [
                    1.0,
                    1.0,
                    1.0,
                    1.0
                ],
                "baseColorTexture": {
                    "index": 1
                },
                "metallicFactor": 0.0
            },
            "emissiveFactor": [
                0.0,
                0.0,
                0.0
            ],
            "occlusionTexture": {
                "index": 1
            },
            "name": "BodyBKurumiruVco"
        },
        {
            "pbrMetallicRoughness": {
                "baseColorFactor": [
                    1.0,
                    1.0,
                    1.0,
                    1.0
                ],
                "baseColorTexture": {
                    "index": 2
                },
                "metallicFactor": 0.0
            },
            "emissiveFactor": [
                0.0,
                0.0,
                0.0
            ],
            "occlusionTexture": {
                "index": 2
            },
            "name": "BodyCNon"
        }
    ],
    "textures": [
        {
            "sampler": 0,
            "source": 0
        },
        {
            "sampler": 0,
            "source": 1
        },
        {
            "sampler": 0,
            "source": 2
        }
    ],
    "images": [
        {
            "uri": "pm0049_00_BodyA1.png"
        },
        {
            "uri": "pm0049_00_BodyB1.png"
        },
        {
            "uri": "pm0049_00_BodyC1.png"
        }
    ],
    "samplers": [
        {
            "magFilter": 9729,
            "minFilter": 9986,
            "wrapS": 10497,
            "wrapT": 10497
        }
    ],
    "bufferViews": [
        {
            "buffer": 0,
            "byteOffset": 218360,
            "byteLength": 30336,
            "target": 34963
        },
        {
            "buffer": 0,
            "byteOffset": 52896,
            "byteLength": 114552,
            "byteStride": 12,
            "target": 34962
        },
        {
            "buffer": 0,
            "byteOffset": 167448,
            "byteLength": 50912,
            "byteStride": 8,
            "target": 34962
        },
        {
            "buffer": 0,
            "byteOffset": 1984,
            "byteLength": 50912,
            "byteStride": 16,
            "target": 34962
        },
        {
            "buffer": 0,
            "byteOffset": 0,
            "byteLength": 1984
        }
    ],
    "buffers": [
        {
            "byteLength": 248696,
            "uri": "Venomoth0.bin"
        }
    ]
}
