{
    "asset": {
        "generator": "COLLADA2GLTF",
        "version": "2.0"
    },
    "scenes": [
        {
            "nodes": [
                0
            ]
        }
    ],
    "scene": 0,
    "nodes": [
        {
            "children": [
                23,
                1
            ],
            "matrix": [
                1.0,
                0.0,
                0.0,
                0.0,
                0.0,
                0.0,
                -1.0,
                0.0,
                0.0,
                1.0,
                0.0,
                0.0,
                0.0,
                0.0,
                0.0,
                1.0
            ],
            "name": "Z_UP"
        },
        {
            "mesh": 0,
            "skin": 0,
            "name": "Pidgey"
        },
        {
            "children": [
                14,
                5,
                3
            ],
            "matrix": [
                -0.9494460821151732,
                -0.0000017575415540704853,
                0.3139301538467407,
                0.0,
                0.000001923638137668604,
                -1.0,
                2.1931350602244493e-7,
                0.0,
                0.3139301538467407,
                8.121143650896556e-7,
                0.9494460821151732,
                0.0,
                0.0,
                0.0,
                0.0,
                1.0
            ],
            "name": "_04_Hips"
        },
        {
            "children": [
                4
            ],
            "matrix": [
                0.9512600898742676,
                3.118034186400109e-8,
                -0.308389812707901,
                0.0,
                -3.2777851544096857e-8,
                1.0,
                2.610577227481204e-13,
                0.0,
                0.308389812707901,
                1.010810635193593e-8,
                0.9512600898742676,
                0.0,
                0.1856696456670761,
                -3.696182628628447e-13,
                -0.12176582217216492,
                1.0
            ],
            "name": "_32_Tail1"
        },
        {
            "matrix": [
                0.9965270757675172,
                2.0746112347567323e-13,
                -0.08326919376850128,
                0.0,
                1.553835460299524e-8,
                1.0,
                1.85958327847402e-7,
                0.0,
                0.08326919376850128,
                -1.866063712441246e-7,
                0.9965270757675172,
                0.0,
                0.12934167683124546,
                3.696182628628447e-13,
                2.422331846219095e-8,
                1.0
            ],
            "name": "_33_Tail2"
        },
        {
            "children": [
                6
            ],
            "matrix": [
                0.7017948031425476,
                -0.020135901868343358,
                0.7120945453643799,
                0.0,
                0.014041193760931492,
                0.999797224998474,
                0.01443317160010338,
                0.0,
                -0.7122407555580139,
                -0.00013046740787103772,
                0.7019352316856384,
                0.0,
                0.0030519701540470125,
                -0.07620002329349518,
                -0.04529480263590813,
                1.0
            ],
            "name": "_19_RThigh"
        },
        {
            "children": [
                7
            ],
            "matrix": [
                0.9795925617218018,
                1.0876304656903813e-7,
                0.2009936273097992,
                0.0,
                -1.1104881991741424e-7,
                1.0,
                9.726623673156354e-11,
                0.0,
                -0.2009936273097992,
                -2.2415386879970357e-8,
                0.9795925617218018,
                0.0,
                0.17757810652256013,
                -6.055842050045612e-8,
                0.0,
                1.0
            ],
            "name": "_20_RLeg"
        },
        {
            "children": [
                12,
                10,
                8
            ],
            "matrix": [
                0.19465652108192445,
                0.000003813253442785936,
                0.9808714389801024,
                0.0,
                -0.01974751614034176,
                0.9997973442077636,
                0.003915059845894575,
                0.0,
                -0.9806726574897766,
                -0.02013186737895012,
                0.1946171522140503,
                0.0,
                0.0822843387722969,
                1.392841966207925e-7,
                -5.601639685437476e-8,
                1.0
            ],
            "name": "_21_RFoot"
        },
        {
            "children": [
                9
            ],
            "matrix": [
                -0.984165132045746,
                3.752852251182049e-7,
                -0.17725415527820588,
                0.0,
                3.754641113573598e-7,
                -1.0,
                -0.000004201898264000192,
                0.0,
                -0.17725415527820588,
                -0.000004201914180157473,
                0.984165132045746,
                0.0,
                -0.0173664391040802,
                0.0017674793489277366,
                -0.025910794734954839,
                1.0
            ],
            "name": "_29_RToeC1"
        },
        {
            "matrix": [
                0.9841651916503906,
                -0.000002814958406816004,
                0.1772538423538208,
                0.0,
                -0.0032999739050865179,
                0.9998263716697692,
                0.018338298425078393,
                0.0,
                -0.17722313106060029,
                -0.01863284781575203,
                0.9839943051338196,
                0.0,
                0.048942241817712787,
                0.0,
                -3.9362888060168198e-8,
                1.0
            ],
            "name": "_30_RToeC2"
        },
        {
            "children": [
                11
            ],
            "matrix": [
                0.9808552861213684,
                -0.1538442969322205,
                -0.1193935200572014,
                0.0,
                0.15271763503551484,
                0.9880951046943665,
                -0.01858468167483807,
                0.0,
                0.12083130329847336,
                -0.0000046123705033096489,
                0.9926730394363404,
                0.0,
                0.04049420356750488,
                -0.023733289912343026,
                -0.02730702981352806,
                1.0
            ],
            "name": "_26_RToeB1"
        },
        {
            "matrix": [
                0.9913352131843568,
                0.05189583823084831,
                0.12067021429538728,
                0.0,
                -0.05151550844311714,
                0.9986525177955629,
                -0.006271409336477518,
                0.0,
                -0.12083306908607484,
                6.816279096710787e-7,
                0.992672860622406,
                0.0,
                0.051394131034612659,
                -2.422331846219095e-8,
                -3.0279085905249305e-9,
                1.0
            ],
            "name": "_27_RToeB2"
        },
        {
            "children": [
                13
            ],
            "matrix": [
                0.9797892570495606,
                0.1605910062789917,
                -0.11926234513521196,
                0.0,
                -0.15941385924816132,
                0.987021028995514,
                0.01940862089395523,
                0.0,
                0.12083129584789276,
                -0.000004287251158530125,
                0.9926730394363404,
                0.0,
                0.039692070335149768,
                0.027909008786082269,
                -0.02480949275195599,
                1.0
            ],
            "name": "_23_RToeA1"
        },
        {
            "matrix": [
                0.99053692817688,
                -0.06556539982557297,
                0.12057270854711533,
                0.0,
                0.06508489698171616,
                0.9978482723236084,
                0.007923233322799206,
                0.0,
                -0.12083275616168976,
                -7.928664444989408e-7,
                0.992672860622406,
                0.0,
                0.05352945998311043,
                1.1506072183919969e-7,
                -1.3020039091315997e-7,
                1.0
            ],
            "name": "_24_RToeA2"
        },
        {
            "children": [
                15
            ],
            "matrix": [
                0.7017948031425476,
                0.020136304199695588,
                0.7120945453643799,
                0.0,
                -0.014041602611541748,
                0.999797224998474,
                -0.014433333650231362,
                0.0,
                -0.7122407555580139,
                0.00013029028195887804,
                0.7019352316856384,
                0.0,
                0.003052259562537074,
                0.07620000094175339,
                -0.04529457539319992,
                1.0
            ],
            "name": "_06_LThigh"
        },
        {
            "children": [
                16
            ],
            "matrix": [
                0.9795925617218018,
                -1.8465941276080143e-10,
                0.2009936273097992,
                0.0,
                -1.5097583627721183e-8,
                1.0,
                7.450056926927574e-8,
                0.0,
                -0.2009936273097992,
                -7.60147216283258e-8,
                0.9795925617218018,
                0.0,
                0.17757777869701386,
                1.2111659231095473e-8,
                3.784904889503337e-10,
                1.0
            ],
            "name": "_07_LLeg"
        },
        {
            "children": [
                21,
                19,
                17
            ],
            "matrix": [
                0.1946566700935364,
                0.000003865633516397793,
                0.9808714389801024,
                0.0,
                -0.015593718737363816,
                0.9998736381530762,
                0.003090676385909319,
                0.0,
                -0.9807474613189696,
                -0.015897054225206376,
                0.1946321278810501,
                0.0,
                0.08228405565023422,
                0.0,
                3.0279085905249305e-9,
                1.0
            ],
            "name": "_08_LFoot"
        },
        {
            "children": [
                18
            ],
            "matrix": [
                -0.984165132045746,
                -0.006379141937941313,
                -0.1771392971277237,
                0.0,
                -0.00000704834064890747,
                -0.9993507862091065,
                0.03602778911590576,
                0.0,
                -0.1772541105747223,
                0.03545854240655899,
                0.9835261702537536,
                0.0,
                -0.017366459593176846,
                -0.0017676306888461114,
                -0.025910794734954839,
                1.0
            ],
            "name": "_16_LToeC1"
        },
        {
            "matrix": [
                0.9841645956039428,
                0.000001985321659958572,
                0.17725715041160584,
                0.0,
                0.002502985531464219,
                0.9999001622200012,
                -0.01390823908150196,
                0.0,
                -0.17723947763442994,
                0.014131668023765089,
                0.9840663075447084,
                0.0,
                0.04894221946597099,
                0.0,
                -3.0279085905249305e-9,
                1.0
            ],
            "name": "_17_LToeC2"
        },
        {
            "children": [
                20
            ],
            "matrix": [
                0.9808564186096193,
                0.14943617582321168,
                -0.12485797703266144,
                0.0,
                -0.15271034836769105,
                0.9881243705749512,
                -0.017022445797920228,
                0.0,
                0.1208314374089241,
                0.03576367720961571,
                0.9920285940170288,
                0.0,
                0.04049422964453697,
                0.02373328246176243,
                -0.02730728313326836,
                1.0
            ],
            "name": "_13_LToeB1"
        },
        {
            "matrix": [
                0.9913352131843568,
                -0.05189650133252144,
                0.12067022919654846,
                0.0,
                0.05151622742414475,
                0.998652458190918,
                0.006270988378673792,
                0.0,
                -0.12083306163549425,
                -1.764857984198898e-7,
                0.992672860622406,
                0.0,
                0.051394131034612659,
                -1.2111659231095473e-8,
                3.0279085905249305e-9,
                1.0
            ],
            "name": "_14_LToeB2"
        },
        {
            "children": [
                22
            ],
            "matrix": [
                0.9797880053520204,
                -0.1647907793521881,
                -0.11339960992336272,
                0.0,
                0.15942156314849854,
                0.9856799244880676,
                -0.054952871054410937,
                0.0,
                0.1208314523100853,
                0.03576382249593735,
                0.9920285940170288,
                0.0,
                0.039692070335149768,
                -0.027909008786082269,
                -0.02480974979698658,
                1.0
            ],
            "name": "_10_LToeA1"
        },
        {
            "matrix": [
                0.99053692817688,
                0.06556478142738342,
                0.12057319283485413,
                0.0,
                -0.06508447974920273,
                0.9978483319282532,
                -0.007921569049358368,
                0.0,
                -0.1208331286907196,
                -8.365481676264608e-7,
                0.992672860622406,
                0.0,
                0.05352948233485222,
                1.8167503057497929e-8,
                -6.055842494134822e-9,
                1.0
            ],
            "name": "_11_LToeA2"
        },
        {
            "children": [
                24
            ],
            "matrix": [
                1.0,
                -0.0,
                0.0,
                0.0,
                0.0,
                4.4896641959724089e-11,
                1.0,
                0.0,
                -0.0,
                -1.0,
                4.4896641959724089e-11,
                0.0,
                0.0,
                0.0,
                0.0,
                1.0
            ],
            "name": "_01_pm0016_00"
        },
        {
            "children": [
                25
            ],
            "name": "_02_Origin"
        },
        {
            "children": [
                2,
                26
            ],
            "matrix": [
                -0.000001487264626121032,
                0.43705034255981448,
                0.8994370698928833,
                0.0,
                -1.0,
                -0.0000035277344068163076,
                6.063009294621226e-8,
                0.0,
                0.0000031994734399631858,
                -0.8994370698928833,
                0.43705034255981448,
                0.0,
                0.0,
                0.27936697006225588,
                0.031449008733034137,
                1.0
            ],
            "name": "_03_Waist"
        },
        {
            "children": [
                27
            ],
            "name": "_35_Spine1"
        },
        {
            "children": [
                44,
                28
            ],
            "matrix": [
                0.8462059497833252,
                -4.035023835058382e-7,
                -0.5328559875488281,
                0.0,
                2.227515807362579e-7,
                1.0,
                -4.035023835058382e-7,
                0.0,
                0.5328559875488281,
                2.227515807362579e-7,
                0.8462059497833252,
                0.0,
                0.07799377292394638,
                -2.7721306695462085e-13,
                0.0,
                1.0
            ],
            "name": "_36_Spine2"
        },
        {
            "children": [
                41,
                39,
                35,
                33,
                29
            ],
            "matrix": [
                0.9548088312149048,
                1.684125025315046e-20,
                -0.2972205579280853,
                0.0,
                -8.447525651537023e-15,
                1.0,
                -2.7137273751385274e-14,
                0.0,
                0.2972205579280853,
                2.8421687407547383e-14,
                0.9548088312149048,
                0.0,
                0.12824155390262605,
                0.0,
                3.027908235253563e-8,
                1.0
            ],
            "name": "_39_Spine3"
        },
        {
            "children": [
                30
            ],
            "matrix": [
                0.37195059657096865,
                0.6414814591407776,
                -0.6709353923797607,
                0.0,
                -0.7466059923171997,
                0.636229932308197,
                0.19439896941185,
                0.0,
                0.5515725016593933,
                0.42861759662628176,
                0.7155799865722656,
                0.0,
                0.005610656458884478,
                0.03220440447330475,
                0.008734580129384995,
                1.0
            ],
            "name": "_57_RShoulder"
        },
        {
            "children": [
                31
            ],
            "matrix": [
                0.6871230006217957,
                0.5924899578094482,
                0.4204968810081482,
                0.0,
                -0.6492740511894226,
                0.7604809999465942,
                -0.01057372521609068,
                0.0,
                -0.3260447382926941,
                -0.2657522857189179,
                0.9072323441505432,
                0.0,
                0.09718497097492218,
                -3.391255631868262e-7,
                1.9378650506496346e-7,
                1.0
            ],
            "name": "_58_RArm"
        },
        {
            "children": [
                32
            ],
            "matrix": [
                0.7136569619178772,
                -3.121446923159965e-8,
                0.7004953622817993,
                0.0,
                -5.38156683660418e-8,
                1.0,
                9.938737832726476e-8,
                0.0,
                -0.7004953622817993,
                -1.086261178784298e-7,
                0.7136569619178772,
                0.0,
                0.22360055148601533,
                0.0000014776221632928357,
                -5.813602683701902e-7,
                1.0
            ],
            "name": "_59_RForeArm"
        },
        {
            "matrix": [
                0.8003540635108948,
                0.13335151970386506,
                -0.5845089554786682,
                0.0,
                -0.10769038647413254,
                0.9910687804222108,
                0.07864736765623093,
                0.0,
                0.589776337146759,
                2.533175802454935e-7,
                0.8075666427612305,
                0.0,
                0.2241552323102951,
                3.633495282429067e-7,
                2.906801341850951e-7,
                1.0
            ],
            "name": "_60_RHand"
        },
        {
            "children": [
                34
            ],
            "matrix": [
                -0.8436539173126221,
                0.2386121302843094,
                -0.4809494316577912,
                0.0,
                -0.4458451569080353,
                0.18771399557590488,
                0.8752059936523438,
                0.0,
                0.29911571741104128,
                0.952799916267395,
                -0.05198159068822861,
                0.0,
                0.005723488517105579,
                0.122735895216465,
                -0.02042807638645172,
                1.0
            ],
            "name": "_54_RFeeler1"
        },
        {
            "matrix": [
                0.7847541570663452,
                -0.40957707166671755,
                -0.46519625186920168,
                0.0,
                0.36433497071266177,
                0.9120182394981384,
                -0.18836863338947297,
                0.0,
                0.501418948173523,
                -0.02166419662535191,
                0.8649333715438843,
                0.0,
                0.21698786318302158,
                0.0000010779378953884589,
                -5.571362748924003e-7,
                1.0
            ],
            "name": "_55_RFeeler2"
        },
        {
            "children": [
                36
            ],
            "matrix": [
                0.3719501197338104,
                -0.6414815783500671,
                -0.6709355711936951,
                0.0,
                0.7466062903404236,
                0.6362295746803284,
                -0.19439907371997834,
                0.0,
                0.5515724420547485,
                -0.428617924451828,
                0.7155798077583313,
                0.0,
                0.005610656458884478,
                -0.03220440447330475,
                0.008734653703868389,
                1.0
            ],
            "name": "_49_LShoulder"
        },
        {
            "children": [
                37
            ],
            "matrix": [
                0.6871231198310852,
                -0.5924898386001587,
                0.4204968810081482,
                0.0,
                0.6492738127708435,
                0.7604812383651733,
                0.010574039071798325,
                0.0,
                -0.3260449767112732,
                0.2657519578933716,
                0.9072323441505432,
                0.0,
                0.09718471765518189,
                2.422331846219095e-8,
                4.844669021508708e-8,
                1.0
            ],
            "name": "_50_LArm"
        },
        {
            "children": [
                38
            ],
            "matrix": [
                0.713656485080719,
                -8.542061502581078e-10,
                0.7004958391189575,
                0.0,
                -1.3621948014019836e-8,
                1.0,
                1.5097301186983718e-8,
                0.0,
                -0.7004958391189575,
                -2.0316404558684554e-8,
                0.713656485080719,
                0.0,
                0.22360049188137058,
                -1.211165852055274e-7,
                0.0,
                1.0
            ],
            "name": "_51_LForeArm"
        },
        {
            "matrix": [
                0.8003543615341187,
                -0.13335123658180238,
                -0.5845086574554443,
                0.0,
                0.10769018530845642,
                0.9910688400268556,
                -0.0786471739411354,
                0.0,
                0.5897759795188904,
                -2.341671034855608e-7,
                0.8075668811798096,
                0.0,
                0.2241549640893936,
                -2.422331846219095e-8,
                6.055842050045612e-8,
                1.0
            ],
            "name": "_52_LHand"
        },
        {
            "children": [
                40
            ],
            "matrix": [
                -0.8436538577079773,
                -0.23861217498779298,
                -0.4809494316577912,
                0.0,
                0.4458452761173249,
                0.18771351873874665,
                -0.8752060532569885,
                0.0,
                0.29911553859710696,
                -0.9528000354766846,
                -0.051981121301651,
                0.0,
                0.005722422152757645,
                -0.12273579835891724,
                -0.02042766474187374,
                1.0
            ],
            "name": "_46_LFeeler1"
        },
        {
            "matrix": [
                0.7847540974617004,
                0.4095773994922638,
                -0.46519607305526736,
                0.0,
                -0.36433565616607668,
                0.9120181202888488,
                0.1883680820465088,
                0.0,
                0.5014185309410095,
                0.02166488952934742,
                0.8649335503578186,
                0.0,
                0.21698713302612306,
                3.6334952824290677e-8,
                4.844669021508708e-8,
                1.0
            ],
            "name": "_47_LFeeler2"
        },
        {
            "children": [
                43,
                42
            ],
            "matrix": [
                0.9929867386817932,
                2.647027291368537e-13,
                0.11822594702243804,
                0.0,
                -2.069505011803585e-9,
                1.0,
                1.7379656824800805e-8,
                0.0,
                -0.11822594702243804,
                -1.750243683318331e-8,
                0.9929867386817932,
                0.0,
                0.11632651090621948,
                9.240469446471918e-14,
                0.0,
                1.0
            ],
            "name": "_40_Head"
        },
        {
            "matrix": [
                0.3392566442489624,
                -3.604738196827384e-7,
                0.9406938552856444,
                0.0,
                -3.603705920340872e-7,
                -1.0,
                -2.532340204197681e-7,
                0.0,
                0.9406938552856444,
                -2.530870801820129e-7,
                -0.3392566442489624,
                0.0,
                0.02606271021068096,
                0.0,
                0.12215746194124222,
                1.0
            ],
            "name": "_44_LowerBeak"
        },
        {
            "matrix": [
                0.09721259772777558,
                -1.3906372942074089e-7,
                -0.9952636361122133,
                0.0,
                4.813537657355482e-7,
                1.0,
                -9.270918610582157e-8,
                0.0,
                0.9952636361122133,
                -4.700613942532073e-7,
                0.09721259772777558,
                0.0,
                0.1604965478181839,
                0.0,
                0.033818576484918597,
                1.0
            ],
            "name": "_42_Hair"
        },
        {
            "matrix": [
                -0.9117396473884584,
                -0.0000017021750409185188,
                0.4107685089111328,
                0.0,
                0.00000194322979041317,
                -1.0,
                1.693040445616134e-7,
                0.0,
                0.4107685089111328,
                9.525788868813834e-7,
                0.9117396473884584,
                0.0,
                0.06788147240877152,
                -9.240469446471918e-14,
                0.1759270280599594,
                1.0
            ],
            "name": "_37_Feeler"
        }
    ],
    "meshes": [
        {
            "primitives": [
                {
                    "attributes": {
                        "COLOR_0": 1,
                        "JOINTS_0": 2,
                        "NORMAL": 3,
                        "POSITION": 4,
                        "TEXCOORD_0": 5,
                        "WEIGHTS_0": 6
                    },
                    "indices": 0,
                    "mode": 4,
                    "material": 0
                },
                {
                    "attributes": {
                        "COLOR_0": 8,
                        "JOINTS_0": 9,
                        "NORMAL": 10,
                        "POSITION": 11,
                        "TEXCOORD_0": 12,
                        "WEIGHTS_0": 13
                    },
                    "indices": 7,
                    "mode": 4,
                    "material": 1
                }
            ],
            "name": "Pidgey"
        }
    ],
    "skins": [
        {
            "inverseBindMatrices": 14,
            "skeleton": 2,
            "joints": [
                14,
                15,
                7,
                10,
                12,
                11,
                6,
                5,
                13,
                8,
                9,
                16,
                19,
                21,
                20,
                22,
                17,
                18,
                27,
                28,
                36,
                2,
                26,
                35,
                41,
                44,
                30,
                29,
                42,
                43,
                3,
                4,
                37,
                38,
                31,
                32,
                39,
                40,
                33,
                34
            ],
            "name": "geom-Pidgey-skin1"
        }
    ],
    "accessors": [
        {
            "bufferView": 0,
            "byteOffset": 0,
            "componentType": 5123,
            "count": 15720,
            "max": [
                3751
            ],
            "min": [
                0
            ],
            "type": "SCALAR"
        },
        {
            "bufferView": 1,
            "byteOffset": 0,
            "componentType": 5126,
            "count": 3752,
            "max": [
                1.0,
                1.0,
                1.0
            ],
            "min": [
                1.0,
                1.0,
                1.0
            ],
            "type": "VEC3"
        },
        {
            "bufferView": 2,
            "byteOffset": 0,
            "componentType": 5123,
            "count": 3752,
            "max": [
                39,
                39,
                35,
                30
            ],
            "min": [
                0,
                0,
                0,
                0
            ],
            "type": "VEC4"
        },
        {
            "bufferView": 1,
            "byteOffset": 45024,
            "componentType": 5126,
            "count": 3752,
            "max": [
                0.999746322631836,
                0.9999974966049194,
                0.9983389973640442
            ],
            "min": [
                -0.9997460842132568,
                -0.9999440908432008,
                -0.9970278143882752
            ],
            "type": "VEC3"
        },
        {
            "bufferView": 1,
            "byteOffset": 90048,
            "componentType": 5126,
            "count": 3752,
            "max": [
                0.8793631792068481,
                0.7529144287109375,
                0.4110431373119354
            ],
            "min": [
                -0.879363477230072,
                -0.01638348214328289,
                -0.4547135531902313
            ],
            "type": "VEC3"
        },
        {
            "bufferView": 2,
            "byteOffset": 30016,
            "componentType": 5126,
            "count": 3752,
            "max": [
                0.9955039024353029,
                0.9960938096046448
            ],
            "min": [
                0.001953013939782977,
                0.0039060115814208986
            ],
            "type": "VEC2"
        },
        {
            "bufferView": 3,
            "byteOffset": 0,
            "componentType": 5126,
            "count": 3752,
            "max": [
                1.0,
                0.9900000095367432,
                0.8799999952316284,
                0.6299999952316284
            ],
            "min": [
                0.009999999776482582,
                0.0,
                0.0,
                0.0
            ],
            "type": "VEC4"
        },
        {
            "bufferView": 0,
            "byteOffset": 31440,
            "componentType": 5123,
            "count": 36,
            "max": [
                15
            ],
            "min": [
                0
            ],
            "type": "SCALAR"
        },
        {
            "bufferView": 1,
            "byteOffset": 135072,
            "componentType": 5126,
            "count": 16,
            "max": [
                1.0,
                1.0,
                1.0
            ],
            "min": [
                1.0,
                1.0,
                1.0
            ],
            "type": "VEC3"
        },
        {
            "bufferView": 2,
            "byteOffset": 60032,
            "componentType": 5123,
            "count": 16,
            "max": [
                24,
                0,
                0,
                0
            ],
            "min": [
                24,
                0,
                0,
                0
            ],
            "type": "VEC4"
        },
        {
            "bufferView": 1,
            "byteOffset": 135264,
            "componentType": 5126,
            "count": 16,
            "max": [
                0.80838543176651,
                0.461150199174881,
                0.7758445143699646
            ],
            "min": [
                -0.80838543176651,
                -0.445099800825119,
                0.4382711052894593
            ],
            "type": "VEC3"
        },
        {
            "bufferView": 1,
            "byteOffset": 135456,
            "componentType": 5126,
            "count": 16,
            "max": [
                0.10021163523197174,
                0.6213957071304321,
                0.3466159999370575
            ],
            "min": [
                -0.10021163523197174,
                0.5658866167068481,
                0.2631109654903412
            ],
            "type": "VEC3"
        },
        {
            "bufferView": 2,
            "byteOffset": 60160,
            "componentType": 5126,
            "count": 16,
            "max": [
                0.4878098964691162,
                0.1844419836997986
            ],
            "min": [
                0.0034818199928849937,
                0.08032876253128052
            ],
            "type": "VEC2"
        },
        {
            "bufferView": 3,
            "byteOffset": 60032,
            "componentType": 5126,
            "count": 16,
            "max": [
                1.0,
                0.0,
                0.0,
                0.0
            ],
            "min": [
                1.0,
                0.0,
                0.0,
                0.0
            ],
            "type": "VEC4"
        },
        {
            "bufferView": 4,
            "byteOffset": 0,
            "componentType": 5126,
            "count": 40,
            "max": [
                0.9979687333106996,
                1.0,
                0.95279860496521,
                0.0,
                0.9677327275276184,
                0.9396601319313048,
                0.9999995827674866,
                0.0,
                0.9999994039535524,
                0.7346215844154358,
                0.9999788403511049,
                0.0,
                14.73086929321289,
                18.365690231323247,
                11.622819900512696,
                1.0
            ],
            "min": [
                -0.9979689121246338,
                -1.0,
                -0.95280122756958,
                0.0,
                -0.9997767210006714,
                -0.9396597146987916,
                -0.930587887763977,
                0.0,
                -0.9999995827674866,
                -0.7346215844154358,
                -0.3342032134532929,
                0.0,
                -22.461589813232427,
                -18.365739822387697,
                -28.734939575195314,
                1.0
            ],
            "type": "MAT4"
        }
    ],
    "materials": [
        {
            "pbrMetallicRoughness": {
                "baseColorFactor": [
                    1.0,
                    1.0,
                    1.0,
                    1.0
                ],
                "baseColorTexture": {
                    "index": 0
                },
                "metallicFactor": 0.0
            },
            "emissiveFactor": [
                0.0,
                0.0,
                0.0
            ],
            "occlusionTexture": {
                "index": 0
            },
            "name": "Body00"
        },
        {
            "pbrMetallicRoughness": {
                "baseColorFactor": [
                    1.0,
                    1.0,
                    1.0,
                    1.0
                ],
                "baseColorTexture": {
                    "index": 1
                },
                "metallicFactor": 0.0
            },
            "emissiveFactor": [
                0.0,
                0.0,
                0.0
            ],
            "occlusionTexture": {
                "index": 1
            },
            "name": "Eye"
        }
    ],
    "textures": [
        {
            "sampler": 0,
            "source": 0
        },
        {
            "sampler": 0,
            "source": 1
        }
    ],
    "images": [
        {
            "uri": "pm0016_00_Body1.png"
        },
        {
            "uri": "pm0016_00_Eye1.png"
        }
    ],
    "samplers": [
        {
            "magFilter": 9729,
            "minFilter": 9986,
            "wrapS": 10497,
            "wrapT": 10497
        }
    ],
    "bufferViews": [
        {
            "buffer": 0,
            "byteOffset": 258784,
            "byteLength": 31512,
            "target": 34963
        },
        {
            "buffer": 0,
            "byteOffset": 62848,
            "byteLength": 135648,
            "byteStride": 12,
            "target": 34962
        },
        {
            "buffer": 0,
            "byteOffset": 198496,
            "byteLength": 60288,
            "byteStride": 8,
            "target": 34962
        },
        {
            "buffer": 0,
            "byteOffset": 2560,
            "byteLength": 60288,
            "byteStride": 16,
            "target": 34962
        },
        {
            "buffer": 0,
            "byteOffset": 0,
            "byteLength": 2560
        }
    ],
    "buffers": [
        {
            "byteLength": 290296,
            "uri": "Pidgey0.bin"
        }
    ]
}
