{
    "asset": {
        "generator": "COLLADA2GLTF",
        "version": "2.0"
    },
    "scenes": [
        {
            "nodes": [
                0
            ]
        }
    ],
    "scene": 0,
    "nodes": [
        {
            "children": [
                26,
                1
            ],
            "matrix": [
                1.0,
                0.0,
                0.0,
                0.0,
                0.0,
                0.0,
                -1.0,
                0.0,
                0.0,
                1.0,
                0.0,
                0.0,
                0.0,
                0.0,
                0.0,
                1.0
            ],
            "name": "Z_UP"
        },
        {
            "mesh": 0,
            "skin": 0,
            "name": "Abra"
        },
        {
            "children": [
                17,
                8,
                3
            ],
            "matrix": [
                -1.0,
                -0.0000018643025896381005,
                0.0,
                0.0,
                0.0000018643025896381005,
                -1.0,
                0.0,
                0.0,
                0.0,
                0.0,
                1.0,
                0.0,
                0.0,
                0.0,
                0.0,
                1.0
            ],
            "name": "Hips"
        },
        {
            "children": [
                4
            ],
            "matrix": [
                1.2160202844668787e-9,
                0.0003458687278907746,
                -0.9999999403953552,
                0.0,
                -0.000007031687346170656,
                -0.9999999403953552,
                -0.0003458687278907746,
                0.0,
                -1.0,
                0.000007031687346170656,
                1.2160202844668787e-9,
                0.0,
                0.295978844165802,
                5.080050868855324e-8,
                -0.18667013943195344,
                1.0
            ],
            "name": "Tail1"
        },
        {
            "children": [
                5
            ],
            "matrix": [
                1.0,
                0.000001000040697363147,
                -0.0000010000012480304577,
                0.0,
                -0.0000010247206319036196,
                0.999687671661377,
                -0.024992240592837338,
                0.0,
                9.746956948220032e-7,
                0.024992240592837338,
                0.999687671661377,
                0.0,
                0.3555999994277954,
                2.3655605252415058e-11,
                -1.9378650506496346e-7,
                1.0
            ],
            "name": "Tail2"
        },
        {
            "children": [
                6
            ],
            "matrix": [
                1.0,
                0.0,
                0.0,
                0.0,
                0.0,
                1.0,
                0.0,
                0.0,
                0.0,
                0.0,
                1.0,
                0.0,
                0.5473827123641968,
                -1.5139567377531194e-9,
                7.751470434413932e-7,
                1.0
            ],
            "name": "Tail3"
        },
        {
            "children": [
                7
            ],
            "matrix": [
                1.0,
                0.0,
                0.0,
                0.0,
                0.0,
                1.0,
                0.0,
                0.0,
                0.0,
                0.0,
                1.0,
                0.0,
                0.4684394598007202,
                0.0,
                2.906801341850951e-7,
                1.0
            ],
            "name": "Tail4"
        },
        {
            "matrix": [
                1.0,
                0.0,
                0.0,
                0.0,
                0.0,
                1.0,
                0.0,
                0.0,
                0.0,
                0.0,
                1.0,
                0.0,
                0.33499982953071597,
                3.0279085905249305e-9,
                -1.9378650506496346e-7,
                1.0
            ],
            "name": "Tail5"
        },
        {
            "children": [
                9
            ],
            "matrix": [
                0.99983549118042,
                -3.2487022640612097e-25,
                0.01813693903386593,
                0.0,
                6.443546389374952e-17,
                1.0,
                -3.552135578814e-15,
                0.0,
                -0.01813693903386593,
                3.5527200315476049e-15,
                0.99983549118042,
                0.0,
                0.2692272961139679,
                -0.24567945301532746,
                -0.027416253462433816,
                1.0
            ],
            "name": "RThigh"
        },
        {
            "children": [
                10
            ],
            "matrix": [
                0.993270993232727,
                4.1144847759026295e-16,
                -0.11581350117921828,
                0.0,
                -3.2916187374246788e-15,
                1.0,
                -2.467778653409032e-14,
                0.0,
                0.11581350117921828,
                2.4892943067088284e-14,
                0.993270993232727,
                0.0,
                0.2959100008010864,
                4.844669021508708e-8,
                -3.0279085905249305e-9,
                1.0
            ],
            "name": "RLeg"
        },
        {
            "children": [
                15,
                13,
                11
            ],
            "matrix": [
                -0.09777847677469254,
                5.128665065967653e-7,
                0.995208203792572,
                0.0,
                0.000006668866262771189,
                1.0,
                1.3987529712267136e-7,
                0.0,
                -0.995208203792572,
                0.000006650587238254957,
                -0.09777847677469254,
                0.0,
                0.4448936581611634,
                4.844669021508708e-8,
                9.992131566605168e-8,
                1.0
            ],
            "name": "RFoot"
        },
        {
            "children": [
                12
            ],
            "matrix": [
                -0.9873350858688356,
                0.0000018421574168314692,
                -0.1586488336324692,
                0.0,
                -0.0000018742653082881589,
                -1.0,
                5.276134373843888e-8,
                0.0,
                -0.1586488336324692,
                3.494431268791232e-7,
                0.9873350858688356,
                0.0,
                -0.1385011523962021,
                0.012253419496119024,
                -0.12095022201538086,
                1.0
            ],
            "name": "RToeC1"
        },
        {
            "matrix": [
                1.0,
                0.0,
                0.0,
                0.0,
                0.0,
                1.0,
                0.0,
                0.0,
                0.0,
                0.0,
                1.0,
                0.0,
                0.12556083500385285,
                0.0,
                -8.478164659209143e-8,
                1.0
            ],
            "name": "RToeC2"
        },
        {
            "children": [
                14
            ],
            "matrix": [
                0.9449946284294128,
                -0.3198890388011933,
                -0.06823594868183136,
                0.0,
                0.3206364512443543,
                0.9472023248672484,
                9.958379223462544e-7,
                0.0,
                0.06463292986154556,
                -0.02187987230718136,
                0.9976692199707032,
                0.0,
                0.2869920432567597,
                -0.08907728642225266,
                -0.12157529592514038,
                1.0
            ],
            "name": "RToeB1"
        },
        {
            "matrix": [
                1.0,
                0.0,
                0.0,
                0.0,
                0.0,
                1.0,
                0.0,
                0.0,
                0.0,
                0.0,
                1.0,
                0.0,
                0.15073400735855106,
                0.0000012596138958542725,
                4.844669021508708e-8,
                1.0
            ],
            "name": "RToeB2"
        },
        {
            "children": [
                16
            ],
            "matrix": [
                0.963525414466858,
                0.26088619232177737,
                -0.05964160338044167,
                0.0,
                -0.26135143637657168,
                0.9652436971664428,
                5.501959332576689e-9,
                0.0,
                0.05756868422031403,
                0.015587413683533669,
                0.9982198476791382,
                0.0,
                0.2802559733390808,
                0.11798320710659029,
                -0.12204062193632126,
                1.0
            ],
            "name": "RToeA1"
        },
        {
            "matrix": [
                1.0,
                0.0,
                0.0,
                0.0,
                0.0,
                1.0,
                0.0,
                0.0,
                0.0,
                0.0,
                1.0,
                0.0,
                0.14667849242687226,
                2.422331988327642e-7,
                0.0,
                1.0
            ],
            "name": "RToeA2"
        },
        {
            "children": [
                18
            ],
            "matrix": [
                0.99983549118042,
                -3.2487022640612097e-25,
                0.01813693903386593,
                0.0,
                6.443546389374952e-17,
                1.0,
                -3.552135578814e-15,
                0.0,
                -0.01813693903386593,
                3.5527200315476049e-15,
                0.99983549118042,
                0.0,
                0.2692272961139679,
                0.24567972123622898,
                -0.027416253462433816,
                1.0
            ],
            "name": "LThigh"
        },
        {
            "children": [
                19
            ],
            "matrix": [
                0.993270993232727,
                4.1144847759026295e-16,
                -0.11581350117921828,
                0.0,
                -3.2916187374246788e-15,
                1.0,
                -2.467778653409032e-14,
                0.0,
                0.11581350117921828,
                2.4892943067088284e-14,
                0.993270993232727,
                0.0,
                0.2959100008010864,
                4.844669021508708e-8,
                1.5139567377531194e-9,
                1.0
            ],
            "name": "LLeg"
        },
        {
            "children": [
                24,
                22,
                20
            ],
            "matrix": [
                -0.09777847677469254,
                5.12867813995399e-7,
                0.995208203792572,
                0.0,
                2.624097135139891e-7,
                1.0,
                -4.895556457995554e-7,
                0.0,
                -0.995208203792572,
                2.132842951141356e-7,
                -0.09777847677469254,
                0.0,
                0.4448911547660828,
                4.844669021508708e-8,
                9.083751528748964e-9,
                1.0
            ],
            "name": "LFoot"
        },
        {
            "children": [
                21
            ],
            "matrix": [
                -0.9873350858688356,
                -0.000001848375518420653,
                -0.1586488336324692,
                0.0,
                0.0000018684052065509605,
                -1.0,
                2.2902881369191165e-8,
                0.0,
                -0.1586488336324692,
                -2.73807472694898e-7,
                0.9873350858688356,
                0.0,
                -0.1385011076927185,
                -0.012253660708665848,
                -0.12095019966363908,
                1.0
            ],
            "name": "LToeC1"
        },
        {
            "matrix": [
                1.0,
                0.0,
                0.0,
                0.0,
                0.0,
                1.0,
                0.0,
                0.0,
                0.0,
                0.0,
                1.0,
                0.0,
                0.12556129693984986,
                4.844669021508708e-8,
                3.0279085905249306e-8,
                1.0
            ],
            "name": "LToeC2"
        },
        {
            "children": [
                23
            ],
            "matrix": [
                0.9449950456619264,
                0.3198878467082978,
                -0.06823592633008957,
                0.0,
                -0.32063525915145876,
                0.947202742099762,
                -9.582158781995532e-7,
                0.0,
                0.06463294476270676,
                0.02187974750995636,
                0.9976692199707032,
                0.0,
                0.2869920432567597,
                0.08907701075077057,
                -0.12157534062862396,
                1.0
            ],
            "name": "LToeB1"
        },
        {
            "matrix": [
                1.0,
                0.0,
                0.0,
                0.0,
                0.0,
                1.0,
                0.0,
                0.0,
                0.0,
                0.0,
                1.0,
                0.0,
                0.15073223412036897,
                2.422331846219095e-8,
                6.055842494134822e-9,
                1.0
            ],
            "name": "LToeB2"
        },
        {
            "children": [
                25
            ],
            "matrix": [
                0.9635251760482788,
                -0.2608869969844818,
                -0.05964256823062897,
                0.0,
                0.2613522410392761,
                0.9652435183525086,
                4.5259667125208129e-9,
                0.0,
                0.05756960064172745,
                -0.01558772288262844,
                0.9982197880744934,
                0.0,
                0.2802559733390808,
                -0.11798355728387833,
                -0.12204064428806304,
                1.0
            ],
            "name": "LToeA1"
        },
        {
            "matrix": [
                1.0,
                0.0,
                0.0,
                0.0,
                0.0,
                1.0,
                0.0,
                0.0,
                0.0,
                0.0,
                1.0,
                0.0,
                0.14667938649654389,
                1.2111659231095473e-8,
                0.0,
                1.0
            ],
            "name": "LToeA2"
        },
        {
            "children": [
                27
            ],
            "matrix": [
                1.0,
                -0.0,
                0.0,
                0.0,
                0.0,
                3.995190525074577e-7,
                1.0,
                0.0,
                -0.0,
                -1.0,
                3.995190525074577e-7,
                0.0,
                0.0,
                0.0,
                0.0,
                1.0
            ],
            "name": "pm0063_00"
        },
        {
            "children": [
                28
            ],
            "name": "Origin"
        },
        {
            "children": [
                2,
                29
            ],
            "matrix": [
                -0.000003728380534084863,
                1.0,
                0.0,
                0.0,
                -1.0,
                -0.000003728380534084863,
                0.0,
                0.0,
                0.0,
                0.0,
                1.0,
                0.0,
                0.0,
                1.2029541730880738,
                0.03507104888558388,
                1.0
            ],
            "name": "Waist"
        },
        {
            "children": [
                30
            ],
            "name": "Spine1"
        },
        {
            "children": [
                51,
                41,
                31
            ],
            "matrix": [
                0.995309054851532,
                2.279058289745423e-13,
                -0.09674646705389024,
                0.0,
                -2.2630718642373954e-13,
                1.0,
                2.749701033815007e-14,
                0.0,
                0.09674646705389024,
                -5.473603138122542e-15,
                0.995309054851532,
                0.0,
                0.12227722257375716,
                0.0,
                -6.055842494134822e-9,
                1.0
            ],
            "name": "Spine2"
        },
        {
            "children": [
                32
            ],
            "matrix": [
                -0.32514166831970217,
                0.9455358982086182,
                0.015646301209926606,
                0.0,
                -0.9407157301902772,
                -0.32170501351356509,
                -0.10751655697822572,
                0.0,
                -0.09662726521492005,
                -0.04967683181166649,
                0.9940801858901978,
                0.0,
                0.2612743079662323,
                0.20830409228801728,
                0.000569684139918536,
                1.0
            ],
            "name": "RShoulder"
        },
        {
            "children": [
                33
            ],
            "matrix": [
                0.7808791399002075,
                0.6212772130966187,
                -0.06513385474681854,
                0.0,
                -0.6142762899398804,
                0.7826379537582398,
                0.10070958733558656,
                0.0,
                0.113544799387455,
                -0.038631826639175418,
                0.9927815198898317,
                0.0,
                0.1297767609357834,
                -6.782536843275011e-7,
                4.394758779113772e-9,
                1.0
            ],
            "name": "RArm"
        },
        {
            "children": [
                34
            ],
            "matrix": [
                0.9987487196922302,
                1.493910417593725e-8,
                0.05000938102602959,
                0.0,
                -1.513403624642251e-8,
                1.0,
                3.519225355574917e-9,
                0.0,
                -0.05000938102602959,
                -4.271665687838322e-9,
                0.9987487196922302,
                0.0,
                0.3477155864238739,
                -1.9378650506496346e-7,
                7.569784088445887e-8,
                1.0
            ],
            "name": "RForeArm"
        },
        {
            "children": [
                39,
                37,
                35
            ],
            "matrix": [
                0.9961205720901488,
                0.08799906075000763,
                1.944599592462737e-9,
                0.0,
                -0.08799906075000763,
                0.9961205720901488,
                -3.612921160162097e-12,
                0.0,
                -1.9373733728400568e-9,
                -1.6752402243191967e-10,
                1.0,
                0.0,
                0.415340781211853,
                0.0,
                0.0,
                1.0
            ],
            "name": "RHand"
        },
        {
            "children": [
                36
            ],
            "matrix": [
                0.6688608527183533,
                0.5833709836006165,
                -0.46076393127441409,
                0.0,
                -0.4706295430660248,
                0.8120867609977722,
                0.34499701857566836,
                0.0,
                0.5754415392875671,
                -0.013905882835388184,
                0.8177247047424316,
                0.0,
                0.13267773389816285,
                -0.003493876662105322,
                -0.08376079052686691,
                1.0
            ],
            "name": "RFingerC1"
        },
        {
            "matrix": [
                0.7664773464202881,
                0.6422713398933411,
                1.261772553107221e-8,
                0.0,
                -0.6422713398933411,
                0.7664773464202881,
                -8.142914786901656e-9,
                0.0,
                -1.4901161193847657e-8,
                -1.8626441500302347e-9,
                1.0,
                0.0,
                0.1216890811920166,
                -0.00750424200668931,
                0.000008732519745535683,
                1.0
            ],
            "name": "RFingerC2"
        },
        {
            "children": [
                38
            ],
            "matrix": [
                0.830821692943573,
                0.5552315711975098,
                -0.03812176734209061,
                0.0,
                -0.5565364360809326,
                0.8286710381507874,
                -0.05976198241114617,
                0.0,
                -0.0015913347015157345,
                0.07086770236492157,
                0.9974844455718994,
                0.0,
                0.15621411800384522,
                0.00007189482130343094,
                0.010940234176814556,
                1.0
            ],
            "name": "RFingerB1"
        },
        {
            "matrix": [
                0.7445752620697022,
                0.6675385236740112,
                2.400139809122237e-10,
                0.0,
                -0.6675385236740112,
                0.7445752620697022,
                3.4649741409431558e-10,
                0.0,
                5.2591882238051109e-11,
                -4.1821199281422136e-10,
                1.0,
                0.0,
                0.13051563501358033,
                -2.422331988327642e-7,
                0.000006295034381764708,
                1.0
            ],
            "name": "RFingerB2"
        },
        {
            "children": [
                40
            ],
            "matrix": [
                0.6356856822967529,
                0.6124032735824585,
                0.4699637293815613,
                0.0,
                -0.4016142189502716,
                0.7822909951210022,
                -0.47615835070610049,
                0.0,
                -0.6592493653297424,
                0.1139429360628128,
                0.7432410717010498,
                0.0,
                0.1262717843055725,
                0.013136504217982293,
                0.09881387650966644,
                1.0
            ],
            "name": "RFingerA1"
        },
        {
            "matrix": [
                0.7505120038986206,
                0.6608567833900452,
                -1.5646504536448448e-8,
                0.0,
                -0.6608567833900452,
                0.7505120038986206,
                1.1751217776634347e-9,
                0.0,
                1.2519477010641822e-8,
                9.458155147967773e-9,
                1.0,
                0.0,
                0.12213625758886336,
                3.875735217206966e-7,
                0.000003609263558246312,
                1.0
            ],
            "name": "RFingerA2"
        },
        {
            "children": [
                42
            ],
            "matrix": [
                -0.32514166831970217,
                -0.9455358982086182,
                0.01564629189670086,
                0.0,
                0.9407157301902772,
                -0.32170501351356509,
                0.10751651227474213,
                0.0,
                -0.09662723541259766,
                0.049676813185215,
                0.9940801858901978,
                0.0,
                0.2612745463848114,
                -0.2083040475845337,
                0.000569756783079356,
                1.0
            ],
            "name": "LShoulder"
        },
        {
            "children": [
                43
            ],
            "matrix": [
                0.7808791399002075,
                -0.6212772130966187,
                -0.06513386964797974,
                0.0,
                0.6142762899398804,
                0.7826379537582398,
                -0.10070972889661788,
                0.0,
                0.11354489624500276,
                0.03863193467259407,
                0.9927815198898317,
                0.0,
                0.1297767609357834,
                9.689338043017418e-8,
                -1.3279475297167663e-9,
                1.0
            ],
            "name": "LArm"
        },
        {
            "children": [
                44
            ],
            "matrix": [
                0.9987487196922302,
                -1.4795954683677337e-8,
                0.05000938102602959,
                0.0,
                1.50967505163635e-8,
                1.0,
                -5.637064148800164e-9,
                0.0,
                -0.05000938102602959,
                6.3849898701562328e-9,
                0.9987487196922302,
                0.0,
                0.3477160632610321,
                0.0,
                -6.055842494134822e-9,
                1.0
            ],
            "name": "LForeArm"
        },
        {
            "children": [
                49,
                47,
                45
            ],
            "matrix": [
                0.9961205720901488,
                -0.08799886703491211,
                -1.7965800421835226e-16,
                0.0,
                0.08799886703491211,
                0.9961205720901488,
                -1.8626419295841855e-9,
                0.0,
                1.6391056567588436e-10,
                1.8554159320061104e-9,
                1.0,
                0.0,
                0.415340781211853,
                0.0,
                0.0,
                1.0
            ],
            "name": "LHand"
        },
        {
            "children": [
                46
            ],
            "matrix": [
                0.6688607335090637,
                -0.5833710432052612,
                -0.4607640504837036,
                0.0,
                0.4706296026706696,
                0.8120867013931274,
                -0.34499701857566836,
                0.0,
                0.5754416584968567,
                0.013905775733292105,
                0.8177246451377869,
                0.0,
                0.1326783001422882,
                0.0034935844596475364,
                -0.08376076817512512,
                1.0
            ],
            "name": "LFingerC1"
        },
        {
            "matrix": [
                0.7664771676063538,
                -0.6422715187072754,
                2.2800019650048854e-9,
                0.0,
                0.6422715187072754,
                0.7664771676063538,
                -1.932002291482604e-8,
                0.0,
                1.0661131533140632e-8,
                1.6272737823896933e-8,
                1.0,
                0.0,
                0.12168967723846436,
                0.00750569486990571,
                0.000009677221896708945,
                1.0
            ],
            "name": "LFingerC2"
        },
        {
            "children": [
                48
            ],
            "matrix": [
                0.8308221697807312,
                -0.5552308559417725,
                -0.03812176361680031,
                0.0,
                0.5565357208251953,
                0.8286715149879456,
                0.05976182222366333,
                0.0,
                -0.001591188251040876,
                -0.07086756825447083,
                0.9974844455718994,
                0.0,
                0.1562144905328751,
                -0.00007141036621760577,
                0.010940272361040116,
                1.0
            ],
            "name": "LFingerB1"
        },
        {
            "matrix": [
                0.7445753812789917,
                -0.6675384044647217,
                -1.4696429628813235e-9,
                0.0,
                0.6675384044647217,
                0.7445753812789917,
                8.61971993781907e-10,
                0.0,
                5.188605101125177e-10,
                -1.62284630178533e-9,
                1.0,
                0.0,
                0.130516454577446,
                9.689338043017418e-8,
                0.000006276873591559706,
                1.0
            ],
            "name": "LFingerB2"
        },
        {
            "children": [
                50
            ],
            "matrix": [
                0.6356852650642395,
                -0.6124033331871033,
                0.4699642360210419,
                0.0,
                0.4016143083572388,
                0.782291054725647,
                0.4761582612991333,
                0.0,
                -0.6592497229576111,
                -0.1139424443244934,
                0.7432408332824707,
                0.0,
                0.12627381086349488,
                -0.013135923072695732,
                0.09881384670734406,
                1.0
            ],
            "name": "LFingerA1"
        },
        {
            "matrix": [
                0.750511884689331,
                -0.6608569622039795,
                2.7871380758881516e-9,
                0.0,
                0.6608569622039795,
                0.750511884689331,
                -1.929674864342701e-9,
                0.0,
                -8.165412235250358e-10,
                3.2901434909859974e-9,
                1.0,
                0.0,
                0.12213434278964997,
                -4.844669021508708e-8,
                0.000004505528067966225,
                1.0
            ],
            "name": "LFingerA2"
        },
        {
            "children": [
                54,
                53,
                52
            ],
            "matrix": [
                0.9281837940216065,
                -7.699958936245848e-15,
                0.37212204933166506,
                0.0,
                -5.5293477316340637e-14,
                1.0,
                1.586105107930641e-13,
                0.0,
                -0.37212204933166506,
                -1.677956276528725e-13,
                0.9281837940216065,
                0.0,
                0.4017822742462158,
                3.696182357577904e-13,
                -3.6334952824290677e-8,
                1.0
            ],
            "name": "Head"
        },
        {
            "matrix": [
                0.7256833910942078,
                0.6252956390380859,
                -0.2870348393917084,
                0.0,
                -0.6761143207550049,
                0.5707947015762329,
                -0.4659000039100647,
                0.0,
                -0.1274872720241547,
                0.5321642756462097,
                0.8369875550270081,
                0.0,
                0.37163323163986208,
                0.2688005566596985,
                -0.06934591382741928,
                1.0
            ],
            "name": "REar"
        },
        {
            "matrix": [
                0.7256834506988525,
                -0.6252955198287964,
                -0.28703492879867556,
                0.0,
                0.6761142611503601,
                0.5707947015762329,
                0.46590009331703188,
                0.0,
                -0.1274872124195099,
                -0.5321643948554993,
                0.8369874954223633,
                0.0,
                0.3716327250003815,
                -0.2688005566596985,
                -0.06934568285942078,
                1.0
            ],
            "name": "LEar"
        },
        {
            "matrix": [
                -0.6137876510620117,
                -0.0000011850929695356172,
                0.7894712090492249,
                0.0,
                0.000002164211082344991,
                -1.0,
                1.8147974856219665e-7,
                0.0,
                0.7894712090492249,
                0.0000018199723399447976,
                0.6137876510620117,
                0.0,
                -0.0007515044417232275,
                5.0800000650497177e-8,
                0.3035477697849274,
                1.0
            ],
            "name": "Jaw"
        }
    ],
    "meshes": [
        {
            "primitives": [
                {
                    "attributes": {
                        "JOINTS_0": 1,
                        "NORMAL": 2,
                        "POSITION": 3,
                        "TEXCOORD_0": 4,
                        "WEIGHTS_0": 5
                    },
                    "indices": 0,
                    "mode": 4,
                    "material": 0
                }
            ],
            "name": "Abra"
        }
    ],
    "skins": [
        {
            "inverseBindMatrices": 6,
            "skeleton": 2,
            "joints": [
                2,
                17,
                18,
                19,
                24,
                25,
                22,
                23,
                20,
                21,
                8,
                9,
                10,
                15,
                16,
                13,
                14,
                11,
                12,
                3,
                4,
                5,
                6,
                7,
                29,
                30,
                51,
                54,
                53,
                52,
                41,
                42,
                43,
                44,
                49,
                50,
                47,
                48,
                45,
                46,
                31,
                32,
                33,
                34,
                39,
                40,
                37,
                38,
                35,
                36
            ],
            "name": "geom-Abra-skin1"
        }
    ],
    "accessors": [
        {
            "bufferView": 0,
            "byteOffset": 0,
            "componentType": 5123,
            "count": 14370,
            "max": [
                3060
            ],
            "min": [
                0
            ],
            "type": "SCALAR"
        },
        {
            "bufferView": 1,
            "byteOffset": 0,
            "componentType": 5123,
            "count": 3061,
            "max": [
                49,
                49,
                49,
                19
            ],
            "min": [
                0,
                0,
                0,
                0
            ],
            "type": "VEC4"
        },
        {
            "bufferView": 2,
            "byteOffset": 0,
            "componentType": 5126,
            "count": 3061,
            "max": [
                0.9999889135360718,
                1.0,
                0.9999845027923584
            ],
            "min": [
                -0.9999889135360718,
                -0.9999998807907105,
                -0.9999701976776124
            ],
            "type": "VEC3"
        },
        {
            "bufferView": 2,
            "byteOffset": 36732,
            "componentType": 5126,
            "count": 3061,
            "max": [
                0.9120453596115112,
                2.246957540512085,
                2.296571731567383
            ],
            "min": [
                -0.9120453596115112,
                -0.6044132709503174,
                -1.0160000130099435e-7
            ],
            "type": "VEC3"
        },
        {
            "bufferView": 1,
            "byteOffset": 24488,
            "componentType": 5126,
            "count": 3061,
            "max": [
                0.9950950145721436,
                0.990896999835968
            ],
            "min": [
                0.004904999863356352,
                0.00991600751876831
            ],
            "type": "VEC2"
        },
        {
            "bufferView": 3,
            "byteOffset": 0,
            "componentType": 5126,
            "count": 3061,
            "max": [
                1.0,
                0.9900000095367432,
                0.800000011920929,
                0.09000000357627869
            ],
            "min": [
                0.009999999776482582,
                0.0,
                0.0,
                0.0
            ],
            "type": "VEC4"
        },
        {
            "bufferView": 4,
            "byteOffset": 0,
            "componentType": 5126,
            "count": 50,
            "max": [
                0.945536971092224,
                1.0,
                0.5321655869483948,
                0.0,
                0.9999998807907105,
                0.668299674987793,
                0.15864799916744233,
                0.0,
                1.0,
                0.9467055797576904,
                1.0,
                0.0,
                47.36040115356445,
                61.73308944702149,
                22.894519805908204,
                1.0
            ],
            "min": [
                -0.9455345869064332,
                -1.0,
                -0.5321629047393799,
                0.0,
                -1.0,
                -0.6683000922203064,
                -1.0,
                0.0,
                -1.0,
                -0.9467031955718994,
                -0.4673823118209839,
                0.0,
                -73.15039825439453,
                -61.73321914672852,
                -46.95980072021485,
                1.0
            ],
            "type": "MAT4"
        }
    ],
    "materials": [
        {
            "pbrMetallicRoughness": {
                "baseColorFactor": [
                    1.0,
                    1.0,
                    1.0,
                    1.0
                ],
                "baseColorTexture": {
                    "index": 0
                },
                "metallicFactor": 0.0
            },
            "emissiveFactor": [
                0.0,
                0.0,
                0.0
            ],
            "occlusionTexture": {
                "index": 0
            },
            "name": "Material__63"
        }
    ],
    "textures": [
        {
            "sampler": 0,
            "source": 0
        }
    ],
    "images": [
        {
            "uri": "pm0063_00_Body1.png"
        }
    ],
    "samplers": [
        {
            "magFilter": 9729,
            "minFilter": 9986,
            "wrapS": 10497,
            "wrapT": 10497
        }
    ],
    "bufferViews": [
        {
            "buffer": 0,
            "byteOffset": 174616,
            "byteLength": 28740,
            "target": 34963
        },
        {
            "buffer": 0,
            "byteOffset": 125640,
            "byteLength": 48976,
            "byteStride": 8,
            "target": 34962
        },
        {
            "buffer": 0,
            "byteOffset": 52176,
            "byteLength": 73464,
            "byteStride": 12,
            "target": 34962
        },
        {
            "buffer": 0,
            "byteOffset": 3200,
            "byteLength": 48976,
            "byteStride": 16,
            "target": 34962
        },
        {
            "buffer": 0,
            "byteOffset": 0,
            "byteLength": 3200
        }
    ],
    "buffers": [
        {
            "byteLength": 203356,
