{
    "asset": {
        "generator": "COLLADA2GLTF",
        "version": "2.0"
    },
    "scenes": [
        {
            "nodes": [
                0
            ]
        }
    ],
    "scene": 0,
    "nodes": [
        {
            "children": [
                11,
                1
            ],
            "matrix": [
                1.0,
                0.0,
                0.0,
                0.0,
                0.0,
                0.0,
                -1.0,
                0.0,
                0.0,
                1.0,
                0.0,
                0.0,
                0.0,
                0.0,
                0.0,
                1.0
            ],
            "name": "Z_UP"
        },
        {
            "mesh": 0,
            "skin": 0,
            "name": "Victreebel"
        },
        {
            "children": [
                7,
                3
            ],
            "matrix": [
                -1.0,
                -0.000003462200538706384,
                -0.0000016239191609201953,
                0.0,
                0.0000034621978102222785,
                -1.0,
                0.0000016239248452620814,
                0.0,
                -0.0000016239248452620814,
                0.0000016239191609201953,
                1.0,
                0.0,
                0.0,
                0.0,
                0.0,
                1.0
            ],
            "name": "_04_Hips"
        },
        {
            "children": [
                4
            ],
            "matrix": [
                -0.2862236201763153,
                -0.9581628441810608,
                -1.2083525369535608e-12,
                0.0,
                0.9581628441810608,
                -0.2862236201763153,
                3.847393324069026e-12,
                0.0,
                -4.032288392075145e-12,
                -5.6583606750830818e-14,
                1.0,
                0.0,
                0.6563461422920227,
                -0.8792080283164978,
                0.04665420949459076,
                1.0
            ],
            "name": "_11_RThigh"
        },
        {
            "children": [
                5
            ],
            "matrix": [
                0.962255597114563,
                0.2721474170684815,
                -8.714165376464691e-16,
                0.0,
                -0.2721474170684815,
                0.962255597114563,
                1.8972134061386259e-15,
                0.0,
                1.3548471985833828e-15,
                -1.5884505209857645e-15,
                1.0,
                0.0,
                0.4192371368408203,
                -0.0000014049527408133145,
                6.055842494134822e-9,
                1.0
            ],
            "name": "_12_RLeg"
        },
        {
            "children": [
                6
            ],
            "matrix": [
                0.995089590549469,
                0.09897837787866593,
                0.0,
                0.0,
                -0.09897837787866593,
                0.995089590549469,
                0.0,
                0.0,
                0.0,
                0.0,
                1.0,
                0.0,
                0.8121650218963623,
                0.0000010173791906709085,
                0.0,
                1.0
            ],
            "name": "_13_RFoot"
        },
        {
            "matrix": [
                0.996745467185974,
                0.08061345666646958,
                0.0,
                0.0,
                -0.08061345666646958,
                0.996745467185974,
                0.0,
                0.0,
                0.0,
                0.0,
                1.0,
                0.0,
                0.7610856294631958,
                0.0000010658271776264885,
                -6.055842494134822e-9,
                1.0
            ],
            "name": "_14_RToe"
        },
        {
            "children": [
                8
            ],
            "matrix": [
                -0.2862236201763153,
                0.9581628441810608,
                -3.848736433720301e-12,
                0.0,
                -0.9581628441810608,
                -0.2862236201763153,
                1.2086521020138186e-12,
                0.0,
                5.6486221678819096e-14,
                4.033660992025512e-12,
                1.0,
                0.0,
                0.6563461422920227,
                0.8792080283164978,
                0.04665420949459076,
                1.0
            ],
            "name": "_06_LThigh"
        },
        {
            "children": [
                9
            ],
            "matrix": [
                0.9622555375099182,
                -0.2721475660800934,
                -4.2732695721949207e-16,
                0.0,
                0.2721475660800934,
                0.9622555375099182,
                1.6554976256839154e-15,
                0.0,
                -3.934194408649593e-17,
                -1.7093077229988498e-15,
                1.0,
                0.0,
                0.4192368984222412,
                0.0,
                6.055842494134822e-9,
                1.0
            ],
            "name": "_07_LLeg"
        },
        {
            "children": [
                10
            ],
            "matrix": [
                0.995089590549469,
                -0.09897834807634354,
                2.3804260254810884e-22,
                0.0,
                0.09897834807634354,
                0.995089590549469,
                -1.7763608628067505e-15,
                0.0,
                1.7582101114173928e-16,
                1.7676381175159254e-15,
                1.0,
                0.0,
                0.812167763710022,
                9.689338043017418e-8,
                0.0,
                1.0
            ],
            "name": "_08_LFoot"
        },
        {
            "matrix": [
                0.9967454075813294,
                -0.08061378449201584,
                -9.37217368718241e-23,
                0.0,
                0.08061378449201584,
                0.9967454075813294,
                -1.7763536630266985e-15,
                0.0,
                1.4319868861365258e-16,
                1.7705723455243325e-15,
                1.0,
                0.0,
                0.7610858678817749,
                0.0,
                -6.055842494134822e-9,
                1.0
            ],
            "name": "_09_LToe"
        },
        {
            "children": [
                12
            ],
            "matrix": [
                1.0,
                -0.0,
                0.0,
                0.0,
                0.0,
                4.4896641959724089e-11,
                1.0,
                0.0,
                -0.0,
                -1.0,
                4.4896641959724089e-11,
                0.0,
                0.0,
                0.0,
                0.0,
                1.0
            ],
            "name": "_01_pm0071_00"
        },
        {
            "children": [
                13
            ],
            "name": "_02_Origin"
        },
        {
            "children": [
                2,
                14
            ],
            "matrix": [
                -0.000003728380534084863,
                1.0,
                -0.000001623923026272678,
                0.0,
                -1.0,
                -0.000003728378032974433,
                0.00000162392291258584,
                0.0,
                0.0000016239168871834409,
                0.000001623929051675077,
                1.0,
                0.0,
                0.0,
                1.3198423385620118,
                -0.000004609312782122288,
                1.0
            ],
            "name": "_03_Waist"
        },
        {
            "children": [
                15
            ],
            "name": "_16_Spine1"
        },
        {
            "children": [
                16
            ],
            "matrix": [
                1.0,
                0.0,
                0.0,
                0.0,
                0.0,
                1.0,
                0.0,
                0.0,
                0.0,
                0.0,
                1.0,
                0.0,
                0.6839556694030762,
                -1.1088547614834798e-12,
                0.0000012307214092288633,
                1.0
            ],
            "name": "_17_Spine2"
        },
        {
            "children": [
                28,
                17
            ],
            "matrix": [
                1.0,
                0.0,
                0.0,
                0.0,
                0.0,
                1.0,
                0.0,
                0.0,
                0.0,
                0.0,
                1.0,
                0.0,
                1.1118671894073489,
                -3.696182357577904e-13,
                0.0000022737242488801714,
                1.0
            ],
            "name": "_18_Head"
        },
        {
            "children": [
                27,
                26,
                25,
                24,
                22,
                21,
                20,
                18
            ],
            "name": "_42_RootJaw"
        },
        {
            "children": [
                19
            ],
            "matrix": [
                -0.000002381450485700043,
                0.6946015954017639,
                0.7193946242332459,
                0.0,
                -0.000003870221462420886,
                -0.7193946242332459,
                0.6946015954017639,
                0.0,
                1.0,
                -0.0000011300571713945829,
                0.000004401464593684068,
                0.0,
                0.025117846205830579,
                0.5427065491676331,
                0.6099175214767456,
                1.0
            ],
            "name": "_60_RJawC"
        },
        {
            "matrix": [
                -0.7742486000061035,
                -0.14355668425559998,
                0.6163850426673889,
                0.0,
                0.1420395076274872,
                -0.9885043501853944,
                -0.05180612951517105,
                0.0,
                0.6167364716529846,
                0.04744020104408264,
                0.7857388854026794,
                0.0,
                0.04483775421977043,
                0.10567867755889893,
                0.06662402302026749,
                1.0
            ],
            "name": "_62_RTeeth"
        },
        {
            "matrix": [
                -0.0000034666572901187466,
                0.8088533282279968,
                -0.5880104303359985,
                0.0,
                -0.00000833477679407224,
                0.5880104303359985,
                0.8088533282279968,
                0.0,
                1.0,
                0.000007704953532083892,
                0.000004703181730292272,
                0.0,
                0.025120172649621965,
                0.5702020525932312,
                -0.5274284482002258,
                1.0
            ],
            "name": "_58_RJawB"
        },
        {
            "matrix": [
                -0.000004196856480120914,
                1.0,
                -0.000001171540134237148,
                0.0,
                -0.000006023726200510282,
                0.0000011715148957591737,
                1.0,
                0.0,
                1.0,
                0.000004196863301331177,
                0.000006023721198289422,
                0.0,
                0.025119395926594739,
                0.7764983177185059,
                -0.0000022790327420807445,
                1.0
            ],
            "name": "_56_RJawA"
        },
        {
            "children": [
                23
            ],
            "matrix": [
                -0.000002735246425800142,
                -0.6945986747741699,
                0.7193974852561951,
                0.0,
                0.000002994461510752444,
                -0.7193974852561951,
                -0.6945986747741699,
                0.0,
                1.0,
                2.543096400131617e-7,
                0.000004047678430652013,
                0.0,
                0.025118427351117139,
                -0.5427065491676331,
                0.6099175214767456,
                1.0
            ],
            "name": "_52_LJawC"
        },
        {
            "matrix": [
                -0.7742483615875244,
                0.14355681836605073,
                0.6163853406906128,
                0.0,
                -0.14203934371471406,
                -0.9885043501853944,
                0.05180659145116806,
                0.0,
                0.6167368292808533,
                -0.04743980243802071,
                0.7857385873794556,
                0.0,
                0.04483833909034729,
                -0.10568054020404816,
                0.06662791222333908,
                1.0
            ],
            "name": "_54_LTeeth"
        },
        {
            "matrix": [
                -0.0000037885304209339667,
                -0.8088552355766296,
                -0.5880078077316284,
                0.0,
                0.000008023921509447974,
                0.5880078077316284,
                -0.8088552355766296,
                0.0,
                1.0,
                -0.000007782500688335859,
                0.000004262505626684288,
                0.0,
                0.025119978934526445,
                -0.5702020525932312,
                -0.5274258852005005,
                1.0
            ],
            "name": "_50_LJawB"
        },
        {
            "matrix": [
                -0.000004232735591358505,
                -1.0,
                0.0000018582366010377885,
                0.0,
                0.000006091093837312656,
                -0.000001858262407949951,
                -1.0,
                0.0,
                1.0,
                -0.000004232724222674733,
                0.000006091101568017621,
                0.0,
                0.025130830705165864,
                -0.7764983177185059,
                0.0000013017829587624877,
                1.0
            ],
            "name": "_48_LJawA"
        },
        {
            "matrix": [
                0.000007769634976284579,
                4.199118208703112e-8,
                -1.0,
                0.0,
                -0.010808734223246577,
                0.99994158744812,
                -4.199118208703112e-8,
                0.0,
                0.99994158744812,
                0.010808734223246577,
                0.000007769634976284579,
                0.0,
                0.025131605565547944,
                -0.0000011407266811147566,
                -0.7024522423744202,
                1.0
            ],
            "name": "_46_JawE"
        },
        {
            "matrix": [
                8.027252107467575e-8,
                -0.0000041235134631278928,
                1.0,
                0.0,
                0.03891929239034653,
                -0.99924236536026,
                -0.0000041235134631278928,
                0.0,
                0.99924236536026,
                0.03891929239034653,
                8.027252107467575e-8,
                0.0,
                0.025129474699497224,
                0.0000013902282489652862,
                0.8560917377471924,
                1.0
            ],
            "name": "_44_JawD"
        },
        {
            "children": [
                43,
                42,
                41,
                29
            ],
            "matrix": [
                1.0,
                -3.7197683626886975e-13,
                0.0000014305120430435637,
                0.0,
                -3.0386272924926017e-12,
                -1.0,
                0.0000018641229644345004,
                0.0,
                0.0000014305120430435637,
                -0.0000018641229644345004,
                -1.0,
                0.0,
                0.18368259072303773,
                -0.0000013326846328709508,
                -0.7871482372283936,
                1.0
            ],
            "name": "_20_FeelerA"
        },
        {
            "children": [
                30
            ],
            "matrix": [
                -4.0867540462841137e-8,
                0.000003117527739959769,
                1.0,
                0.0,
                0.02621341310441494,
                -0.99965637922287,
                0.000003117527739959769,
                0.0,
                0.99965637922287,
                0.02621341310441494,
                -4.0867540462841137e-8,
                0.0,
                0.04616190865635872,
                -4.096105499229452e-8,
                0.5170525312423706,
                1.0
            ],
            "name": "_29_Tail01"
        },
        {
            "children": [
                31
            ],
            "matrix": [
                1.0,
                0.0,
                0.0,
                0.0,
                0.0,
                1.0,
                0.0,
                0.0,
                0.0,
                0.0,
                1.0,
                0.0,
                0.5292420387268066,
                1.2111659231095473e-8,
                0.0,
                1.0
            ],
            "name": "_30_Tail02"
        },
        {
            "children": [
                32
            ],
            "matrix": [
                1.0,
                0.0,
                0.0,
                0.0,
                0.0,
                1.0,
                0.0,
                0.0,
                0.0,
                0.0,
                1.0,
                0.0,
                0.5916675925254822,
                6.055842494134822e-9,
                0.0,
                1.0
            ],
            "name": "_31_Tail03"
        },
        {
            "children": [
                33
            ],
            "matrix": [
                1.0,
                0.0,
                0.0,
                0.0,
                0.0,
                1.0,
                0.0,
                0.0,
                0.0,
                0.0,
                1.0,
                0.0,
                0.6350584030151367,
                0.0,
                7.751470434413932e-7,
                1.0
            ],
            "name": "_32_Tail04"
        },
        {
            "children": [
                34
            ],
            "matrix": [
                1.0,
                0.0,
                0.0,
                0.0,
                0.0,
                1.0,
                0.0,
                0.0,
                0.0,
                0.0,
                1.0,
                0.0,
                0.663587212562561,
                6.055842494134822e-9,
                -7.751470434413932e-7,
                1.0
            ],
            "name": "_33_Tail05"
        },
        {
            "children": [
                35
            ],
            "matrix": [
                1.0,
                0.0,
                0.0,
                0.0,
                0.0,
                1.0,
                0.0,
                0.0,
                0.0,
                0.0,
                1.0,
                0.0,
                0.6788963079452515,
                6.055842494134822e-9,
                7.751470434413932e-7,
                1.0
            ],
            "name": "_34_Tail06"
        },
        {
            "children": [
                36
            ],
            "matrix": [
                1.0,
                0.0,
                0.0,
                0.0,
                0.0,
                1.0,
                0.0,
                0.0,
                0.0,
                0.0,
                1.0,
                0.0,
                0.6673646569252014,
                1.2111659231095473e-8,
                7.751470434413932e-7,
                1.0
            ],
            "name": "_35_Tail07"
        },
        {
            "children": [
                37
            ],
            "matrix": [
                1.0,
                0.0,
                0.0,
                0.0,
                0.0,
                1.0,
                0.0,
                0.0,
                0.0,
                0.0,
                1.0,
                0.0,
                0.6636130809783936,
                0.0,
                0.0,
                1.0
            ],
            "name": "_36_Tail08"
        },
        {
            "children": [
                38
            ],
            "matrix": [
                1.0,
                0.0,
                0.0,
                0.0,
                0.0,
                1.0,
                0.0,
                0.0,
                0.0,
                0.0,
                1.0,
                0.0,
                0.6231407523155212,
                6.055842494134822e-9,
                -3.875735217206966e-7,
                1.0
            ],
            "name": "_37_Tail09"
        },
        {
            "children": [
                39
            ],
            "matrix": [
                1.0,
                0.0,
                0.0,
                0.0,
                0.0,
                1.0,
                0.0,
                0.0,
                0.0,
                0.0,
                1.0,
                0.0,
                0.6503185033798218,
                0.0,
                3.875735217206966e-7,
                1.0
            ],
            "name": "_38_Tail10"
        },
        {
            "children": [
                40
            ],
            "matrix": [
                1.0,
                0.0,
                0.0,
                0.0,
                0.0,
                1.0,
                0.0,
                0.0,
                0.0,
                0.0,
                1.0,
                0.0,
                0.5885151624679565,
                1.2111659231095473e-8,
                0.0,
                1.0
            ],
            "name": "_39_Tail11"
        },
        {
            "matrix": [
                1.0,
                0.0,
                0.0,
                0.0,
                0.0,
                1.0,
                0.0,
                0.0,
                0.0,
                0.0,
                1.0,
                0.0,
                0.6191529631614685,
                -6.055842494134822e-9,
                0.0,
                1.0
            ],
            "name": "_40_Tail12"
        },
        {
            "matrix": [
                -0.13011841475963593,
                -0.7853333353996277,
                -0.6052443385124207,
                0.0,
                0.004810879472643137,
                0.609926700592041,
                -0.7924432158470154,
                0.0,
                0.9914867877960204,
                -0.10602321475744248,
                -0.07558455318212509,
                0.0,
                0.08931663632392883,
                -0.9397463798522948,
                0.2086024284362793,
                1.0
            ],
            "name": "_27_RFeeler"
        },
        {
            "matrix": [
                -0.13011881709098817,
                0.7853332757949829,
                -0.6052443981170654,
                0.0,
                -0.004811739549040794,
                0.609926700592041,
                0.7924432158470154,
                0.0,
                0.9914867281913756,
                0.10602404922246932,
                -0.07558411359786987,
                0.0,
                0.08932090550661087,
                0.939746916294098,
                0.20860311388969425,
                1.0
            ],
            "name": "_25_LFeeler"
        },
        {
            "children": [
                44
            ],
            "matrix": [
                0.000004492394054977922,
                7.039865579372419e-8,
                -1.0,
                0.0,
                -0.0313335694372654,
                0.9995089769363404,
                -7.039865579372419e-8,
                0.0,
                0.9995089769363404,
                0.0313335694372654,
                0.000004492394054977922,
                0.0,
                0.04616114869713783,
                -1.4784756535365928e-12,
                0.00010038145410362632,
                1.0
            ],
            "name": "_22_Feeler1"
        },
        {
            "matrix": [
                1.0,
                0.0,
                0.0,
                0.0,
                0.0,
                1.0,
                0.0,
                0.0,
                0.0,
                0.0,
                1.0,
                0.0,
                0.5401512980461121,
                2.422331846219095e-8,
                -0.0000011627205367403804,
                1.0
            ],
            "name": "_23_Feeler2"
        }
    ],
    "meshes": [
        {
            "primitives": [
                {
                    "attributes": {
                        "COLOR_0": 1,
                        "JOINTS_0": 2,
                        "NORMAL": 3,
                        "POSITION": 4,
                        "TEXCOORD_0": 5,
                        "WEIGHTS_0": 6
                    },
                    "indices": 0,
                    "mode": 4,
                    "material": 0
                },
                {
                    "attributes": {
                        "COLOR_0": 8,
                        "JOINTS_0": 9,
                        "NORMAL": 10,
                        "POSITION": 11,
                        "TEXCOORD_0": 12,
                        "WEIGHTS_0": 13
                    },
                    "indices": 7,
                    "mode": 4,
                    "material": 1
                }
            ],
            "name": "Victreebel"
        }
    ],
    "skins": [
        {
            "inverseBindMatrices": 14,
            "skeleton": 2,
            "joints": [
                16,
                26,
                25,
                24,
                20,
                15,
                14,
                22,
                21,
                18,
                2,
                27,
                7,
                8,
                9,
                10,
                3,
                4,
                5,
                6,
                28,
                43,
                44,
                42,
                41,
                30,
                31,
                32,
                29,
                33,
                34,
                35,
                36,
                37,
                38,
                39,
                40,
                23,
                19
            ],
            "name": "geom-Victreebel-skin1"
        }
    ],
    "accessors": [
        {
            "bufferView": 0,
            "byteOffset": 0,
            "componentType": 5123,
            "count": 12120,
            "max": [
                2530
            ],
            "min": [
                0
            ],
            "type": "SCALAR"
        },
        {
            "bufferView": 1,
            "byteOffset": 0,
            "componentType": 5126,
            "count": 2531,
            "max": [
                1.0,
                1.0,
                1.0
            ],
            "min": [
                1.0,
                1.0,
                1.0
            ],
            "type": "VEC3"
        },
        {
            "bufferView": 2,
            "byteOffset": 0,
            "componentType": 5123,
            "count": 2531,
            "max": [
                38,
                38,
                35,
                32
            ],
            "min": [
                0,
                0,
                0,
                0
            ],
            "type": "VEC4"
        },
        {
            "bufferView": 1,
            "byteOffset": 30372,
            "componentType": 5126,
            "count": 2531,
            "max": [
                1.0,
                1.0,
                1.0
            ],
            "min": [
                -1.0,
                -1.0,
                -1.0
            ],
            "type": "VEC3"
        },
        {
            "bufferView": 1,
            "byteOffset": 60744,
            "componentType": 5126,
            "count": 2531,
            "max": [
                3.600322723388672,
                3.560876846313477,
                1.0202341079711917
            ],
            "min": [
                -3.600322723388672,
                0.01882932521402836,
                -8.724187850952149
            ],
            "type": "VEC3"
        },
        {
            "bufferView": 2,
            "byteOffset": 20248,
            "componentType": 5126,
            "count": 2531,
            "max": [
                0.9964444041252136,
                0.9957455396652222
            ],
            "min": [
                -4.411619869415517e-8,
                0.007812023162841797
            ],
            "type": "VEC2"
        },
        {
            "bufferView": 3,
            "byteOffset": 0,
            "componentType": 5126,
            "count": 2531,
            "max": [
                1.0,
                0.9800000190734864,
                0.8299999833106995,
                0.7699999809265137
            ],
            "min": [
                0.009999998845160008,
                0.0,
                0.0,
                0.0
            ],
            "type": "VEC4"
        },
        {
            "bufferView": 0,
            "byteOffset": 24240,
            "componentType": 5123,
            "count": 180,
            "max": [
                43
            ],
            "min": [
                0
            ],
            "type": "SCALAR"
        },
        {
            "bufferView": 1,
            "byteOffset": 91116,
            "componentType": 5126,
            "count": 44,
            "max": [
                1.0,
                1.0,
                1.0
            ],
            "min": [
                1.0,
                1.0,
                1.0
            ],
            "type": "VEC3"
        },
        {
            "bufferView": 2,
            "byteOffset": 40496,
            "componentType": 5123,
            "count": 44,
            "max": [
                0,
                9,
                11,
                11
            ],
            "min": [
                0,
                2,
                5,
                0
            ],
            "type": "VEC4"
        },
        {
            "bufferView": 1,
            "byteOffset": 91644,
            "componentType": 5126,
            "count": 44,
            "max": [
                0.9433783888816834,
                0.010221630334854126,
                0.998188316822052
            ],
            "min": [
                -0.9433783888816834,
                -0.2855522036552429,
                0.3222096860408783
            ],
            "type": "VEC3"
        },
        {
            "bufferView": 1,
            "byteOffset": 92172,
            "componentType": 5126,
            "count": 44,
            "max": [
                0.7520508170127869,
                3.0416245460510256,
                0.782497763633728
            ],
            "min": [
                -0.7520508170127869,
                2.379751443862915,
                0.18303890526294709
            ],
            "type": "VEC3"
        },
        {
            "bufferView": 2,
            "byteOffset": 40848,
            "componentType": 5126,
            "count": 44,
            "max": [
                0.4961926937103272,
                0.18876618146896366
            ],
            "min": [
                0.007404506206512451,
                0.01546621322631836
            ],
            "type": "VEC2"
        },
        {
            "bufferView": 3,
            "byteOffset": 40496,
            "componentType": 5126,
            "count": 44,
            "max": [
                0.4700000286102295,
                0.5300000309944153,
                0.5600000023841858,
                0.5199999809265137
            ],
            "min": [
                0.2599999904632569,
                0.09000000357627869,
                0.05999999865889549,
                0.0
            ],
            "type": "VEC4"
        },
        {
            "bufferView": 4,
            "byteOffset": 0,
            "componentType": 5126,
            "count": 39,
            "max": [
                1.0,
                1.0,
                0.3942537009716034,
                0.0,
                1.0,
                0.9998924732208252,
                1.0,
                0.0,
                1.0,
                1.0,
                1.0,
                0.0,
                51.96229934692383,
                52.99020004272461,
                0.00018146900401916355,
                1.0
            ],
            "min": [
                -1.0,
                -1.0,
                -0.3942590951919556,
                0.0,
                -1.0,
                -0.9998925924301148,
                -4.371139894487897e-8,
                0.0,
                -1.0,
                -1.0,
                -1.0,
                0.0,
                -323.4158020019531,
                -52.99031829833985,
                -133.23590087890626,
                1.0
            ],
            "type": "MAT4"
        }
    ],
    "materials": [
        {
            "pbrMetallicRoughness": {
                "baseColorFactor": [
                    1.0,
                    1.0,
                    1.0,
                    1.0
                ],
                "baseColorTexture": {
                    "index": 0
                },
                "metallicFactor": 0.0
            },
            "emissiveFactor": [
                0.0,
                0.0,
                0.0
            ],
            "occlusionTexture": {
                "index": 0
            },
            "name": "BodyVco"
        },
        {
            "pbrMetallicRoughness": {
                "baseColorFactor": [
                    1.0,
                    1.0,
                    1.0,
                    1.0
                ],
                "baseColorTexture": {
                    "index": 1
                },
                "metallicFactor": 0.0
            },
            "emissiveFactor": [
                0.0,
                0.0,
                0.0
            ],
            "occlusionTexture": {
                "index": 1
            },
            "name": "Eye"
        }
    ],
    "textures": [
        {
            "sampler": 0,
            "source": 0
        },
        {
            "sampler": 0,
            "source": 1
        }
    ],
    "images": [
        {
            "uri": "pm0071_00_Body1.png"
        },
        {
            "uri": "pm0071_00_Eye1.png"
        }
    ],
    "samplers": [
        {
            "magFilter": 9729,
            "minFilter": 9986,
            "wrapS": 10497,
            "wrapT": 10497
        }
    ],
    "bufferViews": [
        {
            "buffer": 0,
            "byteOffset": 177596,
            "byteLength": 24600,
            "target": 34963
        },
        {
            "buffer": 0,
            "byteOffset": 43696,
            "byteLength": 92700,
            "byteStride": 12,
            "target": 34962
        },
        {
            "buffer": 0,
            "byteOffset": 136396,
            "byteLength": 41200,
            "byteStride": 8,
            "target": 34962
        },
        {
            "buffer": 0,
            "byteOffset": 2496,
            "byteLength": 41200,
            "byteStride": 16,
            "target": 34962
        },
        {
            "buffer": 0,
            "byteOffset": 0,
            "byteLength": 2496
        }
    ],
    "buffers": [
        {
            "byteLength": 202196,
            "uri": "Victreebel0.bin"
        }
    ]
}
