{
    "asset": {
        "generator": "COLLADA2GLTF",
        "version": "2.0"
    },
    "scenes": [
        {
            "nodes": [
                0
            ]
        }
    ],
    "scene": 0,
    "nodes": [
        {
            "children": [
                33,
                1
            ],
            "matrix": [
                1.0,
                0.0,
                0.0,
                0.0,
                0.0,
                0.0,
                -1.0,
                0.0,
                0.0,
                1.0,
                0.0,
                0.0,
                0.0,
                0.0,
                0.0,
                1.0
            ],
            "name": "Z_UP"
        },
        {
            "children": [
                2
            ],
            "matrix": [
                1.0,
                0.0,
                0.0,
                0.0,
                0.0,
                4.4896641959724089e-11,
                1.0,
                0.0,
                0.0,
                -1.0,
                4.4896641959724089e-11,
                0.0,
                0.0,
                0.0,
                0.0,
                1.0
            ],
            "name": "pm0033_00"
        },
        {
            "children": [
                3
            ],
            "name": "Origin"
        },
        {
            "children": [
                22,
                4
            ],
            "matrix": [
                -2.835687382685137e-7,
                0.1307706981897354,
                0.99141263961792,
                0.0,
                1.0,
                0.0000016229528227995616,
                7.19519448466599e-8,
                0.0,
                -0.0000015996067759260769,
                0.99141263961792,
                -0.1307706981897354,
                0.0,
                0.0,
                0.919975221157074,
                -0.014532024972140788,
                1.0
            ],
            "name": "Waist"
        },
        {
            "children": [
                5
            ],
            "name": "Spine1"
        },
        {
            "children": [
                16,
                11,
                6
            ],
            "matrix": [
                0.9827030897140504,
                0.0,
                -0.18518811464309693,
                0.0,
                0.0,
                1.0,
                0.0,
                0.0,
                0.18518811464309693,
                0.0,
                0.9827030897140504,
                0.0,
                0.2834233343601227,
                0.0,
                1.7780000405309696e-7,
                1.0
            ],
            "name": "Spine2"
        },
        {
            "children": [
                7
            ],
            "matrix": [
                0.07859775424003601,
                -0.2142767608165741,
                -0.9736055731773377,
                0.0,
                0.011812981218099594,
                0.9767584800720216,
                -0.21401701867580417,
                0.0,
                0.9968364238739014,
                0.005320073571056128,
                0.07930227369070053,
                0.0,
                0.2297625541687012,
                -0.3909796476364136,
                -0.06219647079706192,
                1.0
            ],
            "name": "RShoulder"
        },
        {
            "children": [
                8
            ],
            "matrix": [
                0.962536871433258,
                0.21208050847053529,
                -0.1689516007900238,
                0.0,
                -0.2142790108919144,
                0.9767579436302184,
                0.005326270125806332,
                0.0,
                0.1661544293165207,
                0.03107605315744877,
                0.9856099486351012,
                0.0,
                0.2634665668010712,
                0.0000013970000054541745,
                0.0000014985998859629036,
                1.0
            ],
            "name": "RArm"
        },
        {
            "children": [
                9
            ],
            "matrix": [
                0.9943115711212158,
                0.0,
                0.10651031881570816,
                0.0,
                0.0,
                1.0,
                0.0,
                0.0,
                -0.10651031881570816,
                0.0,
                0.9943115711212158,
                0.0,
                0.3272205889225006,
                -7.620000275210259e-8,
                -0.0000010667999958968722,
                1.0
            ],
            "name": "RForeArm"
        },
        {
            "children": [
                10
            ],
            "matrix": [
                -0.03876931220293045,
                0.000015171228369581512,
                0.999248206615448,
                0.0,
                0.0013601586688309908,
                0.9999990463256836,
                0.000037589463317999619,
                0.0,
                -0.9992472529411316,
                0.0013605933636426926,
                -0.03876929730176926,
                0.0,
                0.2030031532049179,
                0.0,
                0.0000016256000208159094,
                1.0
            ],
            "name": "RHand"
        },
        {
            "matrix": [
                1.0,
                0.0,
                0.0,
                0.0,
                0.0,
                1.0,
                0.0,
                0.0,
                0.0,
                0.0,
                1.0,
                0.0,
                0.09220707416534424,
                0.0,
                -0.0599760003387928,
                1.0
            ],
            "name": "RFinger"
        },
        {
            "children": [
                12
            ],
            "matrix": [
                0.0785975530743599,
                0.2142758667469025,
                -0.9736058115959168,
                0.0,
                -0.01181389018893242,
                0.9767587184906006,
                0.21401606500148777,
                0.0,
                0.9968364238739014,
                -0.005319066345691681,
                0.07930227369070053,
                0.0,
                0.22976356744766236,
                0.3909796476364136,
                -0.062196724116802219,
                1.0
            ],
            "name": "LShoulder"
        },
        {
            "children": [
                13
            ],
            "matrix": [
                0.962536871433258,
                -0.21208040416240693,
                -0.16895173490047456,
                0.0,
                0.214278906583786,
                0.9767580032348632,
                -0.005326265469193459,
                0.0,
                0.16615456342697144,
                -0.031076068058609964,
                0.9856099486351012,
                0.0,
                0.2634665668010712,
                1.2699999274445873e-7,
                0.0,
                1.0
            ],
            "name": "LArm"
        },
        {
            "children": [
                14
            ],
            "matrix": [
                0.9943115711212158,
                0.0,
                0.10651031881570816,
                0.0,
                0.0,
                1.0,
                0.0,
                0.0,
                -0.10651031881570816,
                0.0,
                0.9943115711212158,
                0.0,
                0.3272231221199036,
                -7.620000275210259e-8,
                0.0,
                1.0
            ],
            "name": "LForeArm"
        },
        {
            "children": [
                15
            ],
            "matrix": [
                -0.03876790404319763,
                0.0000019984963728347799,
                0.9992482662200928,
                0.0,
                -0.0000019984963728347799,
                1.0,
                -0.00000207753578251868,
                0.0,
                -0.9992482662200928,
                -0.00000207753578251868,
                -0.03876790404319763,
                0.0,
                0.2030031532049179,
                7.620000275210259e-8,
                -2.5400000325248585e-8,
                1.0
            ],
            "name": "LHand"
        },
        {
            "matrix": [
                1.0,
                0.0,
                0.0,
                0.0,
                0.0,
                1.0,
                0.0,
                0.0,
                0.0,
                0.0,
                1.0,
                0.0,
                0.09220758825540544,
                -7.620000275210259e-8,
                -0.0599760003387928,
                1.0
            ],
            "name": "LFinger"
        },
        {
            "children": [
                20,
                19,
                17
            ],
            "matrix": [
                0.9984815120697022,
                0.000003989064680354204,
                0.05508732423186302,
                0.0,
                -0.000003943510819226503,
                1.0,
                -9.35638979626674e-7,
                0.0,
                -0.05508732423186302,
                7.169807645368564e-7,
                0.9984815120697022,
                0.0,
                0.526582658290863,
                -2.5400000325248585e-8,
                0.0,
                1.0
            ],
            "name": "Head"
        },
        {
            "children": [
                18
            ],
            "matrix": [
                -0.5998385548591614,
                0.6182222366333008,
                0.5079320669174194,
                0.0,
                -0.28281933069229128,
                -0.7576623558998108,
                0.5881845355033875,
                0.0,
                0.7484697699546814,
                0.20916272699832917,
                0.6293202638626099,
                0.0,
                0.2996920347213745,
                0.354139506816864,
                0.17326050996780396,
                1.0
            ],
            "name": "LEar1"
        },
        {
            "matrix": [
                1.0,
                0.0,
                0.0,
                0.0,
                0.0,
                1.0,
                0.0,
                0.0,
                0.0,
                0.0,
                1.0,
                0.0,
                0.625533401966095,
                2.5400000325248585e-8,
                -1.7780000405309696e-7,
                1.0
            ],
            "name": "LEar2"
        },
        {
            "matrix": [
                0.6774359345436096,
                -0.0000015616172959198594,
                -0.7355818152427673,
                0.0,
                0.00000285187365989259,
                1.0,
                5.034713126406132e-7,
                0.0,
                0.7355818152427673,
                -0.000002438855744912871,
                0.6774359345436096,
                0.0,
                0.14677464962005616,
                0.0,
                -0.03863390535116196,
                1.0
            ],
            "name": "Jaw"
        },
        {
            "children": [
                21
            ],
            "matrix": [
                -0.5998413562774658,
                -0.6182227730751038,
                0.5079281330108643,
                0.0,
                0.28281864523887637,
                -0.7576606273651123,
                -0.588187038898468,
                0.0,
                0.748467743396759,
                -0.20916736125946049,
                0.6293210983276367,
                0.0,
                0.2996895015239716,
                -0.354139506816864,
                0.17325975000858308,
                1.0
            ],
            "name": "REar1"
        },
        {
            "matrix": [
                1.0,
                0.0,
                0.0,
                0.0,
                0.0,
                1.0,
                0.0,
                0.0,
                0.0,
                0.0,
                1.0,
                0.0,
                0.625533401966095,
                -4.826000008506526e-7,
                -6.603999622711854e-7,
                1.0
            ],
            "name": "REar2"
        },
        {
            "children": [
                28,
                23
            ],
            "matrix": [
                -0.9914129376411438,
                0.000003982826001447393,
                0.1307683140039444,
                0.0,
                0.000003982826001447393,
                1.0,
                -2.615366270219966e-7,
                0.0,
                -0.1307683140039444,
                2.615366270219966e-7,
                -0.9914129376411438,
                0.0,
                0.0,
                0.0,
                0.0,
                1.0
            ],
            "name": "Hips"
        },
        {
            "children": [
                24
            ],
            "matrix": [
                0.07043984532356262,
                -0.6053136587142944,
                0.792864203453064,
                0.0,
                0.000006512627805932425,
                0.7948388457298279,
                0.6068205833435059,
                0.0,
                -0.9975160360336304,
                -0.04273918643593788,
                0.05599226430058479,
                0.0,
                0.4649241268634796,
                -0.3113252520561218,
                0.0696394294500351,
                1.0
            ],
            "name": "RHips"
        },
        {
            "children": [
                25
            ],
            "matrix": [
                0.7878345251083374,
                0.6059182286262512,
                0.11036216467618942,
                0.0,
                -0.6053163409233093,
                0.794836699962616,
                -0.04274072498083115,
                0.0,
                -0.11361728608608246,
                -0.033131398260593417,
                0.9929720163345336,
                0.0,
                0.23820018768310548,
                -0.0000020319998839113397,
                6.603999622711854e-7,
                1.0
            ],
            "name": "RThigh"
        },
        {
            "children": [
                26
            ],
            "matrix": [
                0.9445799589157105,
                -6.565628609678242e-7,
                -0.328281432390213,
                0.0,
                6.565628609678242e-7,
                1.0,
                -1.1084009088335735e-7,
                0.0,
                0.328281432390213,
                -1.1084009088335735e-7,
                0.9445799589157105,
                0.0,
                0.3435934185981751,
                0.0,
                -0.0000014478000593953766,
                1.0
            ],
            "name": "RLeg"
        },
        {
            "children": [
                27
            ],
            "matrix": [
                -0.2762232124805451,
                0.000007293025646504248,
                0.9610934853553772,
                0.0,
                -0.0026261007878929378,
                0.9999962449073792,
                -0.0007623431156389415,
                0.0,
                -0.9610899090766908,
                -0.0027345053385943176,
                -0.2762221693992615,
                0.0,
                0.25203782320022585,
                0.0,
                -8.128000104079547e-7,
                1.0
            ],
            "name": "RFoot"
        },
        {
            "matrix": [
                1.0,
                0.0,
                0.0,
                0.0,
                0.0,
                1.0,
                0.0,
                0.0,
                0.0,
                0.0,
                1.0,
                0.0,
                0.1272895485162735,
                2.5400000325248585e-8,
                -0.04198899120092392,
                1.0
            ],
            "name": "RToe"
        },
        {
            "children": [
                29
            ],
            "matrix": [
                0.0704406201839447,
                0.6053195595741272,
                0.7928596138954163,
                0.0,
                -0.000006971824404899962,
                0.7948342561721802,
                -0.6068265438079834,
                0.0,
                -0.9975159764289856,
                0.042739711701869968,
                0.055992841720581058,
                0.0,
                0.4649241268634796,
                0.3113252520561218,
                0.06963866949081421,
                1.0
            ],
            "name": "LHips"
        },
        {
            "children": [
                30
            ],
            "matrix": [
                0.7878345251083374,
                -0.6059182286262512,
                0.11036216467618942,
                0.0,
                0.6053163409233093,
                0.794836699962616,
                0.04274072498083115,
                0.0,
                -0.11361728608608246,
                0.033131398260593417,
                0.9929720163345336,
                0.0,
                0.23820169270038608,
                7.620000275210259e-8,
                -2.5400000325248585e-8,
                1.0
            ],
            "name": "LThigh"
        },
        {
            "children": [
                31
            ],
            "matrix": [
                0.9445799589157105,
                0.0,
                -0.328281432390213,
                0.0,
                0.0,
                1.0,
                0.0,
                0.0,
                0.328281432390213,
                0.0,
                0.9445799589157105,
                0.0,
                0.3435908555984497,
                7.620000275210259e-8,
                0.0,
                1.0
            ],
            "name": "LLeg"
        },
        {
            "children": [
                32
            ],
            "matrix": [
                -0.27622443437576296,
                0.000011337878277117852,
                0.9610931873321532,
                0.0,
                -0.0008536457899026573,
                0.9999995827674866,
                -0.0002571402001194656,
                0.0,
                -0.96109277009964,
                -0.0008914615027606487,
                -0.2762243151664734,
                0.0,
                0.2520388662815094,
                0.0,
                2.5400000325248585e-8,
                1.0
            ],
            "name": "LFoot"
        },
        {
            "matrix": [
                1.0,
                0.0,
                0.0,
                0.0,
                0.0,
                1.0,
                0.0,
                0.0,
                0.0,
                0.0,
                1.0,
                0.0,
                0.1272887885570526,
                -1.2699999274445873e-7,
                -0.04198899120092392,
                1.0
            ],
            "name": "LToe"
        },
        {
            "mesh": 0,
            "skin": 0,
            "name": "Nidorino"
        }
    ],
    "meshes": [
        {
            "primitives": [
                {
                    "attributes": {
                        "JOINTS_0": 1,
                        "NORMAL": 2,
                        "POSITION": 3,
                        "TEXCOORD_0": 4,
                        "WEIGHTS_0": 5
                    },
                    "indices": 0,
                    "mode": 4,
                    "material": 0
                },
                {
                    "attributes": {
                        "JOINTS_0": 7,
                        "NORMAL": 8,
                        "POSITION": 9,
                        "TEXCOORD_0": 10,
                        "WEIGHTS_0": 11
                    },
                    "indices": 6,
                    "mode": 4,
                    "material": 1
                }
            ],
            "name": "Nidorino"
        }
    ],
    "skins": [
        {
            "inverseBindMatrices": 12,
            "joints": [
                22,
                28,
                29,
                30,
                31,
                32,
                23,
                24,
                25,
                26,
                27,
                4,
                5,
                16,
                19,
                17,
                18,
                20,
                21,
                11,
                12,
                13,
                14,
                15,
                6,
                7,
                8,
                9,
                10
            ],
            "name": "Nidorino-mesh-skin"
        }
    ],
    "accessors": [
        {
            "bufferView": 0,
            "byteOffset": 0,
            "componentType": 5123,
            "count": 288,
            "max": [
                65
            ],
            "min": [
                0
            ],
            "type": "SCALAR"
        },
        {
            "bufferView": 1,
            "byteOffset": 0,
            "componentType": 5123,
            "count": 66,
            "max": [
                13,
                0,
                0,
                0
            ],
            "min": [
                13,
                0,
                0,
                0
            ],
            "type": "VEC4"
        },
        {
            "bufferView": 2,
            "byteOffset": 0,
            "componentType": 5126,
            "count": 66,
            "max": [
                0.9633190035820008,
                -0.046202000230550769,
                0.5594689846038818
            ],
            "min": [
                -0.9633190035820008,
                -0.6810539960861206,
                -0.6799349784851074
            ],
            "type": "VEC3"
        },
        {
            "bufferView": 2,
            "byteOffset": 792,
            "componentType": 5126,
            "count": 66,
            "max": [
                0.4427499175071717,
                -1.151404857635498,
                0.9808691740036012
            ],
            "min": [
                -0.4427499175071717,
                -1.5383788347244266,
                0.6807250380516052
            ],
            "type": "VEC3"
        },
        {
            "bufferView": 1,
            "byteOffset": 528,
            "componentType": 5126,
            "count": 66,
            "max": [
                0.49379998445510867,
                -0.7925499677658081
            ],
            "min": [
                0.006196000147610903,
                -0.9568499326705932
            ],
            "type": "VEC2"
        },
        {
            "bufferView": 3,
            "byteOffset": 0,
            "componentType": 5126,
            "count": 66,
            "max": [
                1.0,
                0.0,
                0.0,
                0.0
            ],
            "min": [
                1.0,
                0.0,
                0.0,
                0.0
            ],
            "type": "VEC4"
        },
        {
            "bufferView": 0,
            "byteOffset": 576,
            "componentType": 5123,
            "count": 14730,
            "max": [
                3226
            ],
            "min": [
                0
            ],
            "type": "SCALAR"
        },
        {
            "bufferView": 1,
            "byteOffset": 1056,
            "componentType": 5123,
            "count": 3227,
            "max": [
                28,
                28,
                28,
                28
            ],
            "min": [
                0,
                0,
                0,
                0
            ],
            "type": "VEC4"
        },
        {
            "bufferView": 2,
            "byteOffset": 1584,
            "componentType": 5126,
            "count": 3227,
            "max": [
                0.9999949932098388,
                0.999494969844818,
                0.9997959733009338
            ],
            "min": [
                -0.9999949932098388,
                -0.9997499585151672,
                -1.0
            ],
            "type": "VEC3"
        },
        {
            "bufferView": 2,
            "byteOffset": 40308,
            "componentType": 5126,
            "count": 3227,
            "max": [
                1.332862377166748,
                1.1081029176712037,
                2.262078285217285
            ],
            "min": [
                -1.332862377166748,
                -2.1967902183532717,
                0.0
            ],
            "type": "VEC3"
        },
        {
            "bufferView": 1,
            "byteOffset": 26872,
            "componentType": 5126,
            "count": 3227,
            "max": [
                0.9960939884185792,
                0.9960939884185792
            ],
            "min": [
                0.003905999939888716,
                0.0039060115814208986
            ],
            "type": "VEC2"
        },
        {
            "bufferView": 3,
            "byteOffset": 1056,
            "componentType": 5126,
            "count": 3227,
            "max": [
                1.0,
                0.9900000095367432,
                0.8899999856948853,
                0.3499999940395355
            ],
            "min": [
                0.009999999776482582,
                0.0,
                0.0,
                0.0
            ],
            "type": "VEC4"
        },
        {
            "bufferView": 4,
            "byteOffset": 0,
            "componentType": 5126,
            "count": 29,
            "max": [
                0.6182249784469605,
                1.0,
                0.2091619968414307,
                0.0,
                1.0,
                0.28282201290130618,
                0.13077199459075929,
                0.0,
                0.5079299807548523,
                0.6068270206451416,
                1.0,
                0.0,
                30.13769912719727,
                30.057199478149419,
                36.21949768066406,
                1.0
            ],
            "min": [
                -0.618228018283844,
                -0.7576599717140198,
                -0.20916299521923066,
                0.0,
                -1.0,
                -0.28282299637794497,
                -0.9996910095214844,
                0.0,
                -0.9992479681968688,
                -0.6068210005760193,
                -1.0,
                0.0,
                -31.19049835205078,
                -30.05729866027832,
                -62.37849807739258,
                1.0
            ],
            "type": "MAT4"
        }
    ],
    "materials": [
        {
            "pbrMetallicRoughness": {
                "baseColorFactor": [
                    1.0,
                    1.0,
                    1.0,
                    1.0
                ],
                "baseColorTexture": {
                    "index": 0
                },
                "metallicFactor": 0.0
            },
            "name": "Material__152"
        },
        {
            "pbrMetallicRoughness": {
                "baseColorFactor": [
                    1.0,
                    1.0,
                    1.0,
                    1.0
                ],
                "baseColorTexture": {
                    "index": 1
                },
                "metallicFactor": 0.0
            },
            "name": "Material__153"
        }
    ],
    "textures": [
        {
            "sampler": 0,
            "source": 0
        },
        {
            "sampler": 0,
            "source": 1
        }
    ],
    "images": [
        {
            "uri": "pm0033_00_Eye1.png"
        },
        {
            "uri": "pm0033_00_Body1.png"
        }
    ],
    "samplers": [
        {
            "magFilter": 9729,
            "minFilter": 9986,
            "wrapS": 10497,
            "wrapT": 10497
        }
    ],
    "bufferViews": [
        {
            "buffer": 0,
            "byteOffset": 186264,
            "byteLength": 30036,
            "target": 34963
        },
        {
            "buffer": 0,
            "byteOffset": 133576,
            "byteLength": 52688,
            "byteStride": 8,
            "target": 34962
        },
        {
            "buffer": 0,
            "byteOffset": 54544,
            "byteLength": 79032,
            "byteStride": 12,
            "target": 34962
        },
        {
            "buffer": 0,
            "byteOffset": 1856,
            "byteLength": 52688,
            "byteStride": 16,
            "target": 34962
        },
        {
            "buffer": 0,
            "byteOffset": 0,
            "byteLength": 1856
        }
    ],
    "buffers": [
        {
            "byteLength": 216300,
            "uri": "Nidorino_ColladaMax0.bin"
        }
    ]
}
