{
    "asset": {
        "generator": "COLLADA2GLTF",
        "version": "2.0"
    },
    "scenes": [
        {
            "nodes": [
                0
            ]
        }
    ],
    "scene": 0,
    "nodes": [
        {
            "children": [
                21,
                1
            ],
            "matrix": [
                1.0,
                0.0,
                0.0,
                0.0,
                0.0,
                0.0,
                -1.0,
                0.0,
                0.0,
                1.0,
                0.0,
                0.0,
                0.0,
                0.0,
                0.0,
                1.0
            ],
            "name": "Z_UP"
        },
        {
            "mesh": 0,
            "skin": 0,
            "name": "Rattata_F"
        },
        {
            "children": [
                15,
                9,
                3
            ],
            "matrix": [
                -0.9993371367454528,
                -0.000003980176188633777,
                -0.0364045649766922,
                0.0,
                0.0001669661869527772,
                -0.9999899864196776,
                -0.0044740368612110619,
                0.0,
                -0.03640418499708176,
                -0.004477149341255426,
                0.9993271231651306,
                0.0,
                0.0,
                0.0,
                0.0,
                1.0
            ],
            "name": "_04_Hips"
        },
        {
            "children": [
                4
            ],
            "matrix": [
                0.9958604574203492,
                0.00040569869452156126,
                -0.09089426696300508,
                0.0,
                -0.0000013238450264907445,
                -0.9999899864196776,
                -0.004477872978895903,
                0.0,
                -0.09089517593383788,
                0.004459457006305456,
                -0.9958505034446716,
                0.0,
                0.2872333526611328,
                -1.892447171192302e-10,
                -0.06968235224485398,
                1.0
            ],
            "name": "_22_Tail1"
        },
        {
            "children": [
                5
            ],
            "matrix": [
                1.0,
                0.0,
                0.0,
                0.0,
                0.0,
                1.0,
                0.0,
                0.0,
                0.0,
                0.0,
                1.0,
                0.0,
                0.18604283034801484,
                0.0,
                -2.422331846219095e-8,
                1.0
            ],
            "name": "_23_Tail2"
        },
        {
            "children": [
                6
            ],
            "matrix": [
                1.0,
                0.0,
                0.0,
                0.0,
                0.0,
                1.0,
                0.0,
                0.0,
                0.0,
                0.0,
                1.0,
                0.0,
                0.18678399920463566,
                2.3655605252415058e-11,
                -1.211165852055274e-7,
                1.0
            ],
            "name": "_24_Tail3"
        },
        {
            "children": [
                7
            ],
            "matrix": [
                1.0,
                0.0,
                0.0,
                0.0,
                0.0,
                1.0,
                0.0,
                0.0,
                0.0,
                0.0,
                1.0,
                0.0,
                0.209896057844162,
                4.7311311118791718e-11,
                0.0,
                1.0
            ],
            "name": "_25_Tail4"
        },
        {
            "children": [
                8
            ],
            "matrix": [
                1.0,
                0.0,
                0.0,
                0.0,
                0.0,
                1.0,
                0.0,
                0.0,
                0.0,
                0.0,
                1.0,
                0.0,
                0.19291836023330689,
                -2.3655605252415058e-11,
                2.422331846219095e-8,
                1.0
            ],
            "name": "_26_Tail5"
        },
        {
            "matrix": [
                1.0,
                0.0,
                0.0,
                0.0,
                0.0,
                1.0,
                0.0,
                0.0,
                0.0,
                0.0,
                1.0,
                0.0,
                0.17213775217533112,
                -4.7311311118791718e-11,
                2.422331846219095e-8,
                1.0
            ],
            "name": "_27_Tail6"
        },
        {
            "children": [
                10
            ],
            "matrix": [
                -0.0784955695271492,
                -0.7938103079795837,
                0.6030784845352173,
                0.0,
                0.000004632094714906998,
                0.6049447655677795,
                0.7962674498558044,
                0.0,
                -0.9969144463539124,
                0.06250625848770142,
                -0.04748180881142616,
                0.0,
                0.13443991541862489,
                -0.0769866332411766,
                -0.05776546522974968,
                1.0
            ],
            "name": "_14_RHips"
        },
        {
            "children": [
                11
            ],
            "matrix": [
                0.6425983905792236,
                0.7024410963058472,
                -0.3060128092765808,
                0.0,
                -0.7241417765617371,
                0.6872900128364563,
                0.05701860040426254,
                0.0,
                0.2503717541694641,
                0.1849566102027893,
                0.9503183960914612,
                0.0,
                0.091363824903965,
                8.478164659209142e-7,
                -1.6956327897332813e-7,
                1.0
            ],
            "name": "_15_RThigh"
        },
        {
            "children": [
                12
            ],
            "matrix": [
                0.7739179134368897,
                2.519267354728072e-7,
                -0.6332858800888062,
                0.0,
                -2.716411415804032e-7,
                1.0,
                6.58451213553235e-8,
                0.0,
                0.6332858800888062,
                1.210677851304354e-7,
                0.7739179134368897,
                0.0,
                0.1363409012556076,
                -3.6334952824290677e-8,
                7.266990564858135e-8,
                1.0
            ],
            "name": "_16_RLeg"
        },
        {
            "children": [
                13
            ],
            "matrix": [
                -0.8094403743743897,
                0.0000652262315270491,
                0.5872020721435547,
                0.0,
                -0.00017028993170242757,
                0.9999999403953552,
                -0.00034581925137899816,
                0.0,
                -0.5872020721435547,
                -0.0003799146506935358,
                -0.8094403147697449,
                0.0,
                0.15972504019737245,
                -1.816750199168382e-7,
                -3.633495282429067e-7,
                1.0
            ],
            "name": "_17_RFoot"
        },
        {
            "children": [
                14
            ],
            "matrix": [
                0.9534461498260498,
                0.03977980092167854,
                -0.2989280819892884,
                0.0,
                0.00005895690264878795,
                0.9912368059158324,
                0.13209670782089234,
                0.0,
                0.3015633225440979,
                -0.1259647160768509,
                0.9450886249542236,
                0.0,
                0.026410944759845738,
                0.008696381002664566,
                -0.07354163378477097,
                1.0
            ],
            "name": "_19_RToe1"
        },
        {
            "matrix": [
                0.953446090221405,
                0.00005864910417585634,
                0.301563560962677,
                0.0,
                0.03991016000509262,
                0.9911792874336244,
                -0.1263757348060608,
                0.0,
                -0.2989109754562378,
                0.1325278878211975,
                0.9450336694717408,
                0.0,
                0.05159100517630577,
                0.0,
                5.631916906168044e-7,
                1.0
            ],
            "name": "_20_RToe2"
        },
        {
            "children": [
                16
            ],
            "matrix": [
                -0.07849255949258805,
                0.7883791923522949,
                0.610161542892456,
                0.0,
                -0.0000036948244996892756,
                0.6120496988296509,
                -0.7908192873001099,
                0.0,
                -0.9969146847724916,
                -0.06207568570971489,
                -0.048038434237241748,
                0.0,
                0.1344399601221085,
                0.0769866332411766,
                -0.05776424705982208,
                1.0
            ],
            "name": "_06_LHips"
        },
        {
            "children": [
                17
            ],
            "matrix": [
                0.6425986886024475,
                -0.7024409174919128,
                -0.3060125708580017,
                0.0,
                0.7241415977478027,
                0.6872902512550354,
                -0.05701840296387673,
                0.0,
                0.250371515750885,
                -0.18495647609233857,
                0.950318455696106,
                0.0,
                0.0913638025522232,
                4.844669021508708e-8,
                0.0,
                1.0
            ],
            "name": "_07_LThigh"
        },
        {
            "children": [
                18
            ],
            "matrix": [
                0.7739177942276001,
                2.5753671195616339e-8,
                -0.6332860589027405,
                0.0,
                3.212744204006413e-8,
                1.0,
                7.992860417971316e-8,
                0.0,
                0.6332860589027405,
                -8.220403202585659e-8,
                0.7739177942276001,
                0.0,
                0.13634058833122254,
                0.0,
                0.0,
                1.0
            ],
            "name": "_08_LLeg"
        },
        {
            "children": [
                19
            ],
            "matrix": [
                -0.8094362616539002,
                0.00005982945367577486,
                0.5872076749801636,
                0.0,
                0.00027915032114833593,
                0.9999999403953552,
                0.0002829066361300647,
                0.0,
                -0.5872076153755188,
                0.00039291413850151,
                -0.8094362616539002,
                0.0,
                0.1597243696451187,
                -3.6334952824290677e-8,
                -2.422331846219095e-8,
                1.0
            ],
            "name": "_09_LFoot"
        },
        {
            "children": [
                20
            ],
            "matrix": [
                0.9534432291984558,
                -0.03989448770880699,
                -0.2989221811294556,
                0.0,
                0.00006502038013422862,
                0.9912384748458862,
                -0.13208439946174622,
                0.0,
                0.30157262086868288,
                0.1259155422449112,
                0.9450922012329102,
                0.0,
                0.02641122415661812,
                -0.008696332573890686,
                -0.07354161143302918,
                1.0
            ],
            "name": "_11_LToe1"
        },
        {
            "matrix": [
                0.9534431099891664,
                0.00006467902130680159,
                0.3015729784965515,
                0.0,
                -0.0398033931851387,
                0.9912785291671752,
                0.12562847137451173,
                0.0,
                -0.2989347279071808,
                -0.13178323209285737,
                0.9451302886009216,
                0.0,
                0.05158917605876923,
                0.0,
                -1.2111659231095473e-8,
                1.0
            ],
            "name": "_12_LToe2"
        },
        {
            "children": [
                22
            ],
            "matrix": [
                1.0,
                -0.0,
                0.0,
                0.0,
                0.0,
                4.4896641959724089e-11,
                1.0,
                0.0,
                -0.0,
                -1.0,
                4.4896641959724089e-11,
                0.0,
                0.0,
                0.0,
                0.0,
                1.0
            ],
            "name": "_01_pm0019_00_koratta"
        },
        {
            "children": [
                23
            ],
            "name": "_02_Origin"
        },
        {
            "children": [
                2,
                24
            ],
            "matrix": [
                3.953626617203554e-7,
                0.03640815615653992,
                0.9993370175361632,
                0.0,
                -1.0,
                -0.000004439424628799316,
                5.573634780375869e-7,
                0.0,
                0.000004456773694982985,
                -0.9993370175361632,
                0.03640815615653992,
                0.0,
                0.0,
                0.3399053514003754,
                -0.05577027052640915,
                1.0
            ],
            "name": "_03_Waist"
        },
        {
            "children": [
                25
            ],
            "name": "_29_Spine1"
        },
        {
            "children": [
                36,
                31,
                26
            ],
            "matrix": [
                0.9653499722480774,
                1.0908826197919554e-7,
                -0.26095858216285708,
                0.0,
                -5.221761356644095e-10,
                1.0,
                4.160973503530841e-7,
                0.0,
                0.26095858216285708,
                -4.015433034965099e-7,
                0.9653499722480774,
                0.0,
                0.11650296300649645,
                3.696182628628447e-13,
                0.0,
                1.0
            ],
            "name": "_30_Spine2"
        },
        {
            "children": [
                27
            ],
            "matrix": [
                -0.08118677139282227,
                0.8380555510520935,
                0.5395105481147766,
                0.0,
                -0.2488456815481186,
                -0.5411986708641052,
                0.803230881690979,
                0.0,
                0.9651344418525696,
                -0.06904314458370209,
                0.25248467922210696,
                0.0,
                0.11667108535766602,
                0.07419746369123459,
                -0.031823404133319858,
                1.0
            ],
            "name": "_55_RShoulder"
        },
        {
            "children": [
                28
            ],
            "matrix": [
                0.5420823097229004,
                0.8402976989746094,
                -0.006820733658969402,
                0.0,
                -0.838056206703186,
                0.5411967635154724,
                0.06904983520507813,
                0.0,
                0.06171377748250961,
                -0.0317145399749279,
                0.9975898861885072,
                0.0,
                0.08947934955358505,
                1.211165852055274e-7,
                1.332283403598922e-7,
                1.0
            ],
            "name": "_56_RArm"
        },
        {
            "children": [
                29
            ],
            "matrix": [
                0.9917601346969605,
                -3.5586892590741555e-13,
                0.12810878455638886,
                0.0,
                -2.399574539069249e-9,
                1.0,
                1.857919507131101e-8,
                0.0,
                -0.12810878455638886,
                -1.8733512519020225e-8,
                0.9917601346969605,
                0.0,
                0.17394764721393586,
                1.2111659231095473e-8,
                -1.816750199168382e-7,
                1.0
            ],
            "name": "_57_RForeArm"
        },
        {
            "children": [
                30
            ],
            "matrix": [
                0.1654254645109177,
                0.000011631489542196505,
                0.9862222671508788,
                0.0,
                -0.003402289468795061,
                0.9999940395355224,
                0.0005588941858150065,
                0.0,
                -0.9862164258956908,
                -0.0034478690940886738,
                0.16542452573776246,
                0.0,
                0.15505054593086244,
                -2.422331846219095e-8,
                1.4534006709254758e-7,
                1.0
            ],
            "name": "_58_RHand"
        },
        {
            "matrix": [
                1.0,
                0.0,
                0.0,
                0.0,
                0.0,
                1.0,
                0.0,
                0.0,
                0.0,
                0.0,
                1.0,
                0.0,
                0.0537872426211834,
                1.2111659231095473e-8,
                -0.02134138345718384,
                1.0
            ],
            "name": "_60_RFinger"
        },
        {
            "children": [
                32
            ],
            "matrix": [
                -0.08118664473295212,
                -0.8380556106567383,
                0.5395104289054871,
                0.0,
                0.24884584546089173,
                -0.5411984920501709,
                -0.8032309412956238,
                0.0,
                0.9651344418525696,
                0.06904330104589462,
                0.2524847388267517,
                0.0,
                0.1166711375117302,
                -0.07419746369123459,
                -0.03182338178157807,
                1.0
            ],
            "name": "_48_LShoulder"
        },
        {
            "children": [
                33
            ],
            "matrix": [
                0.5420828461647034,
                -0.8402973413467407,
                -0.006820828188210726,
                0.0,
                0.8380558490753174,
                0.5411973595619202,
                -0.06904949992895127,
                0.0,
                0.06171352416276932,
                0.031714316457509997,
                0.997589945793152,
                0.0,
                0.08947911858558655,
                2.422331846219095e-8,
                -2.422331846219095e-8,
                1.0
            ],
            "name": "_49_LArm"
        },
        {
            "children": [
                34
            ],
            "matrix": [
                0.9917601346969605,
                -4.155529544601355e-13,
                0.12810879945755006,
                0.0,
                -1.3259266573584228e-8,
                1.0,
                1.0265045347068737e-7,
                0.0,
                -0.12810879945755006,
                -1.0350325396757398e-7,
                0.9917601346969605,
                0.0,
                0.17394784092903138,
                -2.422331846219095e-8,
                2.422331846219095e-8,
                1.0
            ],
            "name": "_50_LForeArm"
        },
        {
            "children": [
                35
            ],
            "matrix": [
                0.16542570292949677,
                -0.000001656503172853263,
                0.9862222671508788,
                0.0,
                0.0000016763954135967652,
                1.0,
                0.0000013984517863718793,
                0.0,
                -0.9862222671508788,
                0.0000014219585864339024,
                0.16542570292949677,
                0.0,
                0.15505047142505649,
                3.6334952824290677e-8,
                -4.844669021508708e-8,
                1.0
            ],
            "name": "_51_LHand"
        },
        {
            "matrix": [
                1.0,
                0.0,
                0.0,
                0.0,
                0.0,
                1.0,
                0.0,
                0.0,
                0.0,
                0.0,
                1.0,
                0.0,
                0.05378853902220726,
                0.0,
                -0.02134128287434578,
                1.0
            ],
            "name": "_53_LFinger"
        },
        {
            "children": [
                44,
                42,
                41,
                40,
                38,
                37
            ],
            "matrix": [
                0.9972611665725708,
                1.3737657411638796e-7,
                0.07396038621664047,
                0.0,
                -1.8247250466174595e-7,
                1.0,
                6.029737278367975e-7,
                0.0,
                -0.07396038621664047,
                -6.148180204945675e-7,
                0.9972611665725708,
                0.0,
                0.173190176486969,
                3.696182628628447e-13,
                -2.422331846219095e-8,
                1.0
            ],
            "name": "_31_Head"
        },
        {
            "matrix": [
                -0.4724345803260803,
                0.8507336974143982,
                -0.23034271597862245,
                0.0,
                -0.2223379909992218,
                0.13785825669765473,
                0.9651740193367004,
                0.0,
                0.852860689163208,
                0.5071955323219299,
                0.12402141839265824,
                0.0,
                0.20904038846492768,
                0.2086591869592667,
                0.009075415320694449,
                1.0
            ],
            "name": "_45_RFeeler1"
        },
        {
            "children": [
                39
            ],
            "matrix": [
                -0.23410698771476744,
                0.7671060562133789,
                -0.5972790122032166,
                0.0,
                -0.40362900495529177,
                0.4822147488594055,
                0.777529776096344,
                0.0,
                0.8844645619392395,
                0.42310428619384768,
                0.1967364102602005,
                0.0,
                0.12249736487865448,
                0.1802874356508255,
                -0.1294153332710266,
                1.0
            ],
            "name": "_42_REar1"
        },
        {
            "matrix": [
                1.0,
                0.0,
                0.0,
                0.0,
                0.0,
                1.0,
                0.0,
                0.0,
                0.0,
                0.0,
                1.0,
                0.0,
                0.10114455223083496,
                0.0000012111660225855304,
                -0.0000010173791906709085,
                1.0
            ],
            "name": "_43_REar2"
        },
        {
            "matrix": [
                0.9999873638153076,
                1.3418053868008429e-7,
                -0.00502195255830884,
                0.0,
                -1.337225654651775e-7,
                1.0,
                9.153200153377841e-8,
                0.0,
                0.00502195255830884,
                -9.08593023041249e-8,
                0.9999873638153076,
                0.0,
                0.43451523780822756,
                3.696182628628447e-13,
                -7.266990564858135e-8,
                1.0
            ],
            "name": "_40_Nose"
        },
        {
            "matrix": [
                -0.4724431335926056,
                -0.8507274985313416,
                -0.23034793138504029,
                0.0,
                0.22233372926712037,
                0.13786527514457704,
                -0.9651740193367004,
                0.0,
                0.8528570532798767,
                -0.5072039365768433,
                0.12401192635297777,
                0.0,
                0.2090408205986023,
                -0.20865923166275025,
                0.009076722897589209,
                1.0
            ],
            "name": "_37_LFeeler1"
        },
        {
            "children": [
                43
            ],
            "matrix": [
                -0.2341067939996719,
                -0.7671066522598267,
                -0.597278356552124,
                0.0,
                0.40362897515296938,
                0.4822141230106354,
                -0.7775301933288574,
                0.0,
                0.8844646215438843,
                -0.423103928565979,
                0.19673684239387513,
                0.0,
                0.12249606847763062,
                -0.1802874207496643,
                -0.1294146478176117,
                1.0
            ],
            "name": "_34_LEar1"
        },
        {
            "matrix": [
                1.0,
                0.0,
                0.0,
                0.0,
                0.0,
                1.0,
                0.0,
                0.0,
                0.0,
                0.0,
                1.0,
                0.0,
                0.10114488005638124,
                4.844669021508708e-8,
                2.422331846219095e-8,
                1.0
            ],
            "name": "_35_LEar2"
        },
        {
            "matrix": [
                0.23544511198997496,
                3.955725844662084e-7,
                0.9718876481056212,
                0.0,
                0.000002700916638787021,
                -1.0,
                -2.472970948019793e-7,
                0.0,
                0.9718876481056212,
                0.000002683212414922309,
                -0.23544511198997496,
                0.0,
                0.1754634529352188,
                1.8480938892943836e-13,
                0.04731684550642967,
                1.0
            ],
            "name": "_32_Jaw"
        }
    ],
    "meshes": [
        {
            "primitives": [
                {
                    "attributes": {
                        "COLOR_0": 1,
                        "JOINTS_0": 2,
                        "NORMAL": 3,
                        "POSITION": 4,
                        "TEXCOORD_0": 5,
                        "WEIGHTS_0": 6
                    },
                    "indices": 0,
                    "mode": 4,
                    "material": 0
                },
                {
                    "attributes": {
                        "COLOR_0": 8,
                        "JOINTS_0": 9,
                        "NORMAL": 10,
                        "POSITION": 11,
                        "TEXCOORD_0": 12,
                        "WEIGHTS_0": 13
                    },
                    "indices": 7,
                    "mode": 4,
                    "material": 1
                },
                {
                    "attributes": {
                        "COLOR_0": 15,
                        "JOINTS_0": 16,
                        "NORMAL": 17,
                        "POSITION": 18,
                        "TEXCOORD_0": 19,
                        "WEIGHTS_0": 20
                    },
                    "indices": 14,
                    "mode": 4,
                    "material": 2
                }
            ],
            "name": "Rattata_F"
        }
    ],
    "skins": [
        {
            "inverseBindMatrices": 21,
            "skeleton": 2,
            "joints": [
                25,
                36,
                44,
                38,
                39,
                42,
                43,
                40,
                2,
                15,
                16,
                24,
                9,
                10,
                31,
                32,
                33,
                26,
                27,
                28,
                29,
                30,
                34,
                35,
                17,
                18,
                19,
                20,
                11,
                12,
                13,
                14,
                6,
                7,
                8,
                5,
                4,
                3,
                37,
                41
            ],
            "name": "geom-Rattata_F-skin1"
        }
    ],
    "accessors": [
        {
            "bufferView": 0,
            "byteOffset": 0,
            "componentType": 5123,
            "count": 12174,
            "max": [
                2743
            ],
            "min": [
                0
            ],
            "type": "SCALAR"
        },
        {
            "bufferView": 1,
            "byteOffset": 0,
            "componentType": 5126,
            "count": 2744,
            "max": [
                1.0,
                1.0,
                1.0
            ],
            "min": [
                1.0,
                1.0,
                1.0
            ],
            "type": "VEC3"
        },
        {
            "bufferView": 2,
            "byteOffset": 0,
            "componentType": 5123,
            "count": 2744,
            "max": [
                39,
                39,
                37,
                37
            ],
            "min": [
                0,
                0,
                0,
                0
            ],
            "type": "VEC4"
        },
        {
            "bufferView": 1,
            "byteOffset": 32928,
            "componentType": 5126,
            "count": 2744,
            "max": [
                0.9999223351478576,
                0.9992269277572632,
                1.0
            ],
            "min": [
                -0.9999223351478576,
                -0.999916970729828,
                -0.9972094297409058
            ],
            "type": "VEC3"
        },
        {
            "bufferView": 1,
            "byteOffset": 65856,
            "componentType": 5126,
            "count": 2744,
            "max": [
                0.3524351418018341,
                0.7623327374458313,
                0.7145044803619385
            ],
            "min": [
                -0.3524351418018341,
                -0.01896081864833832,
                -1.507314920425415
            ],
            "type": "VEC3"
        },
        {
            "bufferView": 2,
            "byteOffset": 21952,
            "componentType": 5126,
            "count": 2744,
            "max": [
                0.9972398281097412,
                0.9943850040435792
            ],
            "min": [
                0.001914441934786737,
                0.008539021015167237
            ],
            "type": "VEC2"
        },
        {
            "bufferView": 3,
            "byteOffset": 0,
            "componentType": 5126,
            "count": 2744,
            "max": [
                1.0,
                0.9900000095367432,
                0.9300000071525574,
                0.6100000143051148
            ],
            "min": [
                0.009999999776482582,
                0.0,
                0.0,
                0.0
            ],
            "type": "VEC4"
        },
        {
            "bufferView": 0,
            "byteOffset": 24348,
            "componentType": 5123,
            "count": 420,
            "max": [
                89
            ],
            "min": [
                0
            ],
            "type": "SCALAR"
        },
        {
            "bufferView": 1,
            "byteOffset": 98784,
            "componentType": 5126,
            "count": 90,
            "max": [
                1.0,
                1.0,
                1.0
            ],
            "min": [
                1.0,
                1.0,
                1.0
            ],
            "type": "VEC3"
        },
        {
            "bufferView": 2,
            "byteOffset": 43904,
            "componentType": 5123,
            "count": 90,
            "max": [
                1,
                5,
                0,
                0
            ],
            "min": [
                1,
                0,
                0,
                0
            ],
            "type": "VEC4"
        },
        {
            "bufferView": 1,
            "byteOffset": 99864,
            "componentType": 5126,
            "count": 90,
            "max": [
                0.9338549375534058,
                0.8305041193962097,
                0.5564131140708923
            ],
            "min": [
                -0.9338555335998536,
                -0.08102235943078995,
                0.05437285080552101
            ],
            "type": "VEC3"
        },
        {
            "bufferView": 1,
            "byteOffset": 100944,
            "componentType": 5126,
            "count": 90,
            "max": [
                0.2333127111196518,
                0.6213144659996033,
                0.5794781446456909
            ],
            "min": [
                -0.2333126664161682,
                0.4387671947479248,
                0.3672560453414917
            ],
            "type": "VEC3"
        },
        {
            "bufferView": 2,
            "byteOffset": 44624,
            "componentType": 5126,
            "count": 90,
            "max": [
                0.9625012278556824,
                0.9523561000823976
            ],
            "min": [
                0.06671462208032608,
                0.03793919086456299
            ],
            "type": "VEC2"
        },
        {
            "bufferView": 3,
            "byteOffset": 43904,
            "componentType": 5126,
            "count": 90,
            "max": [
                1.0,
                0.04999999701976776,
                0.0,
                0.0
            ],
            "min": [
                0.949999988079071,
                0.0,
                0.0,
                0.0
            ],
            "type": "VEC4"
        },
        {
            "bufferView": 0,
            "byteOffset": 25188,
            "componentType": 5123,
            "count": 420,
            "max": [
                91
            ],
            "min": [
                0
            ],
            "type": "SCALAR"
        },
        {
            "bufferView": 1,
            "byteOffset": 102024,
            "componentType": 5126,
            "count": 92,
            "max": [
                1.0,
                1.0,
                1.0
            ],
            "min": [
                1.0,
                1.0,
                1.0
            ],
            "type": "VEC3"
        },
        {
            "bufferView": 2,
            "byteOffset": 45344,
            "componentType": 5123,
            "count": 92,
            "max": [
                1,
                5,
                0,
                0
            ],
            "min": [
                1,
                0,
                0,
                0
            ],
            "type": "VEC4"
        },
        {
            "bufferView": 1,
            "byteOffset": 103128,
            "componentType": 5126,
            "count": 92,
            "max": [
                0.9480149149894714,
                0.7391847372055054,
                0.5565519332885742
            ],
            "min": [
                -0.9479401111602784,
                -0.07955536991357804,
                0.0893624871969223
            ],
            "type": "VEC3"
        },
        {
            "bufferView": 1,
            "byteOffset": 104232,
            "componentType": 5126,
            "count": 92,
            "max": [
                0.2325766384601593,
                0.6204559206962586,
                0.5789015293121338
            ],
            "min": [
                -0.23257656395435337,
                0.43773597478866579,
                0.3668242394924164
            ],
            "type": "VEC3"
        },
        {
            "bufferView": 2,
            "byteOffset": 46080,
            "componentType": 5126,
            "count": 92,
            "max": [
                0.4922647178173065,
                0.2202402949333191
            ],
            "min": [
                0.005861698649823666,
                0.006131470203399658
            ],
            "type": "VEC2"
        },
        {
            "bufferView": 3,
            "byteOffset": 45344,
            "componentType": 5126,
            "count": 92,
            "max": [
                1.0,
                0.04999999701976776,
                0.0,
                0.0
            ],
            "min": [
                0.949999988079071,
                0.0,
                0.0,
                0.0
            ],
            "type": "VEC4"
        },
        {
            "bufferView": 4,
            "byteOffset": 0,
            "componentType": 5126,
            "count": 40,
            "max": [
                0.8507269024848938,
                1.0,
                0.5072035193443298,
                0.0,
                0.5294883847236633,
                0.990450382232666,
                0.9999998211860656,
                0.0,
                1.0,
                0.2187931686639786,
                0.9992889165878296,
                0.0,
                13.942529678344729,
                17.638259887695314,
                13.453169822692873,
                1.0
            ],
            "min": [
                -0.850734531879425,
                -1.0,
                -0.5071961283683777,
                0.0,
                -0.9992887377738952,
                -0.9904528856277466,
                -0.999989926815033,
                0.0,
                -0.9999998211860656,
                -0.2187930792570114,
                -4.3711391839451617e-8,
                0.0,
                -52.227989196777347,
                -17.638179779052736,
                -21.202638626098634,
                1.0
            ],
            "type": "MAT4"
        }
    ],
    "materials": [
        {
            "pbrMetallicRoughness": {
                "baseColorFactor": [
                    1.0,
                    1.0,
                    1.0,
                    1.0
                ],
                "baseColorTexture": {
                    "index": 0
                },
                "metallicFactor": 0.0
            },
            "emissiveFactor": [
                0.0,
                0.0,
                0.0
            ],
            "occlusionTexture": {
                "index": 0
            },
            "name": "Body00"
        },
        {
            "pbrMetallicRoughness": {
                "baseColorTexture": {
                    "index": 1
                },
                "metallicFactor": 0.0
            },
            "emissiveFactor": [
                0.0,
                0.0,
                0.0
            ],
            "occlusionTexture": {
                "index": 1
            },
            "name": "RIris"
        },
        {
            "pbrMetallicRoughness": {
                "baseColorFactor": [
                    1.0,
                    1.0,
