{
    "asset": {
        "generator": "COLLADA2GLTF",
        "version": "2.0"
    },
    "scenes": [
        {
            "nodes": [
                0
            ]
        }
    ],
    "scene": 0,
    "nodes": [
        {
            "children": [
                46,
                1
            ],
            "matrix": [
                1.0,
                0.0,
                0.0,
                0.0,
                0.0,
                0.0,
                -1.0,
                0.0,
                0.0,
                1.0,
                0.0,
                0.0,
                0.0,
                0.0,
                0.0,
                1.0
            ],
            "name": "Z_UP"
        },
        {
            "mesh": 0,
            "skin": 0,
            "name": "Graveler"
        },
        {
            "children": [
                45,
                36,
                27,
                24,
                15,
                6,
                3
            ],
            "matrix": [
                -0.000003728380534084863,
                1.0,
                0.0,
                0.0,
                -1.0,
                -0.000003728380534084863,
                0.0,
                0.0,
                0.0,
                0.0,
                1.0,
                0.0,
                0.0,
                1.076906681060791,
                0.02111915871500969,
                1.0
            ],
            "name": "_03_Waist"
        },
        {
            "children": [
                4
            ],
            "matrix": [
                -0.975543975830078,
                0.000003406872110645054,
                -0.21980445086956025,
                0.0,
                -0.000003474703362371656,
                -1.0,
                -7.800648660349907e-8,
                0.0,
                -0.21980445086956025,
                6.876564953017805e-7,
                0.975543975830078,
                0.0,
                -0.5034254789352417,
                0.445909708738327,
                -0.001917419955134392,
                1.0
            ],
            "name": "_64_RThigh"
        },
        {
            "children": [
                5
            ],
            "matrix": [
                -0.21980367600917817,
                0.0000015721509498689557,
                0.9755441546440125,
                0.0,
                0.0000011052692343582749,
                1.0,
                -0.0000013625306110043312,
                0.0,
                -0.9755441546440125,
                7.787496656419535e-7,
                -0.21980367600917817,
                0.0,
                0.3954195976257324,
                9.689338043017418e-8,
                6.055842760588348e-8,
                1.0
            ],
            "name": "_65_RFoot"
        },
        {
            "matrix": [
                1.0,
                0.0,
                0.0,
                0.0,
                0.0,
                1.0,
                0.0,
                0.0,
                0.0,
                0.0,
                1.0,
                0.0,
                0.4061739444732666,
                0.0,
                -0.11163096129894257,
                1.0
            ],
            "name": "_67_RToe"
        },
        {
            "children": [
                7
            ],
            "matrix": [
                -0.0000016525195860594977,
                0.494888573884964,
                0.868956446647644,
                0.0,
                0.000006888510597491404,
                -0.868956446647644,
                0.494888573884964,
                0.0,
                1.0,
                0.000006803628821216989,
                -0.0000019730778149096297,
                0.0,
                -0.00422057555988431,
                0.7818958163261414,
                0.5236565470695496,
                1.0
            ],
            "name": "_51_RArm2"
        },
        {
            "children": [
                8
            ],
            "matrix": [
                1.0,
                0.0,
                0.0,
                0.0,
                0.0,
                1.0,
                0.0,
                0.0,
                0.0,
                0.0,
                1.0,
                0.0,
                0.4089780747890473,
                4.844669092562981e-7,
                0.0,
                1.0
            ],
            "name": "_52_RForeArm2"
        },
        {
            "children": [
                13,
                11,
                9
            ],
            "matrix": [
                1.0,
                0.0,
                0.0,
                0.0,
                0.0,
                1.0,
                0.0,
                0.0,
                0.0,
                0.0,
                1.0,
                0.0,
                0.37448516488075259,
                -2.422331988327642e-7,
                0.0,
                1.0
            ],
            "name": "_53_RHand2"
        },
        {
            "children": [
                10
            ],
            "matrix": [
                0.8227183818817139,
                0.4623262882232666,
                0.33073994517326357,
                0.0,
                0.3674771785736084,
                -0.8764674067497253,
                0.31107133626937868,
                0.0,
                0.43369922041893008,
                -0.13438472151756288,
                -0.8909801840782166,
                0.0,
                0.05213520303368569,
                0.14084087312221528,
                0.1252729743719101,
                1.0
            ],
            "name": "_61_RFingerF1"
        },
        {
            "matrix": [
                0.9277033805847168,
                7.267422006407287e-7,
                0.3733181655406952,
                0.0,
                -0.009353604167699814,
                0.9996861219406128,
                0.023241953924298288,
                0.0,
                -0.3732009530067444,
                -0.025053508579730989,
                0.927412211894989,
                0.0,
                0.17391204833984376,
                5.813602683701902e-7,
                0.0000015502940868827864,
                1.0
            ],
            "name": "_62_RFingerF2"
        },
        {
            "children": [
                12
            ],
            "matrix": [
                0.9714057445526124,
                0.22963514924049376,
                -0.060320816934108737,
                0.0,
                -0.05994807183742523,
                -0.008605800569057465,
                -0.9981644153594972,
                0.0,
                -0.22973275184631349,
                0.9732387065887452,
                0.005406460724771023,
                0.0,
                0.243000864982605,
                -0.02459830418229103,
                -0.20472866296768189,
                1.0
            ],
            "name": "_58_RFingerE1"
        },
        {
            "matrix": [
                0.9835545420646668,
                0.0014453440671786666,
                0.180605486035347,
                0.0,
                -0.0014695090940222145,
                0.999998927116394,
                -7.014140934735734e-10,
                0.0,
                -0.1806052923202515,
                -0.0002654007403180003,
                0.9835556149482728,
                0.0,
                0.1608901768922806,
                3.875735217206966e-7,
                -0.0000014534006140820566,
                1.0
            ],
            "name": "_59_RFingerE2"
        },
        {
            "children": [
                14
            ],
            "matrix": [
                0.9632982611656188,
                0.2497864216566086,
                -0.09830138087272644,
                0.0,
                -0.09273207932710648,
                -0.03399738669395447,
                -0.9951105117797852,
                0.0,
                -0.251907080411911,
                0.967703938484192,
                -0.00958640780299902,
                0.0,
                0.24789629876613618,
                -0.025741729885339738,
                0.0468960702419281,
                1.0
            ],
            "name": "_55_RFingerD1"
        },
        {
            "matrix": [
                0.9858842492103576,
                -0.000028685963116004133,
                0.16742826998233796,
                0.0,
                0.000029175906092859809,
                1.0,
                -4.6649043383695256e-7,
                0.0,
                -0.16742826998233796,
                0.000005344777036953019,
                0.9858842492103576,
                0.0,
                0.1491777002811432,
                0.0000016471873323098408,
                -3.875735217206966e-7,
                1.0
            ],
            "name": "_56_RFingerD2"
        },
        {
            "children": [
                16
            ],
            "matrix": [
                -0.000003728380534084863,
                1.0,
                -2.0305096533197542e-20,
                0.0,
                -1.0,
                -0.000003728380534084863,
                -1.7763563100046585e-15,
                0.0,
                -1.7763563100046585e-15,
                1.3682163483279484e-20,
                1.0,
                0.0,
                0.7069277167320252,
                0.8717023134231567,
                -0.15956886112689973,
                1.0
            ],
            "name": "_38_RArm"
        },
        {
            "children": [
                17
            ],
            "matrix": [
                1.0,
                0.0,
                0.0,
                0.0,
                0.0,
                1.0,
                0.0,
                0.0,
                0.0,
                0.0,
                1.0,
                0.0,
                0.7908340692520142,
                3.875735217206966e-7,
                0.0,
                1.0
            ],
            "name": "_39_RForeArm"
        },
        {
            "children": [
                22,
                20,
                18
            ],
            "matrix": [
                1.0,
                0.0,
                0.0,
                0.0,
                0.0,
                1.0,
                0.0,
                0.0,
                0.0,
                0.0,
                1.0,
                0.0,
                0.6464045643806458,
                0.0,
                0.0,
                1.0
            ],
            "name": "_40_RHand"
        },
        {
            "children": [
                19
            ],
            "matrix": [
                0.8555961847305298,
                0.4330457150936127,
                0.28359583020210268,
                0.0,
                0.30890312790870669,
                -0.866750180721283,
                0.3915647268295288,
                0.0,
                0.41537216305732729,
                -0.2474176436662674,
                -0.8753573298454285,
                0.0,
                0.2718767523765564,
                0.23939749598503114,
                0.27381452918052676,
                1.0
            ],
            "name": "_48_RFingerC1"
        },
        {
            "matrix": [
                0.9979076385498048,
                -0.0001960163936018944,
                0.06465499103069306,
                0.0,
                0.00019641754624899477,
                1.0,
                1.5166725120252526e-7,
                0.0,
                -0.06465499103069306,
                0.00001254802555195056,
                0.9979076981544496,
                0.0,
                0.2737103998661041,
                0.000002325438572370331,
                0.000002228545099569601,
                1.0
            ],
            "name": "_49_RFingerC2"
        },
        {
            "children": [
                21
            ],
            "matrix": [
                0.9989866614341736,
                0.04500679299235344,
                -6.852317602223933e-10,
                0.0,
                1.7949949437934268e-7,
                -0.000003999459295300767,
                -1.0,
                0.0,
                -0.04500679299235344,
                0.9989866614341736,
                -0.000004003485173598165,
                0.0,
                0.5161226391792297,
                -0.12397480756044388,
                -0.1573789119720459,
                1.0
            ],
            "name": "_45_RFingerB1"
        },
        {
            "matrix": [
                0.990596115589142,
                -3.4019096269372407e-14,
                0.1368185132741928,
                0.0,
                -5.969423000351526e-8,
                1.0,
                4.321995561440417e-7,
                0.0,
                -0.1368185132741928,
                -4.363024856957054e-7,
                0.990596115589142,
                0.0,
                0.2235187143087387,
                4.844669021508708e-8,
                5.813602683701902e-7,
                1.0
            ],
            "name": "_46_RFingerB2"
        },
        {
            "children": [
                23
            ],
            "matrix": [
                0.998928725719452,
                0.0462748147547245,
                -1.6342047715056652e-9,
                0.0,
                1.618219442889313e-7,
                -0.0000035285459034639645,
                -1.0,
                0.0,
                -0.0462748147547245,
                0.998928725719452,
                -0.000003532254140736768,
                0.0,
                0.5219395160675049,
                -0.1236599013209343,
                0.16060671210289002,
                1.0
            ],
            "name": "_42_RFingerA1"
        },
        {
            "matrix": [
                0.9922172427177428,
                -3.016549870001528e-15,
                0.12451906502246857,
                0.0,
                -2.3423533335176218e-8,
                1.0,
                1.8664800904844018e-7,
                0.0,
                -0.12451906502246857,
                -1.8811203972290969e-7,
                0.9922172427177428,
                0.0,
                0.2173522412776947,
                1.5139567377531194e-9,
                -0.0000021316518541425468,
                1.0
            ],
            "name": "_43_RFingerA2"
        },
        {
            "children": [
                25
            ],
            "matrix": [
                -0.975543975830078,
                -0.000001824784135351365,
                -0.21980445086956025,
                0.0,
                0.0000018809540733855104,
                -1.0,
                -4.6265064668205017e-8,
                0.0,
                -0.21980445086956025,
                -4.585756983033207e-7,
                0.975543975830078,
                0.0,
                -0.5034254789352417,
                -0.445909708738327,
                -0.001917419955134392,
                1.0
            ],
            "name": "_33_LThigh"
        },
        {
            "children": [
                26
            ],
            "matrix": [
                -0.2198028862476349,
                0.0000015699432651672396,
                0.9755443334579468,
                0.0,
                0.012048851698637009,
                0.9999237060546876,
                0.002713154535740614,
                0.0,
                -0.9754698872566224,
                0.01235054712742567,
                -0.219786137342453,
                0.0,
                0.3954195976257324,
                0.0,
                1.2111659231095473e-8,
                1.0
            ],
            "name": "_34_LFoot"
        },
        {
            "matrix": [
                1.0,
                0.0,
                0.0,
                0.0,
                0.0,
                1.0,
                0.0,
                0.0,
                0.0,
                0.0,
                1.0,
                0.0,
                0.4061739444732666,
                4.844669021508708e-8,
                -0.11163093894720078,
                1.0
            ],
            "name": "_36_LToe"
        },
        {
            "children": [
                28
            ],
            "matrix": [
                -0.0000014509001857732074,
                -0.4948884248733521,
                0.8689565062522888,
                0.0,
                -0.000006774831035727402,
                -0.8689565062522888,
                -0.4948884248733521,
                0.0,
                1.0,
                -0.000006605067483178573,
                -0.0000020920165297866339,
                0.0,
                -0.00422057555988431,
                -0.7818958163261414,
                0.5236591100692749,
                1.0
            ],
            "name": "_20_LArm2"
        },
        {
            "children": [
                29
            ],
            "matrix": [
                1.0,
                0.0,
                0.0,
                0.0,
                0.0,
                1.0,
                0.0,
                0.0,
                0.0,
                0.0,
                1.0,
                0.0,
                0.4089755713939667,
                -9.689338043017418e-8,
                0.0,
                1.0
            ],
            "name": "_21_LForeArm2"
        },
        {
            "children": [
                34,
                32,
                30
            ],
            "matrix": [
                1.0,
                0.0,
                0.0,
                0.0,
                0.0,
                1.0,
                0.0,
                0.0,
                0.0,
                0.0,
                1.0,
                0.0,
                0.3744874298572541,
                1.9378650506496346e-7,
                9.689338043017418e-8,
                1.0
            ],
            "name": "_22_LHand2"
        },
        {
            "children": [
                31
            ],
            "matrix": [
                0.8227182030677795,
                -0.4623258113861084,
                0.33074092864990237,
                0.0,
                -0.3674764931201935,
                -0.8764677047729492,
                -0.3110714256763458,
                0.0,
                0.4337000846862793,
                0.1343846172094345,
                -0.8909798264503479,
                0.0,
                0.05213461816310883,
                -0.14084145426750184,
                0.12527211010456086,
                1.0
            ],
            "name": "_30_LFingerF1"
        },
        {
            "matrix": [
                0.9277033805847168,
                -5.388701929120998e-9,
                0.3733181357383728,
                0.0,
                0.009353016503155232,
                0.9996861219406128,
                -0.02324242703616619,
                0.0,
                -0.3732009530067444,
                0.0250537283718586,
                0.9274121522903442,
                0.0,
                0.1739122569561005,
                2.906801341850951e-7,
                0.0,
                1.0
            ],
            "name": "_31_LFingerF2"
        },
        {
            "children": [
                33
            ],
            "matrix": [
                0.9714058041572572,
                -0.2296348661184311,
                -0.06032085046172142,
                0.0,
                0.05994812771677971,
                -0.008605696260929108,
                0.9981644153594972,
                0.0,
                -0.2297324538230896,
                -0.9732388257980348,
                0.005406556650996208,
                0.0,
                0.2430006712675095,
                0.02459791488945484,
                -0.20472945272922517,
                1.0
            ],
            "name": "_27_LFingerE1"
        },
        {
            "matrix": [
                0.9835545420646668,
                -0.0014454479096457365,
                0.180605486035347,
                0.0,
                0.0014695919817313552,
                0.999998927116394,
                1.2461232756777466e-7,
                0.0,
                -0.1806052923202515,
                0.0002652938128449023,
                0.9835556149482728,
                0.0,
                0.1608874648809433,
                1.9378650506496346e-7,
                9.689338043017418e-8,
                1.0
            ],
            "name": "_28_LFingerE2"
        },
        {
            "children": [
                35
            ],
            "matrix": [
                0.9632983207702636,
                -0.24978616833686829,
                -0.09830144047737122,
                0.0,
                0.09273210167884828,
                -0.033997539430856708,
                0.9951105117797852,
                0.0,
                -0.2519068419933319,
                -0.9677039980888368,
                -0.009586579166352748,
                0.0,
                0.2478937804698944,
                0.02574107050895691,
                0.046894900500774387,
                1.0
            ],
            "name": "_24_LFingerD1"
        },
        {
            "matrix": [
                0.9858841896057128,
                0.00002874999336199835,
                0.16742876172065736,
                0.0,
                -0.00002918605059676338,
                1.0,
                1.4377690149558479e-7,
                0.0,
                -0.16742876172065736,
                -0.000005028331543144304,
                0.9858841896057128,
                0.0,
                0.14918003976345066,
                9.689338043017418e-8,
                9.689338043017418e-8,
                1.0
            ],
            "name": "_25_LFingerD2"
        },
        {
            "children": [
                37
            ],
            "matrix": [
                -0.000003994696726294933,
                -1.0,
                -7.095993926386723e-21,
                0.0,
                1.0,
                -0.000003994696726294933,
                3.55270711429516e-15,
                0.0,
                -3.55270711429516e-15,
                7.095993926386723e-21,
                1.0,
                0.0,
                0.7069271802902222,
                -0.8717023134231567,
                -0.15956886112689973,
                1.0
            ],
            "name": "_07_LArm"
        },
        {
            "children": [
                38
            ],
            "matrix": [
                1.0,
                0.0,
                0.0,
                0.0,
                0.0,
                1.0,
                0.0,
                0.0,
                0.0,
                0.0,
                1.0,
                0.0,
                0.7908340692520142,
                0.0,
                0.0,
                1.0
            ],
            "name": "_08_LForeArm"
        },
        {
            "children": [
                43,
                41,
                39
            ],
            "matrix": [
                1.0,
                0.0,
                0.0,
                0.0,
                0.0,
                1.0,
                0.0,
                0.0,
                0.0,
                0.0,
                1.0,
                0.0,
                0.6464043259620667,
                0.0,
                0.0,
                1.0
            ],
            "name": "_09_LHand"
        },
        {
            "children": [
                40
            ],
            "matrix": [
                0.8555961847305298,
                -0.4330457150936127,
                0.28359583020210268,
                0.0,
                -0.30890312790870669,
                -0.866750180721283,
                -0.3915647268295288,
                0.0,
                0.41537216305732729,
                0.2474176436662674,
                -0.8753573298454285,
                0.0,
                0.2718717157840729,
                -0.23939624428749085,
                0.27381452918052676,
                1.0
            ],
            "name": "_17_LFingerC1"
        },
        {
            "matrix": [
                0.9979076385498048,
                0.00019585690461099148,
                0.06465497612953186,
                0.0,
                -0.00019627745496109128,
                1.0,
                1.527926229982768e-7,
                0.0,
                -0.06465497612953186,
                -0.000012842787327826956,
                0.9979076981544496,
                0.0,
                0.2737075984477997,
                -1.9378650506496346e-7,
                -9.689338043017418e-8,
                1.0
            ],
            "name": "_18_LFingerC2"
        },
        {
            "children": [
                42
            ],
            "matrix": [
                0.9989866614341736,
                -0.04500680789351463,
                5.317183138231485e-9,
                0.0,
                -1.734970567213168e-7,
                -0.000003732859113370069,
                1.0,
                0.0,
                -0.04500680789351463,
                -0.9989866614341736,
                -0.0000037368849916674664,
                0.0,
                0.5161181092262268,
                0.12397422641515732,
                -0.15737992525100709,
                1.0
            ],
            "name": "_14_LFingerB1"
        },
        {
            "matrix": [
                0.990596115589142,
                -3.733099721071908e-16,
                0.1368185132741928,
                0.0,
                -1.851638842254033e-8,
                1.0,
                1.3406273069449529e-7,
                0.0,
                -0.1368185132741928,
                -1.353353979993699e-7,
                0.990596115589142,
                0.0,
                0.22353442013263706,
                -4.844669021508708e-8,
                3.875735217206966e-7,
                1.0
            ],
            "name": "_15_LFingerB2"
        },
        {
            "children": [
                44
            ],
            "matrix": [
                0.998928725719452,
                -0.0462748147547245,
                -1.6342047715056652e-9,
                0.0,
                -1.618219442889313e-7,
                -0.0000035285459034639645,
                1.0,
                0.0,
                -0.0462748147547245,
                -0.998928725719452,
                -0.000003532254140736768,
                0.0,
                0.5219323635101318,
                0.1236606538295746,
                0.16060671210289002,
                1.0
            ],
            "name": "_11_LFingerA1"
        },
        {
            "matrix": [
                0.9922172427177428,
                3.406731954912548e-14,
                0.12451906502246857,
                0.0,
                -2.418986255747768e-8,
                1.0,
                1.9275412910246818e-7,
                0.0,
                -0.12451906502246857,
                -1.9426606456818266e-7,
                0.9922172427177428,
                0.0,
                0.2173568904399872,
                -3.0279085905249305e-9,
                -7.751470434413932e-7,
                1.0
            ],
            "name": "_12_LFingerA2"
        },
        {
            "matrix": [
                -0.17029286921024326,
                5.684164534613956e-7,
                0.9853934645652772,
                0.0,
                0.000005687220436811913,
                1.0,
                4.060069613842643e-7,
                0.0,
                -0.9853934645652772,
                0.000005673290161212208,
                -0.17029286921024326,
                0.0,
                0.1778419464826584,
                3.887495125809437e-8,
                0.7167574763298035,
                1.0
            ],
            "name": "_05_Jaw"
        },
        {
            "children": [
                47
            ],
            "matrix": [
                1.0,
                -0.0,
                0.0,
                0.0,
                0.0,
                4.4896641959724089e-11,
                1.0,
                0.0,
                -0.0,
                -1.0,
                4.4896641959724089e-11,
                0.0,
                0.0,
                0.0,
                0.0,
                1.0
            ],
            "name": "_01_pm0075_00"
        },
        {
            "children": [
                2
            ],
            "name": "_02_Origin"
        }
    ],
    "meshes": [
        {
            "primitives": [
                {
                    "attributes": {
                        "COLOR_0": 1,
                        "JOINTS_0": 2,
                        "NORMAL": 3,
                        "POSITION": 4,
                        "TEXCOORD_0": 5,
                        "WEIGHTS_0": 6
                    },
                    "indices": 0,
                    "mode": 4,
                    "material": 0
                },
                {
                    "attributes": {
                        "COLOR_0": 8,
                        "JOINTS_0": 9,
                        "NORMAL": 10,
                        "POSITION": 11,
                        "TEXCOORD_0": 12,
                        "WEIGHTS_0": 13
                    },
                    "indices": 7,
                    "mode": 4,
                    "material": 1
                },
                {
                    "attributes": {
                        "COLOR_0": 15,
                        "JOINTS_0": 16,
                        "NORMAL": 17,
                        "POSITION": 18,
                        "TEXCOORD_0": 19,
                        "WEIGHTS_0": 20
                    },
                    "indices": 14,
                    "mode": 4,
                    "material": 2
                }
            ],
            "name": "Graveler"
        }
    ],
    "skins": [
        {
            "inverseBindMatrices": 21,
            "skeleton": 2,
            "joints": [
                2,
                3,
                4,
                5,
                25,
                26,
                24,
                15,
                16,
                36,
                37,
                13,
                14,
                8,
                11,
                7,
                9,
                12,
                6,
                10,
                29,
                34,
                32,
                28,
                35,
                30,
                33,
                27,
                31,
                45,
                38,
                17,
                41,
                42,
                43,
                44,
                39,
                40,
                22,
                18,
                23,
                20,
                21,
                19
            ],
            "name": "geom-Graveler-skin1"
        }
    ],
    "accessors": [
        {
            "bufferView": 0,
            "byteOffset": 0,
            "componentType": 5123,
            "count": 432,
            "max": [
                88
            ],
            "min": [
                0
            ],
            "type": "SCALAR"
        },
        {
            "bufferView": 1,
            "byteOffset": 0,
            "componentType": 5126,
            "count": 89,
            "max": [
                1.0,
                1.0,
                1.0
            ],
            "min": [
                1.0,
                1.0,
                1.0
            ],
            "type": "VEC3"
        },
        {
            "bufferView": 2,
            "byteOffset": 0,
            "componentType": 5123,
            "count": 89,
            "max": [
                0,
                0,
                0,
                0
            ],
            "min": [
                0,
                0,
                0,
                0
            ],
            "type": "VEC4"
        },
        {
            "bufferView": 1,
            "byteOffset": 1068,
            "componentType": 5126,
            "count": 89,
            "max": [
                0.571047306060791,
                0.5657004714012146,
                0.9994630217552184
            ],
            "min": [
                -0.5710539221763611,
                -0.6608924269676209,
                0.698405385017395
            ],
            "type": "VEC3"
        },
        {
            "bufferView": 1,
            "byteOffset": 2136,
            "componentType": 5126,
            "count": 89,
            "max": [
                0.44359830021858218,
                1.647921442985535,
                1.1562994718551636
            ],
            "min": [
                -0.44359830021858218,
                1.344698786735535,
                1.01833176612854
            ],
            "type": "VEC3"
        },
        {
            "bufferView": 2,
            "byteOffset": 712,
            "componentType": 5126,
            "count": 89,
            "max": [
                0.495498389005661,
                0.18705207109451298
            ],
            "min": [
                0.00501212477684021,
                0.019932091236114507
            ],
            "type": "VEC2"
        },
        {
            "bufferView": 3,
            "byteOffset": 0,
            "componentType": 5126,
            "count": 89,
            "max": [
                1.0,
                0.0,
                0.0,
                0.0
            ],
            "min": [
                1.0,
                0.0,
                0.0,
                0.0
            ],
            "type": "VEC4"
        },
        {
            "bufferView": 0,
            "byteOffset": 864,
            "componentType": 5123,
            "count": 7743,
            "max": [
                1853
            ],
            "min": [
                0
            ],
            "type": "SCALAR"
        },
        {
            "bufferView": 1,
            "byteOffset": 3204,
            "componentType": 5126,
            "count": 1854,
            "max": [
                1.0,
                1.0,
                1.0
            ],
            "min": [
                1.0,
                1.0,
                1.0
            ],
            "type": "VEC3"
        },
        {
            "bufferView": 2,
            "byteOffset": 1424,
            "componentType": 5123,
            "count": 1854,
            "max": [
                43,
                43,
                41,
                0
            ],
            "min": [
                0,
                0,
                0,
                0
            ],
            "type": "VEC4"
        },
        {
            "bufferView": 1,
            "byteOffset": 25452,
            "componentType": 5126,
            "count": 1854,
            "max": [
                0.9990906715393066,
                0.9980645179748536,
                0.998748779296875
            ],
            "min": [
                -0.9990906715393066,
                -1.0,
                -0.9998146891593932
            ],
            "type": "VEC3"
        },
        {
            "bufferView": 1,
            "byteOffset": 47700,
            "componentType": 5126,
            "count": 1854,
            "max": [
                3.263087272644043,
                2.081756114959717,
                1.7221225500106812
            ],
            "min": [
                -3.263087272644043,
                -5.3421278067844478e-8,
                -0.48562514781951907
            ],
            "type": "VEC3"
        },
        {
            "bufferView": 2,
            "byteOffset": 16256,
            "componentType": 5126,
            "count": 1854,
            "max": [
                0.9935911297798156,
                0.9959818720817566
            ],
            "min": [
                0.007812479045242071,
                0.006066024303436279
            ],
            "type": "VEC2"
        },
        {
            "bufferView": 3,
            "byteOffset": 1424,
            "componentType": 5126,
            "count": 1854,
            "max": [
                1.0,
                0.9900000095367432,
                0.8600000143051148,
                0.0
            ],
            "min": [
                0.009999999776482582,
                0.0,
                0.0,
                0.0
            ],
            "type": "VEC4"
        },
        {
            "bufferView": 0,
            "byteOffset": 16350,
            "componentType": 5123,
            "count": 7317,
            "max": [
                1715
            ],
            "min": [
                0
            ],
            "type": "SCALAR"
        },
        {
            "bufferView": 1,
            "byteOffset": 69948,
            "componentType": 5126,
            "count": 1716,
            "max": [
                1.0,
                1.0,
                1.0
            ],
            "min": [
                1.0,
                1.0,
                1.0
            ],
            "type": "VEC3"
        },
        {
            "bufferView": 2,
            "byteOffset": 31088,
            "componentType": 5123,
            "count": 1716,
            "max": [
                29,
                29,
                6,
                0
            ],
            "min": [
                0,
                0,
                0,
                0
            ],
            "type": "VEC4"
        },
        {
            "bufferView": 1,
            "byteOffset": 90540,
            "componentType": 5126,
            "count": 1716,
            "max": [
                0.9979233145713806,
                0.9999291896820068,
                0.9976984262466432
            ],
            "min": [
                -0.9974573254585266,
                -0.9997541904449464,
                -0.99983149766922
            ],
            "type": "VEC3"
        },
        {
            "bufferView": 1,
            "byteOffset": 111132,
            "componentType": 5126,
            "count": 1716,
            "max": [
                1.1567515134811402,
                2.492067575454712,
                1.14151668548584
            ],
            "min": [
                -1.1713210344314576,
                0.2636977136135102,
                -1.1034371852874756
            ],
            "type": "VEC3"
        },
        {
            "bufferView": 2,
            "byteOffset": 44816,
            "componentType": 5126,
            "count": 1716,
            "max": [
                0.9921879768371582,
                -0.007179975509643555
            ],
            "min": [
                0.00625459011644125,
                -0.9922300577163696
            ],
            "type": "VEC2"
        },
        {
            "bufferView": 3,
            "byteOffset": 31088,
            "componentType": 5126,
            "count": 1716,
            "max": [
                1.0,
                0.9900000095367432,
                0.07000000029802323,
                0.0
            ],
            "min": [
                0.009999999776482582,
                0.0,
                0.0,
                0.0
            ],
            "type": "VEC4"
        },
        {
            "bufferView": 4,
            "byteOffset": 0,
            "componentType": 5126,
            "count": 44,
            "max": [
                1.0,
