{
    "asset": {
        "generator": "COLLADA2GLTF",
        "version": "2.0"
    },
    "scenes": [
        {
            "nodes": [
                0
            ]
        }
    ],
    "scene": 0,
    "nodes": [
        {
            "children": [
                9,
                1
            ],
            "matrix": [
                1.0,
                0.0,
                0.0,
                0.0,
                0.0,
                0.0,
                -1.0,
                0.0,
                0.0,
                1.0,
                0.0,
                0.0,
                0.0,
                0.0,
                0.0,
                1.0
            ],
            "name": "Z_UP"
        },
        {
            "mesh": 0,
            "skin": 0,
            "name": "ButterfreeF"
        },
        {
            "children": [
                6,
                3
            ],
            "matrix": [
                -0.99852055311203,
                -8.975996335092161e-11,
                0.05437588319182396,
                0.0,
                8.975996335092161e-11,
                -1.0,
                -2.4421953175035593e-12,
                0.0,
                0.05437588319182396,
                2.4421953175035593e-12,
                0.99852055311203,
                0.0,
                0.0,
                0.0,
                0.0,
                1.0
            ],
            "name": "Hips"
        },
        {
            "children": [
                4
            ],
            "matrix": [
                1.0,
                0.0,
                0.0,
                0.0,
                0.0,
                1.0,
                0.0,
                0.0,
                0.0,
                0.0,
                1.0,
                0.0,
                0.12265710532665253,
                0.13625651597976685,
                0.0030597348231822258,
                1.0
            ],
            "name": "LThigh"
        },
        {
            "children": [
                5
            ],
            "matrix": [
                0.09559046477079392,
                0.0,
                0.9954207539558412,
                0.0,
                0.0,
                1.0,
                0.0,
                0.0,
                -0.9954207539558412,
                0.0,
                0.09559046477079392,
                0.0,
                0.1928980052471161,
                0.0,
                0.0,
                1.0
            ],
            "name": "LFoot"
        },
        {
            "matrix": [
                0.9954208731651306,
                0.000002052488298431854,
                0.09558887779712676,
                0.0,
                0.002237273845821619,
                0.999725580215454,
                -0.023319460451602937,
                0.0,
                -0.09556268900632858,
                0.023426536470651628,
                0.995147705078125,
                0.0,
                0.2864561080932617,
                0.0,
                -2.794000124595186e-7,
                1.0
            ],
            "name": "LToe"
        },
        {
            "children": [
                7
            ],
            "matrix": [
                1.0,
                0.0,
                0.0,
                0.0,
                0.0,
                1.0,
                0.0,
                0.0,
                0.0,
                0.0,
                1.0,
                0.0,
                0.12265685200691225,
                -0.13625651597976685,
                0.0030597348231822258,
                1.0
            ],
            "name": "RThigh"
        },
        {
            "children": [
                8
            ],
            "matrix": [
                0.09559046477079392,
                0.0,
                0.9954207539558412,
                0.0,
                0.0,
                1.0,
                0.0,
                0.0,
                -0.9954207539558412,
                0.0,
                0.09559046477079392,
                0.0,
                0.1928977519273758,
                0.0,
                0.0,
                1.0
            ],
            "name": "RFoot"
        },
        {
            "matrix": [
                0.9954209923744202,
                0.0000019366020751476759,
                0.09558788686990738,
                0.0,
                -0.0010796765564009548,
                0.9999364614486694,
                0.01122314017266035,
                0.0,
                -0.0955817922949791,
                -0.011274953372776509,
                0.9953577518463136,
                0.0,
                0.2864561080932617,
                0.0,
                -0.000002108199851136306,
                1.0
            ],
            "name": "RToe"
        },
        {
            "children": [
                10
            ],
            "matrix": [
                1.0,
                0.0,
                0.0,
                0.0,
                0.0,
                4.4896641959724089e-11,
                1.0,
                0.0,
                0.0,
                -1.0,
                4.4896641959724089e-11,
                0.0,
                0.0,
                0.0,
                0.0,
                1.0
            ],
            "name": "pm0012_00_butterfree"
        },
        {
            "children": [
                11
            ],
            "name": "Origin"
        },
        {
            "children": [
                12,
                2
            ],
            "matrix": [
                -0.0000036851822642347544,
                0.99852055311203,
                0.05437605828046799,
                0.0,
                -1.0,
                -0.0000036851822642347544,
                -1.0026701602328105e-7,
                0.0,
                1.0026701602328105e-7,
                -0.05437605828046799,
                0.99852055311203,
                0.0,
                0.0,
                0.7943519353866577,
                -0.0011221212334930897,
                1.0
            ],
            "name": "Waist"
        },
        {
            "children": [
                29,
                27,
                23,
                19,
                17,
                15,
                13
            ],
            "name": "Spine"
        },
        {
            "children": [
                14
            ],
            "matrix": [
                -0.5320819020271301,
                0.8461969494819641,
                0.028975851833820344,
                0.0,
                -0.8449450731277466,
                -0.5328702926635742,
                0.04601195082068443,
                0.0,
                0.0543755441904068,
                -8.775381843406649e-7,
                0.99852055311203,
                0.0,
                0.1379075199365616,
                0.005967907607555389,
                -0.22551895678043369,
                1.0
            ],
            "name": "RFeelerB1"
        },
        {
            "matrix": [
                1.0,
                0.0,
                0.0,
                0.0,
                0.0,
                1.0,
                0.0,
                0.0,
                0.0,
                0.0,
                1.0,
                0.0,
                0.6976541876792908,
                -2.5400000325248585e-8,
                -0.04809464514255524,
                1.0
            ],
            "name": "RFeelerB2"
        },
        {
            "children": [
                16
            ],
            "matrix": [
                0.45947539806365969,
                -0.8878380060195923,
                -0.025021588429808618,
                0.0,
                0.8865244388580322,
                0.4601562023162842,
                -0.04827730730175972,
                0.0,
                0.0543762668967247,
                -1.4229032174739588e-8,
                0.9985204935073853,
                0.0,
                0.153437077999115,
                -0.005225567612797022,
                -0.231686607003212,
                1.0
            ],
            "name": "LFeelerA1"
        },
        {
            "matrix": [
                1.0,
                0.0,
                0.0,
                0.0,
                0.0,
                1.0,
                0.0,
                0.0,
                0.0,
                0.0,
                1.0,
                0.0,
                0.6493027210235596,
                7.620000275210259e-8,
                -2.5400000325248585e-8,
                1.0
            ],
            "name": "LFeelerA2"
        },
        {
            "children": [
                18
            ],
            "matrix": [
                -0.5320820808410645,
                -0.8461968302726746,
                0.02897585928440094,
                0.0,
                0.844944953918457,
                -0.5328704714775086,
                -0.04601195082068443,
                0.0,
                0.0543755479156971,
                8.703007097210502e-7,
                0.99852055311203,
                0.0,
                0.13790827989578248,
                -0.005967907607555389,
                -0.22551922500133518,
                1.0
            ],
            "name": "LFeelerB1"
        },
        {
            "matrix": [
                1.0,
                0.0,
                0.0,
                0.0,
                0.0,
                1.0,
                0.0,
                0.0,
                0.0,
                0.0,
                1.0,
                0.0,
                0.6976566910743713,
                -7.620000275210259e-8,
                -0.04809362813830376,
                1.0
            ],
            "name": "LFeelerB2"
        },
        {
            "children": [
                22,
                21,
                20
            ],
            "matrix": [
                0.3633220493793488,
                0.3613301813602448,
                0.8587418794631958,
                0.0,
                -0.9314493536949158,
                0.1606415957212448,
                0.32649093866348269,
                0.0,
                -0.019978627562522889,
                -0.9184959530830384,
                0.39492538571357729,
                0.0,
                0.07084517180919647,
                0.1933767944574356,
                0.20649488270282746,
                1.0
            ],
            "name": "RHand"
        },
        {
            "matrix": [
                0.0666499063372612,
                -0.11551718413829804,
                0.991066873073578,
                0.0,
                0.09636948257684708,
                -0.9878864884376526,
                -0.12162739038467409,
                0.0,
                0.9931116104125976,
                0.10361506044864656,
                -0.05471021309494972,
                0.0,
                0.015755493193864824,
                -0.07264856994152069,
                0.05985484272241593,
                1.0
            ],
            "name": "RFingerA"
        },
        {
            "matrix": [
                0.06525751203298569,
                0.09773234277963638,
                0.993070900440216,
                0.0,
                0.09599819779396056,
                -0.9911910891532898,
                0.09123902767896652,
                0.0,
                0.9932400584220886,
                0.08937899023294449,
                -0.07406479120254517,
                0.0,
                0.0019558253698050977,
                0.06523380428552628,
                0.07000747323036194,
                1.0
            ],
            "name": "RFingerC"
        },
        {
            "matrix": [
                0.1199706420302391,
                -0.06766210496425629,
                0.9904690384864808,
                0.0,
                0.08742505311965943,
                -0.993078887462616,
                -0.07842975854873657,
                0.0,
                0.9889205694198608,
                0.096001073718071,
                -0.11322494596242905,
                0.0,
                0.003572154324501753,
                0.001009903964586556,
                0.06516268104314804,
                1.0
            ],
            "name": "RFingerB"
        },
        {
            "children": [
                26,
                25,
                24
            ],
            "matrix": [
                0.3633228540420532,
                -0.36132967472076418,
                0.8587417602539063,
                0.0,
                0.931449055671692,
                0.16064134240150453,
                -0.3264919519424439,
                0.0,
                -0.019978197291493417,
                0.9184961915016174,
                0.3949248492717743,
                0.0,
                0.07084491848945618,
                -0.1933767944574356,
                0.20649488270282746,
                1.0
            ],
            "name": "LHand"
        },
        {
            "matrix": [
                0.06525751203298569,
                -0.09773215651512146,
                0.9930709600448608,
                0.0,
                -0.0959983840584755,
                -0.9911910891532898,
                -0.091238833963871,
                0.0,
                0.9932400584220886,
                -0.08937918394804001,
                -0.07406479120254517,
                0.0,
                0.0019564605318009859,
                -0.06523481756448746,
                0.07000772655010224,
                1.0
            ],
            "name": "LFingerC"
        },
        {
            "matrix": [
                0.06665138900279999,
                0.1155172884464264,
                0.9910667538642884,
                0.0,
                -0.09636957198381424,
                -0.9878864288330078,
                0.12162765860557556,
                0.0,
                0.9931115508079528,
                -0.10361532866954804,
                -0.05471165478229523,
                0.0,
                0.015756025910377504,
                0.07264958322048187,
                0.05985484272241593,
                1.0
            ],
            "name": "LFingerA"
        },
        {
            "matrix": [
                0.1199706420302391,
                0.06766079366207123,
                0.9904690980911256,
                0.0,
                -0.08742671459913254,
                -0.9930788278579712,
                0.07842863351106644,
                0.0,
                0.9889204502105712,
                -0.09600259363651276,
                -0.11322493851184844,
                0.0,
                0.003572128945961595,
                -0.0010102341184392572,
                0.06516268104314804,
                1.0
            ],
            "name": "LFingerB"
        },
        {
            "children": [
                28
            ],
            "matrix": [
                0.45947539806365969,
                0.8878380060195923,
                -0.025021588429808618,
                0.0,
                -0.8865244388580322,
                0.4601562023162842,
                0.04827730730175972,
                0.0,
                0.0543762668967247,
                1.4229032174739588e-8,
                0.9985204935073853,
                0.0,
                0.153437077999115,
                0.005225567612797022,
                -0.231686607003212,
                1.0
            ],
            "name": "RFeelerA1"
        },
        {
            "matrix": [
                1.0,
                0.0,
                0.0,
                0.0,
                0.0,
                1.0,
                0.0,
                0.0,
                0.0,
                0.0,
                1.0,
                0.0,
                0.6493027210235596,
                8.636000075057382e-7,
                0.0,
                1.0
            ],
            "name": "RFeelerA2"
        },
        {
            "children": [
                37,
                30
            ],
            "matrix": [
                0.9985204935073853,
                0.0,
                -0.054377175867557529,
                0.0,
                0.0,
                1.0,
                0.0,
                0.0,
                0.054377175867557529,
                0.0,
                0.9985204935073853,
                0.0,
                0.2504490613937378,
                0.0,
                0.0,
                1.0
            ],
            "name": "Head"
        },
        {
            "children": [
                31
            ],
            "matrix": [
                1.0,
                0.0,
                0.0,
                0.0,
                0.0,
                1.0,
                0.0,
                0.0,
                0.0,
                0.0,
                1.0,
                0.0,
                0.48799240589141848,
                0.06788632273674011,
                0.14305837452411652,
                1.0
            ],
            "name": "RFeelerC1"
        },
        {
            "children": [
                32
            ],
            "matrix": [
                1.0,
                0.0,
                0.0,
                0.0,
                0.0,
                1.0,
                0.0,
                0.0,
                0.0,
                0.0,
                1.0,
                0.0,
                0.12836575508117677,
                0.0,
                0.0,
                1.0
            ],
            "name": "RFeelerC2"
        },
        {
            "children": [
                33
            ],
            "matrix": [
                1.0,
                0.0,
                0.0,
                0.0,
                0.0,
                1.0,
                0.0,
                0.0,
                0.0,
                0.0,
                1.0,
                0.0,
                0.12836575508117677,
                -0.0,
                5.079999709778349e-7,
                1.0
            ],
            "name": "RFeelerC3"
        },
        {
            "children": [
                34
            ],
            "matrix": [
                1.0,
                0.0,
                0.0,
                0.0,
                0.0,
                1.0,
                0.0,
                0.0,
                0.0,
                0.0,
                1.0,
                0.0,
                0.12836575508117677,
                2.539999854889175e-7,
                5.079999709778349e-7,
                1.0
            ],
            "name": "RFeelerC4"
        },
        {
            "children": [
                35
            ],
            "matrix": [
                1.0,
                0.0,
                0.0,
                0.0,
                0.0,
                1.0,
                0.0,
                0.0,
                0.0,
                0.0,
                1.0,
                0.0,
                0.1283655017614365,
                0.0,
                0.0,
                1.0
            ],
            "name": "RFeelerC5"
        },
        {
            "children": [
                36
            ],
            "matrix": [
                1.0,
                0.0,
                0.0,
                0.0,
                0.0,
                1.0,
                0.0,
                0.0,
                0.0,
                0.0,
                1.0,
                0.0,
                0.12836575508117677,
                2.539999854889175e-7,
                7.619999564667523e-7,
                1.0
            ],
            "name": "RFeelerC6"
        },
        {
            "matrix": [
                1.0,
                0.0,
                0.0,
                0.0,
                0.0,
                1.0,
                0.0,
                0.0,
                0.0,
                0.0,
                1.0,
                0.0,
                0.12836575508117677,
                0.0,
                0.0,
                1.0
            ],
            "name": "RFeelerC7"
        },
        {
            "children": [
                38
            ],
            "matrix": [
                1.0,
                0.0,
                0.0,
                0.0,
                0.0,
                1.0,
                0.0,
                0.0,
                0.0,
                0.0,
                1.0,
                0.0,
                0.4879949688911438,
                -0.06788632273674011,
                0.143058642745018,
                1.0
            ],
            "name": "LFeelerC1"
        },
        {
            "children": [
                39
            ],
            "matrix": [
                1.0,
                0.0,
                0.0,
                0.0,
                0.0,
                1.0,
                0.0,
                0.0,
                0.0,
                0.0,
                1.0,
                0.0,
                0.12836600840091706,
                0.0,
                0.0,
                1.0
            ],
            "name": "LFeelerC2"
        },
        {
            "children": [
                40
            ],
            "matrix": [
                1.0,
                0.0,
                0.0,
                0.0,
                0.0,
                1.0,
                0.0,
                0.0,
                0.0,
                0.0,
                1.0,
                0.0,
                0.12836575508117677,
                -1.524000055042052e-7,
                5.079999709778349e-7,
                1.0
            ],
            "name": "LFeelerC3"
        },
        {
            "children": [
                41
            ],
            "matrix": [
                1.0,
                0.0,
                0.0,
                0.0,
                0.0,
                1.0,
                0.0,
                0.0,
                0.0,
                0.0,
                1.0,
                0.0,
                0.12836575508117677,
                -2.2860000115088042e-7,
                4.826000008506526e-7,
                1.0
            ],
            "name": "LFeelerC4"
        },
        {
            "children": [
                42
            ],
            "matrix": [
                1.0,
                0.0,
                0.0,
                0.0,
                0.0,
                1.0,
                0.0,
                0.0,
                0.0,
                0.0,
                1.0,
                0.0,
                0.1283655017614365,
                0.0,
                0.0,
                1.0
            ],
            "name": "LFeelerC5"
        },
        {
            "children": [
                43
            ],
            "matrix": [
                1.0,
                0.0,
                0.0,
                0.0,
                0.0,
                1.0,
                0.0,
                0.0,
                0.0,
                0.0,
                1.0,
                0.0,
                0.12836575508117677,
                -2.794000124595186e-7,
                7.112000162123877e-7,
                1.0
            ],
            "name": "LFeelerC6"
        },
        {
            "matrix": [
                1.0,
                0.0,
                0.0,
                0.0,
                0.0,
                1.0,
                0.0,
                0.0,
                0.0,
                0.0,
                1.0,
                0.0,
                0.12836575508117677,
                0.0,
                0.0,
                1.0
            ],
            "name": "LFeelerC7"
        }
    ],
    "meshes": [
        {
            "primitives": [
                {
                    "attributes": {
                        "JOINTS_0": 1,
                        "NORMAL": 2,
                        "POSITION": 3,
                        "TEXCOORD_0": 4,
                        "WEIGHTS_0": 5
                    },
                    "indices": 0,
                    "mode": 4,
                    "material": 0
                },
                {
                    "attributes": {
                        "JOINTS_0": 7,
                        "NORMAL": 8,
                        "POSITION": 9,
                        "TEXCOORD_0": 10,
                        "WEIGHTS_0": 11
                    },
                    "indices": 6,
                    "mode": 4,
                    "material": 1
                },
                {
                    "attributes": {
                        "JOINTS_0": 13,
                        "NORMAL": 14,
                        "POSITION": 15,
                        "TEXCOORD_0": 16,
                        "WEIGHTS_0": 17
                    },
                    "indices": 12,
                    "mode": 4,
                    "material": 2
                }
            ],
            "name": "ButterfreeF"
        }
    ],
    "skins": [
        {
            "inverseBindMatrices": 18,
            "skeleton": 2,
            "joints": [
                2,
                4,
                5,
                7,
                8,
                12,
                29,
                37,
                38,
                39,
                40,
                41,
                42,
                43,
                30,
                31,
                32,
                33,
                34,
                35,
                36,
                15,
                16,
                17,
                18,
                23,
                25,
                26,
                24,
                27,
                28,
                13,
                14,
                19,
                20,
                22,
                21
            ],
            "name": "ButterfreeF-mesh-skin"
        }
    ],
    "accessors": [
        {
            "bufferView": 0,
            "byteOffset": 0,
            "componentType": 5123,
            "count": 2316,
            "max": [
                519
            ],
            "min": [
                0
            ],
            "type": "SCALAR"
        },
        {
            "bufferView": 1,
            "byteOffset": 0,
            "componentType": 5123,
            "count": 520,
            "max": [
                32,
                32,
                0,
                0
            ],
            "min": [
                21,
                0,
                0,
                0
            ],
            "type": "VEC4"
        },
        {
            "bufferView": 2,
            "byteOffset": 0,
            "componentType": 5126,
            "count": 520,
            "max": [
                0.23596599698066712,
                1.0,
                0.06419800221920014
            ],
            "min": [
                -0.23596599698066712,
                -1.0,
                -0.06419800221920014
            ],
            "type": "VEC3"
        },
        {
            "bufferView": 2,
            "byteOffset": 6240,
            "componentType": 5126,
            "count": 520,
            "max": [
                1.546499252319336,
                0.262801080942154,
                2.429875612258911
            ],
            "min": [
                -1.546499252319336,
                0.2202705591917038,
                -0.03340252488851547
            ],
            "type": "VEC3"
        },
        {
            "bufferView": 1,
            "byteOffset": 4160,
            "componentType": 5126,
            "count": 520,
            "max": [
                0.9922289848327636,
                -1.046679973602295
            ],
            "min": [
                0.007770999800413847,
                -1.9625699520111085
            ],
            "type": "VEC2"
        },
        {
            "bufferView": 3,
            "byteOffset": 0,
            "componentType": 5126,
            "count": 520,
            "max": [
                1.0,
                0.9700000286102296,
                0.0,
                0.0
            ],
            "min": [
                0.030000001192092897,
                0.0,
                0.0,
                0.0
            ],
            "type": "VEC4"
        },
        {
            "bufferView": 0,
            "byteOffset": 4632,
            "componentType": 5123,
            "count": 9516,
            "max": [
                1889
            ],
            "min": [
                0
            ],
            "type": "SCALAR"
        },
        {
            "bufferView": 1,
            "byteOffset": 8320,
            "componentType": 5123,
            "count": 1890,
            "max": [
                36,
                36,
                36,
                0
            ],
            "min": [
                0,
                0,
                0,
                0
            ],
            "type": "VEC4"
        },
        {
            "bufferView": 2,
            "byteOffset": 12480,
            "componentType": 5126,
            "count": 1890,
            "max": [
                0.9995139837265016,
                0.9999750256538392,
                0.999987006187439
            ],
            "min": [
                -0.9995139837265016,
                -1.0,
                -0.9999989867210388
            ],
            "type": "VEC3"
        },
        {
            "bufferView": 2,
            "byteOffset": 35160,
            "componentType": 5126,
            "count": 1890,
            "max": [
                0.3103168606758118,
                0.2433563619852066,
                2.4028449058532717
            ],
            "min": [
                -0.3103168606758118,
                -0.5451602339744568,
                0.38819581270217898
            ],
            "type": "VEC3"
        },
        {
            "bufferView": 1,
            "byteOffset": 23440,
            "componentType": 5126,
            "count": 1890,
            "max": [
                0.9586489796638488,
                0.9919520020484924
            ],
            "min": [
                0.04135100170969963,
                0.007812023162841797
            ],
            "type": "VEC2"
        },
        {
            "bufferView": 3,
            "byteOffset": 8320,
            "componentType": 5126,
            "count": 1890,
            "max": [
                1.0,
                0.949999988079071,
                0.5,
                0.0
            ],
            "min": [
                0.03999999910593033,
                0.0,
                0.0,
                0.0
            ],
            "type": "VEC4"
        },
        {
            "bufferView": 0,
            "byteOffset": 23664,
            "componentType": 5123,
            "count": 768,
            "max": [
                149
            ],
            "min": [
                0
            ],
            "type": "SCALAR"
        },
        {
            "bufferView": 1,
            "byteOffset": 38560,
            "componentType": 5123,
            "count": 150,
            "max": [
                6,
                0,
                0,
                0
            ],
            "min": [
                6,
                0,
                0,
                0
            ],
            "type": "VEC4"
        },
        {
            "bufferView": 2,
            "byteOffset": 57840,
            "componentType": 5126,
            "count": 150,
            "max": [
                0.9945679903030396,
                0.1732580065727234,
                0.9306309819221496
            ],
            "min": [
                -0.9945679903030396,
                -0.9950019717216492,
                -0.749638020992279
            ],
            "type": "VEC3"
        },
        {
            "bufferView": 2,
            "byteOffset": 59640,
            "componentType": 5126,
            "count": 150,
            "max": [
                0.28369513154029848,
                -0.1528732031583786,
                1.479671835899353
            ],
            "min": [
                -0.28369513154029848,
                -0.34982654452323916,
                1.1529948711395264
            ],
            "type": "VEC3"
        },
        {
            "bufferView": 1,
            "byteOffset": 39760,
            "componentType": 5126,
            "count": 150,
            "max": [
                0.9424049854278565,
                -0.028139948844909669
            ],
            "min": [
                0.05759499967098236,
                -0.9406099319458008
            ],
            "type": "VEC2"
        },
        {
            "bufferView": 3,
            "byteOffset": 38560,
            "componentType": 5126,
            "count": 150,
            "max": [
                1.0,
                0.0,
                0.0,
                0.0
            ],
            "min": [
                1.0,
                0.0,
                0.0,
                0.0
            ],
            "type": "VEC4"
        },
        {
            "bufferView": 4,
            "byteOffset": 0,
            "componentType": 5126,
            "count": 37,
            "max": [
                0.904765009880066,
                1.0,
                0.9184970259666444,
                0.0,
                0.000006000000212225132,
                0.27535900473594668,
                0.0,
                0.0,
                1.0,
                0.9721480011940002,
                0.9999359846115112,
                0.0,
                31.273698806762697,
                33.46709823608399,
                10.508000373840332,
                1.0
            ],
            "min": [
                -0.9047660231590272,
                -1.0,
                -0.9184960126876832,
                0.0,
                -1.0,
                -0.27535900473594668,
                -1.0,
                0.0,
                -1.0,
                -0.9721480011940002,
                -0.05437599867582321,
                0.0,
                -90.654296875,
                -33.46700286865235,
                -18.771299362182618,
                1.0
            ],
            "type": "MAT4"
        }
    ],
    "materials": [
        {
            "pbrMetallicRoughness": {
                "baseColorFactor": [
                    1.0,
                    1.0,
                    1.0,
                    1.0
                ],
                "baseColorTexture": {
                    "index": 0
                },
                "metallicFactor": 0.0
            },
            "name": "Material__96"
        },
        {
            "pbrMetallicRoughness": {
                "baseColorFactor": [
                    1.0,
                    1.0,
                    1.0,
                    1.0
                ],
                "baseColorTexture": {
                    "index": 1
                },
                "metallicFactor": 0.0
            },
            "name": "Material__97"
        },
        {
            "pbrMetallicRoughness": {
                "baseColorFactor": [
                    1.0,
                    1.0,
                    1.0,
                    1.0
                ],
                "baseColorTexture": {
                    "index": 2
                },
                "metallicFactor": 0.0
            },
            "name": "Material__98"
        }
    ],
    "textures": [
        {
            "sampler": 0,
            "source": 0
        },
        {
            "sampler": 0,
            "source": 1
        },
        {
            "sampler": 0,
            "source": 2
        }
    ],
    "images": [
        {
            "uri": "pm0012_01_BodyC1.png"
        },
        {
            "uri": "pm0012_00_BodyA1.png"
        },
        {
            "uri": "pm0012_00_BodyB1.png"
        }
    ],
    "samplers": [
        {
            "magFilter": 9729,
            "minFilter": 9986,
            "wrapS": 10497,
            "wrapT": 10497
        }
    ],
    "bufferViews": [
        {
            "buffer": 0,
            "byteOffset": 145728,
            "byteLength": 25200,
            "target": 34963
        },
        {
            "buffer": 0,
            "byteOffset": 104768,
            "byteLength": 40960,
            "byteStride": 8,
            "target": 34962
        },
        {
            "buffer": 0,
            "byteOffset": 43328,
            "byteLength": 61440,
            "byteStride": 12,
            "target": 34962
        },
        {
            "buffer": 0,
            "byteOffset": 2368,
            "byteLength": 40960,
            "byteStride": 16,
            "target": 34962
        },
        {
            "buffer": 0,
            "byteOffset": 0,
            "byteLength": 2368
        }
    ],
    "buffers": [
        {
            "byteLength": 170928,
            "uri": "ButterfreeF_ColladaMax0.bin"
        }
    ]
}
