{
    "asset": {
        "generator": "COLLADA2GLTF",
        "version": "2.0"
    },
    "scenes": [
        {
            "nodes": [
                0
            ]
        }
    ],
    "scene": 0,
    "nodes": [
        {
            "children": [
                54,
                53,
                52,
                51,
                50,
                49,
                48,
                47,
                46,
                45,
                44,
                43,
                42,
                41,
                40,
                39,
                38,
                37,
                1
            ],
            "matrix": [
                1.0,
                0.0,
                0.0,
                0.0,
                0.0,
                0.0,
                -1.0,
                0.0,
                0.0,
                1.0,
                0.0,
                0.0,
                0.0,
                0.0,
                0.0,
                1.0
            ],
            "name": "Z_UP"
        },
        {
            "mesh": 0,
            "skin": 0,
            "name": "vsn_mesh_17_pm0082_00_BodyCSkin"
        },
        {
            "children": [
                6,
                5,
                4,
                3
            ],
            "matrix": [
                1.0,
                0.0,
                0.0,
                0.0,
                0.0,
                7.549790126404332e-8,
                1.0,
                0.0,
                0.0,
                -1.0,
                1.1920899822825962e-7,
                0.0,
                0.0,
                0.0,
                0.0,
                1.0
            ],
            "name": "pm0082_00"
        },
        {
            "name": "pm0082_00_BodyCSkin"
        },
        {
            "name": "pm0082_00_BodyBSkin"
        },
        {
            "name": "pm0082_00_BodyASkin"
        },
        {
            "children": [
                36,
                25,
                16,
                7
            ],
            "matrix": [
                0.0,
                1.0,
                4.371139894487897e-8,
                0.0,
                -1.0,
                0.0,
                0.0,
                0.0,
                0.0,
                -4.371139894487897e-8,
                1.0,
                0.0,
                0.0,
                0.0,
                0.0,
                1.0
            ],
            "name": "Waist"
        },
        {
            "children": [
                14,
                12,
                10,
                8
            ],
            "matrix": [
                1.0,
                0.0,
                0.0,
                0.0,
                0.0,
                1.0,
                0.0,
                0.0,
                0.0,
                0.0,
                1.0,
                0.0,
                13.5,
                -29.985050201416017,
                0.0,
                1.0
            ],
            "name": "WaistC"
        },
        {
            "children": [
                9
            ],
            "matrix": [
                0.9396936297416688,
                -0.34201741218566897,
                -5.8887401621632316e-8,
                0.0,
                0.34201741218566897,
                0.9396935105323792,
                0.0,
                0.0,
                5.5336098370162299e-8,
                -2.0140500822662945e-8,
                1.0,
                0.0,
                4.180016040802002,
                11.87341022491455,
                -0.06507410109043122,
                1.0
            ],
            "name": "RArmC"
        },
        {
            "matrix": [
                0.004119663964956999,
                0.9999914169311525,
                1.7772599392174019e-7,
                0.0,
                -0.9999914765357972,
                0.004119486082345247,
                -1.8284900704657049e-8,
                0.0,
                -1.9237500481494867e-8,
                -1.7785299633032995e-7,
                1.0,
                0.0,
                0.0,
                23.125699996948247,
                -7.450580152834618e-9,
                1.0
            ],
            "name": "EndRArmC"
        },
        {
            "children": [
                11
            ],
            "matrix": [
                -0.9960319995880128,
                -0.013153290376067162,
                -0.08801779896020889,
                0.0,
                -0.06975594907999039,
                -0.4987857937812805,
                0.8639140129089356,
                0.0,
                -0.055265288800001147,
                0.8666259050369263,
                0.4958887994289398,
                0.0,
                -7.258656978607178,
                -3.750683069229126,
                3.4221808910369879,
                1.0
            ],
            "name": "LLegC"
        },
        {
            "matrix": [
                0.034819770604372028,
                0.9993593096733092,
                -0.008293491788208485,
                0.0,
                0.8922588229179382,
                -0.03482408821582794,
                -0.4501791894435883,
                0.0,
                -0.45017948746681216,
                0.00827525183558464,
                -0.8928998112678528,
                0.0,
                -4.768369876728684e-7,
                11.690919876098633,
                0.0000019073499970545528,
                1.0
            ],
            "name": "EndLLegC"
        },
        {
            "children": [
                13
            ],
            "matrix": [
                -0.9396892786026,
                -0.3420240879058838,
                5.401200269261608e-7,
                0.0,
                0.3420240879058838,
                -0.939691126346588,
                3.221790056961993e-10,
                0.0,
                5.074360274193168e-7,
                1.850369955036513e-7,
                1.0,
                0.0,
                4.180142879486084,
                -11.873390197753908,
                -0.06507410854101181,
                1.0
            ],
            "name": "LArmC"
        },
        {
            "matrix": [
                -0.004120736848562956,
                0.9999917149543762,
                9.817910040510468e-9,
                0.0,
                -0.9999915957450868,
                -0.004120707977563143,
                4.953170105181925e-7,
                0.0,
                4.953740244673099e-7,
                -7.85181963891546e-9,
                1.0,
                0.0,
                -0.0000016689300537109376,
                23.1256103515625,
                0.0,
                1.0
            ],
            "name": "EndLArmC"
        },
        {
            "children": [
                15
            ],
            "matrix": [
                0.00000357628005076549,
                -1.0,
                7.109529707571145e-14,
                0.0,
                1.0,
                0.00000357628005076549,
                -3.552710078910475e-15,
                0.0,
                0.0,
                7.109529707571145e-14,
                1.0,
                0.0,
                9.0,
                0.00003051759995287284,
                1.4031900370369696e-13,
                1.0
            ],
            "name": "HeadC"
        },
        {
            "matrix": [
                0.00000357628005076549,
                0.9999998807907105,
                -3.552710078910475e-15,
                0.0,
                -1.0,
                0.00000357628005076549,
                4.2632499771102029e-14,
                0.0,
                4.2673499553880926e-14,
                -7.105429898699844e-15,
                1.0,
                0.0,
                0.0,
                16.0,
                -2.2322399666012929e-14,
                1.0
            ],
            "name": "EndHeadC"
        },
        {
            "children": [
                23,
                21,
                19,
                17
            ],
            "matrix": [
                1.0,
                0.0,
                0.0,
                0.0,
                0.0,
                1.0,
                0.0,
                0.0,
                0.0,
                0.0,
                1.0,
                0.0,
                13.5,
                29.985149383544927,
                0.0,
                1.0
            ],
            "name": "WaistB"
        },
        {
            "children": [
                18
            ],
            "matrix": [
                -0.9937103986740112,
                -0.11079180240631104,
                -0.01627397909760475,
                0.0,
                -0.06975934654474259,
                0.4987849891185761,
                0.8639140129089356,
                0.0,
                -0.0875973328948021,
                0.8596156239509583,
                -0.5033764839172363,
                0.0,
                -7.258874893188477,
                3.7506370544433595,
                3.422185897827149,
                1.0
            ],
            "name": "RLegB"
        },
        {
            "matrix": [
                7.003549740147719e-7,
                1.0,
                2.412130015727598e-7,
                0.0,
                0.31147828698158266,
                9.3132300094112e-8,
                -0.9502533078193665,
                0.0,
                -0.9502531886100768,
                7.59958993512555e-7,
                -0.31147828698158266,
                0.0,
                0.0,
                11.690999984741213,
                -0.0000019073499970545528,
                1.0
            ],
            "name": "EndRLegB"
        },
        {
            "children": [
                20
            ],
            "matrix": [
                0.9396936297416688,
                -0.34201741218566897,
                -2.3263199366851954e-8,
                0.0,
                0.34201741218566897,
                0.9396936297416688,
                9.66532964774558e-10,
                0.0,
                2.1529700688915914e-8,
                -8.864650347106819e-9,
                1.0,
                0.0,
                4.179800987243652,
                11.873419761657717,
                -0.065074123442173,
                1.0
            ],
            "name": "RArmB"
        },
        {
            "matrix": [
                0.004119812976568937,
                0.9999914765357972,
                2.868650028631237e-8,
                0.0,
                -0.9999917149543762,
                0.004119991790503264,
                -1.8337599883011536e-8,
                0.0,
                -1.8499399345728308e-8,
                -2.8484500091963129e-8,
                1.0,
                0.0,
                -7.152560215217818e-7,
                23.12569046020508,
                0.0,
                1.0
            ],
            "name": "EndRArmB"
        },
        {
            "children": [
                22
            ],
            "matrix": [
                -0.9396892786026,
                -0.3420240879058838,
                3.949980111883633e-7,
                0.0,
                0.3420240879058838,
                -0.939691126346588,
                3.221790056961993e-10,
                0.0,
                3.71066988691382e-7,
                1.3540200427542005e-7,
                1.0,
                0.0,
                4.179923057556152,
                -11.873379707336426,
                -0.06507410854101181,
                1.0
            ],
            "name": "LArmB"
        },
        {
            "matrix": [
                -0.004120885860174894,
                0.9999915957450868,
                -6.121280193838174e-7,
                0.0,
                -0.9999914765357972,
                -0.004120796918869019,
                3.465900135779521e-7,
                0.0,
                3.438030091729161e-7,
                6.133479928394081e-7,
                1.0,
                0.0,
                -0.0000019073499970545528,
                23.125600814819337,
                -1.4901200273698124e-8,
                1.0
            ],
            "name": "EndLArmB"
        },
        {
            "children": [
                24
            ],
            "matrix": [
                0.0000036954900224372979,
                -1.0,
                6.588929705661496e-14,
                0.0,
                1.0,
                0.0000036954900224372979,
                7.105429898699844e-15,
                0.0,
                -7.105429898699844e-15,
                6.588920218892487e-14,
                1.0,
                0.0,
                8.999999046325684,
                0.00003433230085647665,
                5.684339853201729e-14,
                1.0
            ],
            "name": "HeadB"
        },
        {
            "matrix": [
                0.0000036954900224372979,
                1.0,
                -3.552710078910475e-15,
                0.0,
                -1.0,
                0.0000036954900224372979,
                5.1514300908762226e-14,
                0.0,
                5.1678300039877808e-14,
                1.4210900454981157e-14,
                1.0,
                0.0,
                0.0,
                16.0,
                -4.525869831900967e-14,
                1.0
            ],
            "name": "EndHeadB"
        },
        {
            "children": [
                34,
                32,
                30,
                28,
                26
            ],
            "matrix": [
                1.0,
                0.0,
                0.0,
                0.0,
                0.0,
                1.0,
                0.0,
                0.0,
                0.0,
                0.0,
                1.0,
                0.0,
                53.51449966430664,
                0.00019359600264579055,
                0.0,
                1.0
            ],
            "name": "WaistA"
        },
        {
            "children": [
                27
            ],
            "matrix": [
                -0.9937105178833008,
                -0.11079119890928269,
                -0.016273990273475648,
                0.0,
                -0.06975899636745453,
                0.4987840950489044,
                0.8639144897460938,
                0.0,
                -0.08759693801403046,
                0.8596159815788269,
                -0.5033755898475647,
                0.0,
                -7.27327299118042,
                3.750642061233521,
                3.422179937362671,
                1.0
            ],
            "name": "RLegA"
        },
        {
            "matrix": [
                0.033282358199357989,
                0.9993590712547302,
                0.013181479647755625,
                0.0,
                -0.8187959790229797,
                0.03482721000909805,
                -0.5730270743370056,
                0.0,
                -0.5731192231178284,
                0.00827876478433609,
                0.819430410861969,
                0.0,
                -0.000003814699994109105,
                11.690999984741213,
                -2.38419005427204e-7,
                1.0
            ],
            "name": "EndRLegA"
        },
        {
            "children": [
                29
            ],
            "matrix": [
                0.9396935105323792,
                -0.34201759099960329,
                -2.8773399218806614e-9,
                0.0,
                0.34201759099960329,
                0.9396935105323792,
                -6.443560129909541e-10,
                0.0,
                2.9241900012522139e-9,
                -3.786030100538795e-10,
                1.0,
                0.0,
                4.165404796600342,
                11.873419761657717,
                -0.06507410109043122,
                1.0
            ],
            "name": "RArmA"
        },
        {
            "matrix": [
                0.004119842778891325,
                0.9999917149543762,
                2.562160084096377e-8,
                0.0,
                -0.9999914765357972,
                0.004119486082345247,
                1.1449500014748536e-8,
                0.0,
                1.1315900216857245e-8,
                -2.530680021095577e-8,
                1.0,
                0.0,
                0.000007629389983776491,
                23.125699996948247,
                7.450580152834618e-9,
                1.0
            ],
            "name": "EndRArmA"
        },
        {
            "children": [
                31
            ],
            "matrix": [
                -0.9960319995880128,
                -0.013152729719877245,
                -0.08801853656768799,
                0.0,
                -0.06975682079792023,
                -0.4987857937812805,
                0.8639135956764221,
                0.0,
                -0.05526519939303398,
                0.8666254281997681,
                0.4958890974521637,
                0.0,
                -7.273262023925781,
                -3.7506959438323976,
                3.422210931777954,
                1.0
            ],
            "name": "LLegA"
        },
        {
            "matrix": [
                0.034820038825273517,
                0.9993590712547302,
                -0.008288705721497536,
                0.0,
                0.8922585844993591,
                -0.03482289984822273,
                -0.4501808881759644,
                0.0,
                -0.4501802921295166,
                0.008280012756586075,
                -0.8928989171981812,
                0.0,
                -0.000007629389983776491,
                11.69087028503418,
                0.0,
                1.0
            ],
            "name": "EndLLegA"
        },
        {
            "children": [
                33
            ],
            "matrix": [
                -0.9396917819976808,
                -0.3420239984989166,
                -1.4934800063315383e-8,
                0.0,
                0.3420239984989166,
                -0.9396911859512328,
                0.0,
                0.0,
                -1.4034100104254323e-8,
                -5.1080402130310188e-9,
                1.0,
                0.0,
                4.165534973144531,
                -11.873390197753908,
                -0.06507410854101181,
                1.0
            ],
            "name": "LArmA"
        },
        {
            "matrix": [
                -0.0041224658489227299,
                0.9999915957450868,
                2.5041999585084797e-9,
                0.0,
                -0.9999914169311525,
                -0.004122405778616667,
                -1.147119998989865e-8,
                0.0,
                -1.1531399835007507e-8,
                -2.9132400936049409e-9,
                1.0,
                0.0,
                -0.000011444099982327316,
                23.125600814819337,
                -1.4901200273698124e-8,
                1.0
            ],
            "name": "EndLArmA"
        },
        {
            "children": [
                35
            ],
            "matrix": [
                0.00000357628005076549,
                -1.0,
                6.91864981646785e-14,
                0.0,
                1.0,
                0.000003622340045694728,
                1.0658100378820036e-14,
                0.0,
                -1.4210900454981157e-14,
                6.91864981646785e-14,
                1.0,
                0.0,
                8.827011108398438,
                0.00003242490129196085,
                0.0,
                1.0
            ],
            "name": "HeadA"
        },
        {
            "matrix": [
                0.00000357628005076549,
                1.0,
                -3.552710078910475e-15,
                0.0,
                -1.0,
                0.000003619989911385346,
                4.5975098457006628e-14,
                0.0,
                4.5975098457006628e-14,
                7.105429898699844e-15,
                1.0,
                0.0,
                3.382179952771125e-12,
                16.059810638427736,
                -1.7676300283512793e-14,
                1.0
            ],
            "name": "EndHeadA"
        },
        {
            "matrix": [
                1.0,
                0.0,
                0.0,
                0.0,
                0.0,
                1.0,
                0.0,
                0.0,
                0.0,
                0.0,
                1.0,
                0.0,
                41.56880187988281,
                0.00015068099310155958,
                0.0,
                1.0
            ],
            "name": "EndWaist"
        },
        {
            "mesh": 1,
            "skin": 1,
            "name": "vsn_mesh_16_pm0082_00_BodyCSkin"
        },
        {
            "mesh": 2,
            "skin": 2,
            "name": "vsn_mesh_15_pm0082_00_BodyCSkin"
        },
        {
            "mesh": 3,
            "skin": 3,
            "name": "vsn_mesh_14_pm0082_00_BodyCSkin"
        },
        {
            "mesh": 4,
            "skin": 4,
            "name": "vsn_mesh_13_pm0082_00_BodyCSkin"
        },
        {
            "mesh": 5,
            "skin": 5,
            "name": "vsn_mesh_12_pm0082_00_BodyCSkin"
        },
        {
            "mesh": 6,
            "skin": 6,
            "name": "vsn_mesh_11_pm0082_00_BodyBSkin"
        },
        {
            "mesh": 7,
            "skin": 7,
            "name": "vsn_mesh_10_pm0082_00_BodyBSkin"
        },
        {
            "mesh": 8,
            "skin": 8,
            "name": "vsn_mesh_9_pm0082_00_BodyBSkin"
        },
        {
            "mesh": 9,
            "skin": 9,
            "name": "vsn_mesh_8_pm0082_00_BodyBSkin"
        },
        {
            "mesh": 10,
            "skin": 10,
            "name": "vsn_mesh_7_pm0082_00_BodyBSkin"
        },
        {
            "mesh": 11,
            "skin": 11,
            "name": "vsn_mesh_6_pm0082_00_BodyBSkin"
        },
        {
            "mesh": 12,
            "skin": 12,
            "name": "vsn_mesh_5_pm0082_00_BodyASkin"
        },
        {
            "mesh": 13,
            "skin": 13,
            "name": "vsn_mesh_4_pm0082_00_BodyASkin"
        },
        {
            "mesh": 14,
            "skin": 14,
            "name": "vsn_mesh_3_pm0082_00_BodyASkin"
        },
        {
            "mesh": 15,
            "skin": 15,
            "name": "vsn_mesh_2_pm0082_00_BodyASkin"
        },
        {
            "mesh": 16,
            "skin": 16,
            "name": "vsn_mesh_1_pm0082_00_BodyASkin"
        },
        {
            "mesh": 17,
            "skin": 17,
            "name": "vsn_mesh_0_pm0082_00_BodyASkin"
        },
        {
            "children": [
                2
            ],
            "name": "Armature"
        }
    ],
    "meshes": [
        {
            "primitives": [
                {
                    "attributes": {
                        "COLOR_0": 1,
                        "JOINTS_0": 2,
                        "NORMAL": 3,
                        "POSITION": 4,
                        "TEXCOORD_0": 5,
                        "WEIGHTS_0": 6
                    },
                    "indices": 0,
                    "mode": 4,
                    "material": 0
                }
            ],
            "name": "mesh_17_pm0082_00_BodyCSkin"
        },
        {
            "primitives": [
                {
                    "attributes": {
                        "JOINTS_0": 8,
                        "NORMAL": 9,
                        "POSITION": 10,
                        "TEXCOORD_0": 11,
                        "WEIGHTS_0": 12
                    },
                    "indices": 7,
                    "mode": 4,
                    "material": 1
                }
            ],
            "name": "mesh_16_pm0082_00_BodyCSkin"
        },
        {
            "primitives": [
                {
                    "attributes": {
                        "COLOR_0": 14,
                        "JOINTS_0": 15,
                        "NORMAL": 16,
                        "POSITION": 17,
                        "TEXCOORD_0": 18,
                        "WEIGHTS_0": 19
                    },
                    "indices": 13,
                    "mode": 4,
                    "material": 2
                }
            ],
            "name": "mesh_15_pm0082_00_BodyCSkin"
        },
        {
            "primitives": [
                {
                    "attributes": {
                        "JOINTS_0": 21,
                        "NORMAL": 22,
                        "POSITION": 23,
                        "TEXCOORD_0": 24,
                        "WEIGHTS_0": 25
                    },
                    "indices": 20,
                    "mode": 4,
                    "material": 3
                }
            ],
            "name": "mesh_14_pm0082_00_BodyCSkin"
        },
        {
            "primitives": [
                {
                    "attributes": {
                        "COLOR_0": 27,
                        "JOINTS_0": 28,
                        "NORMAL": 29,
                        "POSITION": 30,
                        "TEXCOORD_0": 31,
                        "WEIGHTS_0": 32
                    },
                    "indices": 26,
                    "mode": 4,
                    "material": 4
                }
            ],
            "name": "mesh_13_pm0082_00_BodyCSkin"
        },
        {
            "primitives": [
                {
                    "attributes": {
                        "JOINTS_0": 34,
                        "NORMAL": 35,
                        "POSITION": 36,
                        "TEXCOORD_0": 37,
                        "WEIGHTS_0": 38
                    },
                    "indices": 33,
                    "mode": 4,
                    "material": 5
                }
            ],
            "name": "mesh_12_pm0082_00_BodyCSkin"
        },
        {
            "primitives": [
                {
                    "attributes": {
                        "JOINTS_0": 40,
                        "NORMAL": 41,
                        "POSITION": 42,
                        "TEXCOORD_0": 43,
                        "WEIGHTS_0": 44
                    },
                    "indices": 39,
                    "mode": 4,
                    "material": 6
                }
            ],
            "name": "mesh_11_pm0082_00_BodyBSkin"
        },
        {
            "primitives": [
                {
                    "attributes": {
                        "JOINTS_0": 46,
                        "NORMAL": 47,
                        "POSITION": 48,
                        "TEXCOORD_0": 49,
                        "WEIGHTS_0": 50
                    },
                    "indices": 45,
                    "mode": 4,
                    "material": 7
                }
            ],
            "name": "mesh_10_pm0082_00_BodyBSkin"
        },
        {
            "primitives": [
                {
                    "attributes": {
                        "COLOR_0": 52,
                        "JOINTS_0": 53,
                        "NORMAL": 54,
                        "POSITION": 55,
                        "TEXCOORD_0": 56,
                        "WEIGHTS_0": 57
                    },
                    "indices": 51,
                    "mode": 4,
                    "material": 8
                }
            ],
            "name": "mesh_9_pm0082_00_BodyBSkin"
        },
        {
            "primitives": [
                {
                    "attributes": {
                        "JOINTS_0": 59,
                        "NORMAL": 60,
                        "POSITION": 61,
                        "TEXCOORD_0": 62,
                        "WEIGHTS_0": 63
                    },
                    "indices": 58,
                    "mode": 4,
                    "material": 9
                }
            ],
            "name": "mesh_8_pm0082_00_BodyBSkin"
        },
        {
            "primitives": [
                {
                    "attributes": {
                        "JOINTS_0": 65,
                        "NORMAL": 66,
                        "POSITION": 67,
                        "TEXCOORD_0": 68,
                        "WEIGHTS_0": 69
                    },
                    "indices": 64,
                    "mode": 4,
                    "material": 10
                }
            ],
            "name": "mesh_7_pm0082_00_BodyBSkin"
        },
        {
            "primitives": [
                {
                    "attributes": {
                        "COLOR_0": 71,
                        "JOINTS_0": 72,
                        "NORMAL": 73,
                        "POSITION": 74,
                        "TEXCOORD_0": 75,
                        "WEIGHTS_0": 76
                    },
                    "indices": 70,
                    "mode": 4,
                    "material": 11
                }
            ],
            "name": "mesh_6_pm0082_00_BodyBSkin"
        },
        {
            "primitives": [
                {
                    "attributes": {
                        "JOINTS_0": 78,
                        "NORMAL": 79,
                        "POSITION": 80,
                        "TEXCOORD_0": 81,
                        "WEIGHTS_0": 82
                    },
                    "indices": 77,
                    "mode": 4,
                    "material": 12
                }
            ],
            "name": "mesh_5_pm0082_00_BodyASkin"
        },
        {
            "primitives": [
                {
                    "attributes": {
                        "COLOR_0": 84,
                        "JOINTS_0": 85,
                        "NORMAL": 86,
                        "POSITION": 87,
                        "TEXCOORD_0": 88,
                        "WEIGHTS_0": 89
                    },
                    "indices": 83,
                    "mode": 4,
                    "material": 13
                }
            ],
            "name": "mesh_4_pm0082_00_BodyASkin"
        },
        {
            "primitives": [
                {
                    "attributes": {
                        "COLOR_0": 91,
                        "JOINTS_0": 92,
                        "NORMAL": 93,
                        "POSITION": 94,
                        "TEXCOORD_0": 95,
                        "WEIGHTS_0": 96
                    },
                    "indices": 90,
                    "mode": 4,
                    "material": 14
                }
            ],
            "name": "mesh_3_pm0082_00_BodyASkin"
        },
        {
            "primitives": [
                {
                    "attributes": {
                        "COLOR_0": 98,
                        "JOINTS_0": 99,
                        "NORMAL": 100,
                        "POSITION": 101,
                        "TEXCOORD_0": 102,
                        "WEIGHTS_0": 103
                    },
                    "indices": 97,
                    "mode": 4,
                    "material": 15
                }
            ],
            "name": "mesh_2_pm0082_00_BodyASkin"
        },
        {
            "primitives": [
                {
                    "attributes": {
                        "JOINTS_0": 105,
                        "NORMAL": 106,
                        "POSITION": 107,
                        "TEXCOORD_0": 108,
                        "WEIGHTS_0": 109
                    },
                    "indices": 104,
                    "mode": 4,
                    "material": 16
                }
            ],
            "name": "mesh_1_pm0082_00_BodyASkin"
        },
        {
            "primitives": [
                {
                    "attributes": {
                        "JOINTS_0": 111,
                        "NORMAL": 112,
                        "POSITION": 113,
                        "TEXCOORD_0": 114,
                        "WEIGHTS_0": 115
                    },
                    "indices": 110,
                    "mode": 4,
                    "material": 17
                }
            ],
            "name": "mesh_0_pm0082_00_BodyASkin"
        }
    ],
    "skins": [
        {
            "inverseBindMatrices": 116,
            "skeleton": 2,
            "joints": [
                2,
                6,
                36,
                25,
                34,
                35,
                32,
                33,
                30,
                31,
                28,
                29,
                26,
                27,
                16,
                23,
                24,
                21,
                22,
                19,
                20,
                17,
                18,
                7,
                14,
                15,
                12,
                13,
                10,
                11,
                8,
                9,
                5,
                4,
                3
            ],
            "name": "Armature"
        },
        {
            "inverseBindMatrices": 117,
            "skeleton": 2,
            "joints": [
                2,
                6,
                36,
                25,
                34,
                35,
                32,
                33,
                30,
                31,
                28,
                29,
                26,
                27,
                16,
                23,
                24,
                21,
                22,
                19,
                20,
                17,
                18,
                7,
                14,
                15,
                12,
                13,
                10,
                11,
                8,
                9,
                5,
                4,
                3
            ],
            "name": "Armature"
        },
        {
            "inverseBindMatrices": 118,
            "skeleton": 2,
            "joints": [
                2,
                6,
                36,
                25,
                34,
                35,
                32,
                33,
                30,
                31,
                28,
                29,
                26,
                27,
                16,
                23,
                24,
                21,
                22,
                19,
                20,
                17,
                18,
                7,
                14,
                15,
                12,
                13,
                10,
                11,
                8,
                9,
                5,
                4,
                3
            ],
            "name": "Armature"
        },
        {
            "inverseBindMatrices": 119,
            "skeleton": 2,
            "joints": [
                2,
                6,
                36,
                25,
                34,
                35,
                32,
                33,
                30,
                31,
                28,
                29,
                26,
                27,
                16,
                23,
                24,
                21,
                22,
                19,
                20,
                17,
                18,
                7,
                14,
                15,
                12,
                13,
                10,
                11,
                8,
                9,
                5,
                4,
                3
            ],
            "name": "Armature"
        },
        {
            "inverseBindMatrices": 120,
            "skeleton": 2,
            "joints": [
                2,
                6,
                36,
                25,
                34,
                35,
                32,
                33,
                30,
                31,
                28,
                29,
                26,
                27,
                16,
                23,
                24,
                21,
                22,
                19,
                20,
                17,
                18,
                7,
                14,
                15,
                12,
                13,
                10,
                11,
                8,
                9,
                5,
                4,
                3
            ],
            "name": "Armature"
        },
        {
            "inverseBindMatrices": 121,
            "skeleton": 2,
            "joints": [
                2,
                6,
                36,
                25,
                34,
                35,
                32,
                33,
                30,
                31,
                28,
                29,
                26,
                27,
                16,
                23,
                24,
                21,
                22,
                19,
                20,
                17,
                18,
                7,
                14,
                15,
                12,
                13,
                10,
                11,
                8,
                9,
                5,
                4,
                3
            ],
            "name": "Armature"
        },
        {
            "inverseBindMatrices": 122,
            "skeleton": 2,
            "joints": [
                2,
                6,
                36,
                25,
                34,
                35,
                32,
                33,
                30,
                31,
                28,
                29,
                26,
                27,
                16,
                23,
                24,
                21,
                22,
                19,
                20,
                17,
                18,
                7,
                14,
                15,
                12,
                13,
                10,
                11,
                8,
                9,
                5,
                4,
                3
            ],
            "name": "Armature"
        },
        {
            "inverseBindMatrices": 123,
            "skeleton": 2,
            "joints": [
                2,
                6,
                36,
                25,
                34,
                35,
                32,
                33,
                30,
                31,
                28,
                29,
                26,
                27,
                16,
                23,
                24,
                21,
                22,
                19,
                20,
                17,
                18,
                7,
                14,
                15,
                12,
                13,
                10,
                11,
                8,
                9,
                5,
                4,
                3
            ],
            "name": "Armature"
        },
        {
            "inverseBindMatrices": 124,
            "skeleton": 2,
            "joints": [
                2,
                6,
                36,
                25,
                34,
                35,
                32,
                33,
                30,
                31,
                28,
                29,
                26,
                27,
                16,
                23,
                24,
