{
    "asset": {
        "generator": "COLLADA2GLTF",
        "version": "2.0"
    },
    "scenes": [
        {
            "nodes": [
                0
            ]
        }
    ],
    "scene": 0,
    "nodes": [
        {
            "children": [
                19,
                1
            ],
            "matrix": [
                1.0,
                0.0,
                0.0,
                0.0,
                0.0,
                0.0,
                -1.0,
                0.0,
                0.0,
                1.0,
                0.0,
                0.0,
                0.0,
                0.0,
                0.0,
                1.0
            ],
            "name": "Z_UP"
        },
        {
            "mesh": 0,
            "skin": 0,
            "name": "Charmeleon"
        },
        {
            "children": [
                15,
                11,
                3
            ],
            "matrix": [
                -0.968230366706848,
                -8.907715537409544e-11,
                0.25005990266799929,
                0.0,
                8.907715537409544e-11,
                -1.0,
                -1.1317082687645196e-11,
                0.0,
                0.25005990266799929,
                1.1317082687645196e-11,
                0.968230366706848,
                0.0,
                0.0,
                0.0,
                0.0,
                1.0
            ],
            "name": "Hips"
        },
        {
            "children": [
                4
            ],
            "matrix": [
                0.09996838867664336,
                6.023615634065394e-11,
                -0.9949905872344972,
                0.0,
                -6.023615634065394e-11,
                -1.0,
                -6.659144763387914e-11,
                0.0,
                -0.9949905872344972,
                6.659144763387914e-11,
                -0.09996838867664336,
                0.0,
                0.3179546296596527,
                0.0,
                -0.3710050880908966,
                1.0
            ],
            "name": "Tail1"
        },
        {
            "children": [
                5
            ],
            "matrix": [
                0.9994935393333436,
                1.4686605709357537e-8,
                0.03182157874107361,
                0.0,
                1.4686605709357537e-8,
                1.0,
                -9.228257908944216e-7,
                0.0,
                -0.03182157874107361,
                9.228257908944216e-7,
                0.9994935393333436,
                0.0,
                0.483521968126297,
                0.0,
                -4.826000008506526e-7,
                1.0
            ],
            "name": "Tail2"
        },
        {
            "children": [
                6
            ],
            "matrix": [
                0.998861849308014,
                0.0,
                0.04769710451364517,
                0.0,
                0.0,
                1.0,
                0.0,
                0.0,
                -0.04769710451364517,
                0.0,
                0.998861849308014,
                0.0,
                0.40460166335105898,
                0.0,
                0.0,
                1.0
            ],
            "name": "Tail3"
        },
        {
            "children": [
                7
            ],
            "matrix": [
                0.9986786842346193,
                -2.5104966994149437e-8,
                0.05138951539993286,
                0.0,
                -2.5104966994149437e-8,
                1.0,
                9.76400770014152e-7,
                0.0,
                -0.05138951539993286,
                -9.76400770014152e-7,
                0.9986786842346193,
                0.0,
                0.3757980465888977,
                0.0,
                -7.620000275210259e-8,
                1.0
            ],
            "name": "Tail4"
        },
        {
            "children": [
                8
            ],
            "matrix": [
                1.0,
                0.0,
                0.0,
                0.0,
                0.0,
                1.0,
                0.0,
                0.0,
                0.0,
                0.0,
                1.0,
                0.0,
                0.3617899715900421,
                0.0,
                2.5400000325248585e-8,
                1.0
            ],
            "name": "Tail5"
        },
        {
            "children": [
                9
            ],
            "matrix": [
                0.03081242367625237,
                0.0,
                0.9995251893997192,
                0.0,
                0.0,
                1.0,
                0.0,
                0.0,
                -0.9995251893997192,
                0.0,
                0.03081242367625237,
                0.0,
                0.3663442134857178,
                0.0,
                2.5400000325248585e-8,
                1.0
            ],
            "name": "TailA01"
        },
        {
            "children": [
                10
            ],
            "matrix": [
                1.0,
                0.0,
                0.0,
                0.0,
                0.0,
                1.0,
                0.0,
                0.0,
                0.0,
                0.0,
                1.0,
                0.0,
                0.32301434874534609,
                0.0,
                3.8099997823337619e-7,
                1.0
            ],
            "name": "TailA02"
        },
        {
            "matrix": [
                1.0,
                0.0,
                0.0,
                0.0,
                0.0,
                1.0,
                0.0,
                0.0,
                0.0,
                0.0,
                1.0,
                0.0,
                0.32301434874534609,
                0.0,
                0.0,
                1.0
            ],
            "name": "TailA03"
        },
        {
            "children": [
                12
            ],
            "matrix": [
                0.868032693862915,
                0.415333092212677,
                0.2720620036125183,
                0.0,
                -0.29111960530281069,
                0.869627058506012,
                -0.3987457156181336,
                0.0,
                -0.4022047519683838,
                0.266921728849411,
                0.8757762908935547,
                0.0,
                0.15720033645629884,
                0.3095904290676117,
                -0.03816298767924309,
                1.0
            ],
            "name": "LThigh"
        },
        {
            "children": [
                13
            ],
            "matrix": [
                0.7574111819267273,
                0.0,
                -0.6529382467269898,
                0.0,
                0.0,
                1.0,
                0.0,
                0.0,
                0.6529382467269898,
                0.0,
                0.7574111819267273,
                0.0,
                0.4410684108734131,
                -2.5400000325248585e-8,
                0.0,
                1.0
            ],
            "name": "LLeg"
        },
        {
            "children": [
                14
            ],
            "matrix": [
                0.0003456783597357571,
                0.0,
                0.9999999403953552,
                0.0,
                0.0,
                1.0,
                0.0,
                0.0,
                -0.9999999403953552,
                0.0,
                0.0003456783597357571,
                0.0,
                0.25439369678497317,
                7.620000275210259e-8,
                0.0,
                1.0
            ],
            "name": "LFoot"
        },
        {
            "matrix": [
                0.9976931810379028,
                0.0,
                -0.06788469105958939,
                0.0,
                0.0,
                1.0,
                0.0,
                0.0,
                0.06788469105958939,
                0.0,
                0.9976931810379028,
                0.0,
                0.1878454387187958,
                7.620000275210259e-8,
                -0.06317437440156937,
                1.0
            ],
            "name": "LToe"
        },
        {
            "children": [
                16
            ],
            "matrix": [
                0.868032693862915,
                -0.415333092212677,
                0.2720620036125183,
                0.0,
                0.29111960530281069,
                0.869627058506012,
                0.3987457156181336,
                0.0,
                -0.4022047519683838,
                -0.266921728849411,
                0.8757762908935547,
                0.0,
                0.15719906985759736,
                -0.3095904290676117,
                -0.03816298767924309,
                1.0
            ],
            "name": "RThigh"
        },
        {
            "children": [
                17
            ],
            "matrix": [
                0.7574111819267273,
                0.0,
                -0.6529382467269898,
                0.0,
                0.0,
                1.0,
                0.0,
                0.0,
                0.6529382467269898,
                0.0,
                0.7574111819267273,
                0.0,
                0.4410684108734131,
                1.2699999274445873e-7,
                -2.2860000115088042e-7,
                1.0
            ],
            "name": "RLeg"
        },
        {
            "children": [
                18
            ],
            "matrix": [
                4.4896641959724089e-11,
                0.0,
                1.0,
                0.0,
                0.0,
                1.0,
                0.0,
                0.0,
                -1.0,
                0.0,
                4.4896641959724089e-11,
                0.0,
                0.25439369678497317,
                8.128000104079547e-7,
                1.0160000130099435e-7,
                1.0
            ],
            "name": "RFoot"
        },
        {
            "matrix": [
                0.9976931810379028,
                0.0,
                -0.06788469105958939,
                0.0,
                0.0,
                1.0,
                0.0,
                0.0,
                0.06788469105958939,
                0.0,
                0.9976931810379028,
                0.0,
                0.1878449320793152,
                7.112000162123877e-7,
                -0.06317411363124848,
                1.0
            ],
            "name": "RToe"
        },
        {
            "children": [
                20
            ],
            "matrix": [
                1.0,
                0.0,
                0.0,
                0.0,
                0.0,
                4.4896641959724089e-11,
                1.0,
                0.0,
                0.0,
                -1.0,
                4.4896641959724089e-11,
                0.0,
                0.0,
                0.0,
                0.0,
                1.0
            ],
            "name": "pm0005_00"
        },
        {
            "children": [
                21
            ],
            "name": "Origin"
        },
        {
            "children": [
                2,
                22
            ],
            "matrix": [
                -0.000003858209765894571,
                0.9682300686836244,
                0.2500610053539276,
                0.0,
                -1.0,
                -0.000003858209765894571,
                -4.901804118162545e-7,
                0.0,
                4.901804118162545e-7,
                -0.2500610053539276,
                0.9682300686836244,
                0.0,
                0.0,
                0.9127311706542968,
                0.04130852594971657,
                1.0
            ],
            "name": "Waist"
        },
        {
            "children": [
                23
            ],
            "name": "Spine1"
        },
        {
            "children": [
                31,
                28,
                24
            ],
            "matrix": [
                0.9922922849655153,
                0.0,
                -0.12391962856054306,
                0.0,
                0.0,
                1.0,
                0.0,
                0.0,
                0.12391962856054306,
                0.0,
                0.9922922849655153,
                0.0,
                0.29047948122024538,
                0.0,
                0.0,
                1.0
            ],
            "name": "Spine2"
        },
        {
            "children": [
                25
            ],
            "matrix": [
                -0.000003218473466404248,
                1.0,
                2.070791680353068e-7,
                0.0,
                -0.9917546510696412,
                -0.000003218473466404248,
                0.1281510889530182,
                0.0,
                0.1281510889530182,
                2.070791680353068e-7,
                0.9917546510696412,
                0.0,
                0.2471440136432648,
                0.12174092233181,
                -0.025666698813438417,
                1.0
            ],
            "name": "RShoulder"
        },
        {
            "children": [
                26
            ],
            "matrix": [
                0.8992915749549866,
                0.4373496472835541,
                0.0,
                0.0,
                -0.4373496472835541,
                0.8992915749549866,
                0.0,
                0.0,
                0.0,
                0.0,
                1.0,
                0.0,
                0.19917535781860352,
                0.0,
                -2.5400000325248585e-8,
                1.0
            ],
            "name": "RArm"
        },
        {
            "children": [
                27
            ],
            "matrix": [
                1.0,
                0.0,
                0.0,
                0.0,
                0.0,
                1.0,
                0.0,
                0.0,
                0.0,
                0.0,
                1.0,
                0.0,
                0.49505358934402468,
                -0.00000220979995901871,
                -0.0,
                1.0
            ],
            "name": "RForeArm"
        },
        {
            "matrix": [
                1.0,
                0.0,
                0.0,
                0.0,
                0.0,
                1.0,
                0.0,
                0.0,
                0.0,
                0.0,
                1.0,
                0.0,
                0.3350310623645783,
                -1.7780000405309696e-7,
                0.0,
                1.0
            ],
            "name": "RHand"
        },
        {
            "children": [
                29
            ],
            "matrix": [
                0.999730348587036,
                0.0,
                -0.023220915347337724,
                0.0,
                0.0,
                1.0,
                0.0,
                0.0,
                0.023220915347337724,
                0.0,
                0.999730348587036,
                0.0,
                0.3540302813053131,
                0.0,
                0.0,
                1.0
            ],
            "name": "Neck"
        },
        {
            "children": [
                30
            ],
            "matrix": [
                0.9944630861282348,
                0.0,
                -0.10508666932582857,
                0.0,
                0.0,
                1.0,
                0.0,
                0.0,
                0.10508666932582857,
                0.0,
                0.9944630861282348,
                0.0,
                0.24900001287460328,
                0.0,
                2.5400000325248585e-8,
                1.0
            ],
            "name": "Head"
        },
        {
            "matrix": [
                -0.442671000957489,
                -7.626267672922181e-11,
                0.8966841101646423,
                0.0,
                7.626267672922181e-11,
                -1.0,
                -4.740063896946367e-11,
                0.0,
                0.8966841101646423,
                4.740063896946367e-11,
                0.442671000957489,
                0.0,
                0.18870319426059724,
                0.0,
                0.17139054834842686,
                1.0
            ],
            "name": "Jaw"
        },
        {
            "children": [
                32
            ],
            "matrix": [
                -0.000003218473466404248,
                -1.0,
                2.070791680353068e-7,
                0.0,
                0.9917546510696412,
                -0.000003218473466404248,
                -0.1281510889530182,
                0.0,
                0.1281510889530182,
                -2.070791680353068e-7,
                0.9917546510696412,
                0.0,
                0.24714478850364689,
                -0.12174092233181,
                -0.025666698813438417,
                1.0
            ],
            "name": "LShoulder"
        },
        {
            "children": [
                33
            ],
            "matrix": [
                0.8992915749549866,
                -0.4373496472835541,
                0.0,
                0.0,
                0.4373496472835541,
                0.8992915749549866,
                0.0,
                0.0,
                0.0,
                0.0,
                1.0,
                0.0,
                0.1991763859987259,
                7.620000275210259e-8,
                0.0,
                1.0
            ],
            "name": "LArm"
        },
        {
            "children": [
                34
            ],
            "matrix": [
                1.0,
                0.0,
                0.0,
                0.0,
                0.0,
                1.0,
                0.0,
                0.0,
                0.0,
                0.0,
                1.0,
                0.0,
                0.49505358934402468,
                -1.7780000405309696e-7,
                0.0,
                1.0
            ],
            "name": "LForeArm"
        },
        {
            "matrix": [
                1.0,
                0.0,
                0.0,
                0.0,
                0.0,
                1.0,
                0.0,
                0.0,
                0.0,
                0.0,
                1.0,
                0.0,
                0.3350285291671753,
                1.7780000405309696e-7,
                2.5400000325248585e-8,
                1.0
            ],
            "name": "LHand"
        }
    ],
    "meshes": [
        {
            "primitives": [
                {
                    "attributes": {
                        "JOINTS_0": 1,
                        "NORMAL": 2,
                        "POSITION": 3,
                        "TEXCOORD_0": 4,
                        "WEIGHTS_0": 5
                    },
                    "indices": 0,
                    "mode": 4,
                    "material": 0
                },
                {
                    "attributes": {
                        "JOINTS_0": 7,
                        "NORMAL": 8,
                        "POSITION": 9,
                        "TEXCOORD_0": 10,
                        "WEIGHTS_0": 11
                    },
                    "indices": 6,
                    "mode": 4,
                    "material": 1
                },
                {
                    "attributes": {
                        "JOINTS_0": 13,
                        "NORMAL": 14,
                        "POSITION": 15,
                        "TEXCOORD_0": 16,
                        "WEIGHTS_0": 17
                    },
                    "indices": 12,
                    "mode": 4,
                    "material": 2
                },
                {
                    "attributes": {
                        "JOINTS_0": 19,
                        "NORMAL": 20,
                        "POSITION": 21,
                        "TEXCOORD_0": 22,
                        "WEIGHTS_0": 23
                    },
                    "indices": 18,
                    "mode": 4,
                    "material": 3
                },
                {
                    "attributes": {
                        "JOINTS_0": 25,
                        "NORMAL": 26,
                        "POSITION": 27,
                        "TEXCOORD_0": 28,
                        "WEIGHTS_0": 29
                    },
                    "indices": 24,
                    "mode": 4,
                    "material": 4
                }
            ],
            "name": "Charmeleon"
        }
    ],
    "skins": [
        {
            "inverseBindMatrices": 30,
            "skeleton": 2,
            "joints": [
                2,
                11,
                12,
                13,
                14,
                15,
                16,
                17,
                18,
                3,
                4,
                5,
                6,
                7,
                8,
                9,
                10,
                22,
                23,
                31,
                32,
                33,
                34,
                28,
                29,
                30,
                24,
                25,
                26,
                27
            ],
            "name": "Charmeleon-mesh-skin"
        }
    ],
    "accessors": [
        {
            "bufferView": 0,
            "byteOffset": 0,
            "componentType": 5123,
            "count": 14448,
            "max": [
                2992
            ],
            "min": [
                0
            ],
            "type": "SCALAR"
        },
        {
            "bufferView": 1,
            "byteOffset": 0,
            "componentType": 5123,
            "count": 2993,
            "max": [
                29,
                29,
                29,
                27
            ],
            "min": [
                0,
                0,
                0,
                0
            ],
            "type": "VEC4"
        },
        {
            "bufferView": 2,
            "byteOffset": 0,
            "componentType": 5126,
            "count": 2993,
            "max": [
                0.9995620250701904,
                0.9965879917144777,
                0.9997979998588562
            ],
            "min": [
                -0.9995620250701904,
                -0.9998660087585448,
                -0.9999589920043944
            ],
            "type": "VEC3"
        },
        {
            "bufferView": 2,
            "byteOffset": 35916,
            "componentType": 5126,
            "count": 2993,
            "max": [
                1.4077644348144532,
                2.310660839080811,
                2.7434287071228029
            ],
            "min": [
                -1.4077644348144532,
                -0.8734526038169861,
                -0.14151355624198914
            ],
            "type": "VEC3"
        },
        {
            "bufferView": 1,
            "byteOffset": 23944,
            "componentType": 5126,
            "count": 2993,
            "max": [
                0.9959009885787964,
                0.9948170185089112
            ],
            "min": [
                0.004098999779671431,
                0.0044370293617248539
            ],
            "type": "VEC2"
        },
        {
            "bufferView": 3,
            "byteOffset": 0,
            "componentType": 5126,
            "count": 2993,
            "max": [
                1.0,
                0.9900000095367432,
                0.9399999976158142,
                0.9000000357627869
            ],
            "min": [
                0.009999999776482582,
                0.0,
                0.0,
                0.0
            ],
            "type": "VEC4"
        },
        {
            "bufferView": 0,
            "byteOffset": 28896,
            "componentType": 5123,
            "count": 444,
            "max": [
                97
            ],
            "min": [
                0
            ],
            "type": "SCALAR"
        },
        {
            "bufferView": 1,
            "byteOffset": 47888,
            "componentType": 5123,
            "count": 98,
            "max": [
                24,
                0,
                0,
                0
            ],
            "min": [
                24,
                0,
                0,
                0
            ],
            "type": "VEC4"
        },
        {
            "bufferView": 2,
            "byteOffset": 71832,
            "componentType": 5126,
            "count": 98,
            "max": [
                0.9893519878387452,
                -0.09801799803972244,
                0.7283989787101746
            ],
            "min": [
                -0.9893519878387452,
                -0.7635049819946289,
                -0.3988580107688904
            ],
            "type": "VEC3"
        },
        {
            "bufferView": 2,
            "byteOffset": 73008,
            "componentType": 5126,
            "count": 98,
            "max": [
                0.3334435820579529,
                -0.29096969962120058,
                2.294074535369873
            ],
            "min": [
                -0.3334435820579529,
                -0.6187388896942139,
                2.056584596633911
            ],
            "type": "VEC3"
        },
        {
            "bufferView": 1,
            "byteOffset": 48672,
            "componentType": 5126,
            "count": 98,
            "max": [
                0.4924899935722351,
                -0.8145699501037598
            ],
            "min": [
                0.007505999878048897,
                -0.9580299854278565
            ],
            "type": "VEC2"
        },
        {
            "bufferView": 3,
            "byteOffset": 47888,
            "componentType": 5126,
            "count": 98,
            "max": [
                1.0,
                0.0,
                0.0,
                0.0
            ],
            "min": [
                1.0,
                0.0,
                0.0,
                0.0
            ],
            "type": "VEC4"
        },
        {
            "bufferView": 0,
            "byteOffset": 29784,
            "componentType": 5123,
            "count": 528,
            "max": [
                165
            ],
            "min": [
                0
            ],
            "type": "SCALAR"
        },
        {
            "bufferView": 1,
            "byteOffset": 49456,
            "componentType": 5123,
            "count": 166,
            "max": [
                16,
                16,
                16,
                0
            ],
            "min": [
                14,
                0,
                0,
                0
            ],
            "type": "VEC4"
        },
        {
            "bufferView": 2,
            "byteOffset": 74184,
            "componentType": 5126,
            "count": 166,
            "max": [
                0.9999930262565612,
                0.9988729953765868,
                1.0
            ],
            "min": [
                -0.9988729953765868,
                -0.9988729953765868,
                -1.0
            ],
            "type": "VEC3"
        },
        {
            "bufferView": 2,
            "byteOffset": 76176,
            "componentType": 5126,
            "count": 166,
            "max": [
                0.23282578587532044,
                2.5532333850860597,
                1.5410102605819705
            ],
            "min": [
                -0.23282605409622193,
                2.0875954627990724,
                0.48611533641815188
            ],
            "type": "VEC3"
        },
        {
            "bufferView": 1,
            "byteOffset": 50784,
            "componentType": 5126,
            "count": 166,
            "max": [
                0.9858070015907288,
                0.9957630038261414
            ],
            "min": [
                0.01423100009560585,
                -0.8401299715042114
            ],
            "type": "VEC2"
        },
        {
            "bufferView": 3,
            "byteOffset": 49456,
            "componentType": 5126,
            "count": 166,
            "max": [
                1.0,
                0.8600000143051148,
                0.04999999701976776,
                0.0
            ],
            "min": [
                0.14000001549720765,
                0.0,
                0.0,
                0.0
            ],
            "type": "VEC4"
        },
        {
            "bufferView": 0,
            "byteOffset": 30840,
            "componentType": 5123,
            "count": 444,
            "max": [
                97
            ],
            "min": [
                0
            ],
            "type": "SCALAR"
        },
        {
            "bufferView": 1,
            "byteOffset": 52112,
            "componentType": 5123,
            "count": 98,
            "max": [
                24,
                24,
                0,
                0
            ],
            "min": [
                14,
                0,
                0,
                0
            ],
            "type": "VEC4"
        },
        {
            "bufferView": 2,
            "byteOffset": 78168,
            "componentType": 5126,
            "count": 98,
            "max": [
                0.986109972000122,
                -0.02333899959921837,
                0.905493974685669
            ],
            "min": [
                -0.986109972000122,
                -0.9099469780921936,
                -0.5380000472068787
            ],
            "type": "VEC3"
        },
        {
            "bufferView": 2,
            "byteOffset": 79344,
            "componentType": 5126,
            "count": 98,
            "max": [
                0.3356127142906189,
                -0.29183584451675417,
                2.2929341793060304
            ],
            "min": [
                -0.3356127142906189,
                -0.6196584105491638,
                2.058690309524536
            ],
            "type": "VEC3"
        },
        {
            "bufferView": 1,
            "byteOffset": 52896,
            "componentType": 5126,
            "count": 98,
            "max": [
                0.974731981754303,
                -1.2582800388336182
            ],
            "min": [
                0.030023999512195588,
                -1.8321199417114256
            ],
            "type": "VEC2"
        },
        {
            "bufferView": 3,
            "byteOffset": 52112,
            "componentType": 5126,
            "count": 98,
            "max": [
                1.0,
                1.0,
                0.0,
                0.0
            ],
            "min": [
                0.0,
                0.0,
                0.0,
                0.0
            ],
            "type": "VEC4"
        },
        {
            "bufferView": 0,
            "byteOffset": 31728,
            "componentType": 5123,
            "count": 576,
            "max": [
                106
            ],
            "min": [
                0
            ],
            "type": "SCALAR"
        },
        {
            "bufferView": 1,
            "byteOffset": 53680,
            "componentType": 5123,
            "count": 107,
            "max": [
                16,
                16,
                16,
                0
            ],
            "min": [
                14,
                0,
                0,
                0
            ],
            "type": "VEC4"
        },
        {
            "bufferView": 2,
            "byteOffset": 80520,
            "componentType": 5126,
            "count": 107,
            "max": [
                0.9993919730186462,
                0.9993820190429688,
                1.0
            ],
            "min": [
                -0.9993919730186462,
                -0.9993829727172852,
                -1.0
            ],
            "type": "VEC3"
        },
        {
            "bufferView": 2,
            "byteOffset": 81804,
            "componentType": 5126,
            "count": 107,
            "max": [
                0.2585262656211853,
                2.5810718536376959,
                1.5839948654174805
            ],
            "min": [
                -0.2585262656211853,
                2.0586750507354738,
                0.4638420939445496
            ],
            "type": "VEC3"
        },
        {
            "bufferView": 1,
            "byteOffset": 54536,
            "componentType": 5126,
            "count": 107,
            "max": [
                0.9978999495506288,
                0.9667919874191284
            ],
            "min": [
                0.0019389999797567728,
                0.0194929838180542
            ],
            "type": "VEC2"
        },
        {
            "bufferView": 3,
            "byteOffset": 53680,
            "componentType": 5126,
            "count": 107,
            "max": [
                1.0,
                0.800000011920929,
                0.04999999701976776,
                0.0
            ],
            "min": [
                0.20000000298023225,
                0.0,
                0.0,
                0.0
            ],
            "type": "VEC4"
        },
        {
            "bufferView": 4,
            "byteOffset": 0,
            "componentType": 5126,
            "count": 30,
            "max": [
                1.0,
                1.0,
                0.4733569920063019,
                0.0,
                0.999787986278534,
                0.39874500036239626,
                0.09996800124645232,
                0.0,
                1.0,
                1.0,
                0.999787986278534,
                0.0,
                35.93429946899414,
                56.7864990234375,
                91.25830078125,
                1.0
            ],
            "min": [
                -1.0,
                -1.0,
                -0.4733549952507019,
                0.0,
                -0.8966839909553528,
                -0.3987460136413574,
                -1.0,
                0.0,
                -1.0,
                -1.0,
                -0.26214098930358889,
                0.0,
                -77.43920135498047,
                -56.786598205566409,
                -76.16859436035156,
                1.0
            ],
            "type": "MAT4"
        }
    ],
    "materials": [
        {
            "pbrMetallicRoughness": {
                "baseColorFactor": [
                    1.0,
                    1.0,
                    1.0,
                    1.0
                ],
                "baseColorTexture": {
                    "index": 0
                },
                "metallicFactor": 0.0
            },
            "name": "Material__34"
        },
        {
            "pbrMetallicRoughness": {
                "baseColorFactor": [
                    1.0,
                    1.0,
                    1.0,
                    1.0
                ],
                "baseColorTexture": {
                    "index": 1
                },
                "metallicFactor": 0.0
            },
            "name": "Material__35"
        },
        {
            "pbrMetallicRoughness": {
                "baseColorFactor": [
                    1.0,
                    1.0,
                    1.0,
                    1.0
                ],
                "baseColorTexture": {
                    "index": 2
                },
                "metallicFactor": 0.0
            },
            "name": "Material__36"
        },
        {
            "pbrMetallicRoughness": {
                "baseColorTexture": {
                    "index": 3
                },
                "metallicFactor": 0.0
            },
            "name": "Material__37"
        },
        {
            "pbrMetallicRoughness": {
                "baseColorFactor": [
                    1.0,
                    1.0,
                    1.0,
                    1.0
                ],
                "baseColorTexture": {
                    "index": 4
                },
                "metallicFactor": 0.0
            },
            "name": "Material__38"
        }
    ],
    "textures": [
        {
            "sampler": 0,
            "source": 0
        },
        {
            "sampler": 0,
            "source": 1
        },
        {
            "sampler": 0,
            "source": 2
        },
        {
            "sampler": 0,
            "source": 3
        },
        {
            "sampler": 0,
            "source": 4
        }
    ],
    "images": [
        {
            "uri": "pm0005_00_Body1.png"
        },
        {
            "uri": "pm0005_00_Eye1.png"
        },
        {
            "uri": "pm0005_00_FireCoreA1.png"
        },
        {
            "uri": "pm0005_00_Iris1.png"
        },
        {
            "uri": "pm0005_00_FireStenA1.png"
        }
    ],
    "samplers": [
        {
            "magFilter": 9729,
            "minFilter": 9986,
            "wrapS": 10497,
            "wrapT": 10497
        }
    ],
    "bufferViews": [
        {
            "buffer": 0,
            "byteOffset": 195792,
            "byteLength": 32880,
            "target": 34963
        },
        {
            "buffer": 0,
            "byteOffset": 140400,
            "byteLength": 55392,
            "byteStride": 8,
            "target": 34962
        },
        {
            "buffer": 0,
            "byteOffset": 57312,
            "byteLength": 83088,
            "byteStride": 12,
            "target": 34962
        },
        {
            "buffer": 0,
            "byteOffset": 1920,
            "byteLength": 55392,
            "byteStride": 16,
            "target": 34962
        },
        {
            "buffer": 0,
            "byteOffset": 0,
            "byteLength": 1920
        }
    ],
    "buffers": [
        {
            "byteLength": 228672,
            "uri": "Charmeleon_ColladaMax0.bin"
        }
    ]
}
