{
    "asset": {
        "generator": "COLLADA2GLTF",
        "version": "2.0"
    },
    "scenes": [
        {
            "nodes": [
                0
            ]
        }
    ],
    "scene": 0,
    "nodes": [
        {
            "children": [
                11,
                1
            ],
            "matrix": [
                1.0,
                0.0,
                0.0,
                0.0,
                0.0,
                0.0,
                -1.0,
                0.0,
                0.0,
                1.0,
                0.0,
                0.0,
                0.0,
                0.0,
                0.0,
                1.0
            ],
            "name": "Z_UP"
        },
        {
            "mesh": 0,
            "skin": 0,
            "name": "Machamp"
        },
        {
            "children": [
                7,
                3
            ],
            "matrix": [
                -1.0,
                -8.979318677493353e-11,
                0.0,
                0.0,
                8.979318677493353e-11,
                -1.0,
                0.0,
                0.0,
                0.0,
                0.0,
                1.0,
                0.0,
                0.0,
                0.0,
                0.0,
                1.0
            ],
            "name": "Hips"
        },
        {
            "children": [
                4
            ],
            "matrix": [
                0.966414511203766,
                -0.25613272190093996,
                -0.020953353494405748,
                0.0,
                0.25671759247779848,
                0.9659238457679749,
                0.03297291323542595,
                0.0,
                0.011793901212513449,
                -0.03724459558725357,
                0.9992365837097168,
                0.0,
                0.3343020975589752,
                -0.3718509078025818,
                0.0034232342150062324,
                1.0
            ],
            "name": "RThigh"
        },
        {
            "children": [
                5
            ],
            "matrix": [
                0.9695463180541992,
                0.0,
                -0.24490804970264436,
                0.0,
                0.0,
                1.0,
                0.0,
                0.0,
                0.24490804970264436,
                0.0,
                0.9695463180541992,
                0.0,
                0.7500314712524414,
                -3.8099997823337619e-7,
                0.0,
                1.0
            ],
            "name": "RLeg"
        },
        {
            "children": [
                6
            ],
            "matrix": [
                -0.25667738914489748,
                0.0,
                0.9664971232414246,
                0.0,
                0.0,
                1.0,
                0.0,
                0.0,
                -0.9664971232414246,
                0.0,
                -0.25667738914489748,
                0.0,
                0.6192519664764404,
                -0.000001244599957317405,
                1.524000055042052e-7,
                1.0
            ],
            "name": "RFoot"
        },
        {
            "matrix": [
                1.0,
                0.0,
                0.0,
                0.0,
                0.0,
                1.0,
                0.0,
                0.0,
                0.0,
                0.0,
                1.0,
                0.0,
                0.4224147200584412,
                7.620000275210259e-8,
                -0.19223862886428834,
                1.0
            ],
            "name": "RToe"
        },
        {
            "children": [
                8
            ],
            "matrix": [
                0.966414511203766,
                0.25613272190093996,
                -0.020953353494405748,
                0.0,
                -0.25671759247779848,
                0.9659238457679749,
                -0.03297291323542595,
                0.0,
                0.011793901212513449,
                0.03724459558725357,
                0.9992365837097168,
                0.0,
                0.33429956436157229,
                0.3718509078025818,
                0.0034232342150062324,
                1.0
            ],
            "name": "LThigh"
        },
        {
            "children": [
                9
            ],
            "matrix": [
                0.9695463180541992,
                0.0,
                -0.24490804970264436,
                0.0,
                0.0,
                1.0,
                0.0,
                0.0,
                0.24490804970264436,
                0.0,
                0.9695463180541992,
                0.0,
                0.7500340342521668,
                -7.620000275210259e-8,
                0.0,
                1.0
            ],
            "name": "LLeg"
        },
        {
            "children": [
                10
            ],
            "matrix": [
                -0.25667738914489748,
                -5.803605063192663e-7,
                0.9664971232414246,
                0.0,
                -0.000004446349066711264,
                1.0,
                -5.803605063192663e-7,
                0.0,
                -0.9664971232414246,
                -0.000004446349066711264,
                -0.25667738914489748,
                0.0,
                0.6192519664764404,
                -7.620000275210259e-8,
                0.0,
                1.0
            ],
            "name": "LFoot"
        },
        {
            "matrix": [
                1.0,
                0.0,
                0.0,
                0.0,
                0.0,
                1.0,
                0.0,
                0.0,
                0.0,
                0.0,
                1.0,
                0.0,
                0.4224147200584412,
                2.5400000325248585e-8,
                -0.19223812222480778,
                1.0
            ],
            "name": "LToe"
        },
        {
            "children": [
                12
            ],
            "matrix": [
                1.0,
                0.0,
                0.0,
                0.0,
                0.0,
                4.4896641959724089e-11,
                1.0,
                0.0,
                0.0,
                -1.0,
                4.4896641959724089e-11,
                0.0,
                0.0,
                0.0,
                0.0,
                1.0
            ],
            "name": "pm0068_00"
        },
        {
            "children": [
                13
            ],
            "name": "Origin"
        },
        {
            "children": [
                2,
                14
            ],
            "matrix": [
                -0.0000034620645692484688,
                1.0,
                0.0,
                0.0,
                -1.0,
                -0.0000034620645692484688,
                0.0,
                0.0,
                0.0,
                0.0,
                1.0,
                0.0,
                0.0,
                1.931822419166565,
                0.0,
                1.0
            ],
            "name": "Waist"
        },
        {
            "children": [
                15
            ],
            "name": "Spine1"
        },
        {
            "children": [
                72,
                54,
                52,
                34,
                16
            ],
            "matrix": [
                0.9923592805862428,
                0.0,
                0.12338168919086456,
                0.0,
                0.0,
                1.0,
                0.0,
                0.0,
                -0.12338168919086456,
                0.0,
                0.9923592805862428,
                0.0,
                0.3706876039505005,
                0.0,
                0.0,
                1.0
            ],
            "name": "Spine2"
        },
        {
            "children": [
                17
            ],
            "matrix": [
                0.17875318229198457,
                -0.9732211828231812,
                -0.14452612400054933,
                0.0,
                0.9729778170585632,
                0.1966729462146759,
                -0.12097053229808808,
                0.0,
                0.1461554616689682,
                -0.11899684369564057,
                0.9820785522460938,
                0.0,
                0.7865160703659058,
                -0.12234519422054292,
                -0.46023276448249819,
                1.0
            ],
            "name": "LShoulder2"
        },
        {
            "children": [
                18
            ],
            "matrix": [
                0.9719423651695252,
                -0.1946304887533188,
                0.13208724558353425,
                0.0,
                0.1963508576154709,
                0.9805337190628052,
                2.3540368943031354e-7,
                0.0,
                -0.12951603531837464,
                0.0259352158755064,
                0.9912381172180176,
                0.0,
                0.45931071043014529,
                -5.588000249190372e-7,
                -7.620000275210259e-8,
                1.0
            ],
            "name": "LArm2"
        },
        {
            "children": [
                19
            ],
            "matrix": [
                1.0,
                0.0,
                0.0,
                0.0,
                0.0,
                1.0,
                0.0,
                0.0,
                0.0,
                0.0,
                1.0,
                0.0,
                0.8026806712150574,
                0.0,
                7.620000275210259e-8,
                1.0
            ],
            "name": "LForeArm2"
        },
        {
            "children": [
                31,
                29,
                26,
                23,
                20
            ],
            "matrix": [
                0.99995219707489,
                0.0,
                -0.009774839505553246,
                0.0,
                0.0,
                1.0,
                0.0,
                0.0,
                0.009774839505553246,
                0.0,
                0.99995219707489,
                0.0,
                0.554692804813385,
                -3.8099997823337619e-7,
                0.0,
                1.0
            ],
            "name": "LHand2"
        },
        {
            "children": [
                21
            ],
            "matrix": [
                0.999992609024048,
                -0.0017523792339488865,
                -0.003418886801227927,
                0.0,
                0.0033761661034077408,
                -0.023827865719795228,
                0.9997103810310364,
                0.0,
                -0.0018333365442231296,
                -0.9997145533561708,
                -0.023821773007512097,
                0.0,
                0.4680991470813751,
                0.05241086706519127,
                -0.07375270873308182,
                1.0
            ],
            "name": "LFingerI1"
        },
        {
            "children": [
                22
            ],
            "matrix": [
                1.0,
                0.0,
                0.0,
                0.0,
                0.0,
                1.0,
                0.0,
                0.0,
                0.0,
                0.0,
                1.0,
                0.0,
                0.15642715990543366,
                0.0,
                -0.0000023114000669011149,
                1.0
            ],
            "name": "LFingerI2"
        },
        {
            "matrix": [
                1.0,
                0.0,
                0.0,
                0.0,
                0.0,
                1.0,
                0.0,
                0.0,
                0.0,
                0.0,
                1.0,
                0.0,
                0.1441653072834015,
                -1.2699999274445873e-7,
                0.0,
                1.0
            ],
            "name": "LFingerI3"
        },
        {
            "children": [
                24
            ],
            "matrix": [
                0.999992609024048,
                -0.0017523792339488865,
                -0.003418886801227927,
                0.0,
                0.0033761661034077408,
                -0.023827865719795228,
                0.9997103810310364,
                0.0,
                -0.0018333365442231296,
                -0.9997145533561708,
                -0.023821773007512097,
                0.0,
                0.4806264340877533,
                0.0525241494178772,
                0.07198233157396317,
                1.0
            ],
            "name": "LFingerH1"
        },
        {
            "children": [
                25
            ],
            "matrix": [
                1.0,
                0.0,
                0.0,
                0.0,
                0.0,
                1.0,
                0.0,
                0.0,
                0.0,
                0.0,
                1.0,
                0.0,
                0.17976848781108857,
                0.0005256530130282044,
                -0.0000019304000034026105,
                1.0
            ],
            "name": "LFingerH2"
        },
        {
            "matrix": [
                1.0,
                0.0,
                0.0,
                0.0,
                0.0,
                1.0,
                0.0,
                0.0,
                0.0,
                0.0,
                1.0,
                0.0,
                0.1557174921035767,
                0.0,
                3.8099997823337619e-7,
                1.0
            ],
            "name": "LFingerH3"
        },
        {
            "children": [
                27
            ],
            "matrix": [
                0.999992609024048,
                -0.0017523792339488865,
                -0.003418886801227927,
                0.0,
                0.0033761661034077408,
                -0.023827865719795228,
                0.9997103810310364,
                0.0,
                -0.0018333365442231296,
                -0.9997145533561708,
                -0.023821773007512097,
                0.0,
                0.4218254089355469,
                0.046409863978624347,
                -0.20589138567447666,
                1.0
            ],
            "name": "LFingerJ1"
        },
        {
            "children": [
                28
            ],
            "matrix": [
                1.0,
                0.0,
                0.0,
                0.0,
                0.0,
                1.0,
                0.0,
                0.0,
                0.0,
                0.0,
                1.0,
                0.0,
                0.14652396738529206,
                -2.5400000325248585e-8,
                -0.0000019304000034026105,
                1.0
            ],
            "name": "LFingerJ2"
        },
        {
            "matrix": [
                1.0,
                0.0,
                0.0,
                0.0,
                0.0,
                1.0,
                0.0,
                0.0,
                0.0,
                0.0,
                1.0,
                0.0,
                0.12156999111175536,
                -7.620000275210259e-8,
                0.0,
                1.0
            ],
            "name": "LFingerJ3"
        },
        {
            "children": [
                30
            ],
            "matrix": [
                0.7320867776870728,
                -0.4673474133014679,
                0.4956161677837372,
                0.0,
                -0.5386139154434204,
                -0.8425520062446594,
                0.0011049651075154544,
                0.0,
                0.417065978050232,
                -0.2677547037601471,
                -0.8685409426689148,
                0.0,
                0.24258726835250858,
                -0.14712873101234437,
                0.25290271639823916,
                1.0
            ],
            "name": "LFingerF1"
        },
        {
            "matrix": [
                0.9917824268341065,
                0.0,
                0.1279362142086029,
                0.0,
                0.0,
                1.0,
                0.0,
                0.0,
                -0.1279362142086029,
                0.0,
                0.9917824268341065,
                0.0,
                0.1703753173351288,
                3.8099997823337619e-7,
                7.620000275210259e-8,
                1.0
            ],
            "name": "LFingerF2"
        },
        {
            "children": [
                32
            ],
            "matrix": [
                0.999992609024048,
                -0.0017523792339488865,
                -0.003418886801227927,
                0.0,
                0.0033761661034077408,
                -0.023827865719795228,
                0.9997103810310364,
                0.0,
                -0.0018333365442231296,
                -0.9997145533561708,
                -0.023821773007512097,
                0.0,
                0.46901100873947146,
                0.04443933069705963,
                0.22203154861927033,
                1.0
            ],
            "name": "LFingerG1"
        },
        {
            "children": [
                33
            ],
            "matrix": [
                1.0,
                0.0,
                0.0,
                0.0,
                0.0,
                1.0,
                0.0,
                0.0,
                0.0,
                0.0,
                1.0,
                0.0,
                0.1668015420436859,
                0.0,
                3.8099997823337619e-7,
                1.0
            ],
            "name": "LFingerG2"
        },
        {
            "matrix": [
                1.0,
                0.0,
                0.0,
                0.0,
                0.0,
                1.0,
                0.0,
                0.0,
                0.0,
                0.0,
                1.0,
                0.0,
                0.145603209733963,
                0.0,
                0.0,
                1.0
            ],
            "name": "LFingerG3"
        },
        {
            "children": [
                35
            ],
            "matrix": [
                0.1348392516374588,
                0.9906821846961976,
                0.019162366166710858,
                0.0,
                -0.9837380647659302,
                0.1315283179283142,
                0.12230975180864334,
                0.0,
                0.11864969879388808,
                -0.035342905670404437,
                0.99230694770813,
                0.0,
                0.40609011054039,
                0.17574742436408997,
                0.08864447474479675,
                1.0
            ],
            "name": "RShoulder"
        },
        {
            "children": [
                36
            ],
            "matrix": [
                0.9913555383682252,
                0.12934093177318574,
                0.02202613092958927,
                0.0,
                -0.12937231361865998,
                0.9915961027145386,
                -9.9758032945374e-8,
                0.0,
                -0.02184103988111019,
                -0.002849472919479013,
                0.9997574090957642,
                0.0,
                0.4600270092487335,
                0.000014528799511026593,
                2.5400000325248585e-8,
                1.0
            ],
            "name": "RArm"
        },
        {
            "children": [
                37
            ],
            "matrix": [
                1.0,
                0.0,
                0.0,
                0.0,
                0.0,
                1.0,
                0.0,
                0.0,
                0.0,
                0.0,
                1.0,
                0.0,
                0.8266302347183228,
                -0.000010642599590937609,
                -2.5400000325248585e-8,
                1.0
            ],
            "name": "RForeArm"
        },
        {
            "children": [
                49,
                46,
                44,
                41,
                38
            ],
            "matrix": [
                0.9984613060951232,
                0.0,
                -0.05545258894562721,
                0.0,
                0.0,
                1.0,
                0.0,
                0.0,
                0.05545258894562721,
                0.0,
                0.9984613060951232,
                0.0,
                0.584149181842804,
                0.000015671799701522106,
                2.2860000115088042e-7,
                1.0
            ],
            "name": "RHand"
        },
        {
            "children": [
                39
            ],
            "matrix": [
                0.9999956488609314,
                0.0022511794231832029,
                -0.001896410598419607,
                0.0,
                -0.0019067757530137897,
                0.004611143842339516,
                -0.999987542629242,
                0.0,
                -0.0022424068301916124,
                0.9999868273735046,
                0.004615416284650564,
                0.0,
                0.47615092992782595,
                -0.09392132610082628,
                0.05341010540723801,
                1.0
            ],
            "name": "RFingerC1"
        },
        {
            "children": [
                40
            ],
            "matrix": [
                1.0,
                0.0,
                0.0,
                0.0,
                0.0,
                1.0,
                0.0,
                0.0,
                0.0,
                0.0,
                1.0,
                0.0,
                0.17260544002056125,
                0.0,
                1.7780000405309696e-7,
                1.0
            ],
            "name": "RFingerC2"
        },
        {
            "matrix": [
                1.0,
                0.0,
                0.0,
                0.0,
                0.0,
                1.0,
                0.0,
                0.0,
                0.0,
                0.0,
                1.0,
                0.0,
                0.1557019948959351,
                0.0,
                1.7780000405309696e-7,
                1.0
            ],
            "name": "RFingerC3"
        },
        {
            "children": [
                42
            ],
            "matrix": [
                0.9999956488609314,
                0.0022511794231832029,
                -0.001896410598419607,
                0.0,
                -0.0019067757530137897,
                0.004611143842339516,
                -0.999987542629242,
                0.0,
                -0.0022424068301916124,
                0.9999868273735046,
                0.004615416284650564,
                0.0,
                0.4644390046596527,
                -0.09010624140501024,
                0.20061960816383365,
                1.0
            ],
            "name": "RFingerB1"
        },
        {
            "children": [
                43
            ],
            "matrix": [
                1.0,
                0.0,
                0.0,
                0.0,
                0.0,
                1.0,
                0.0,
                0.0,
                0.0,
                0.0,
                1.0,
                0.0,
                0.15583612024784089,
                -7.620000275210259e-8,
                0.0,
                1.0
            ],
            "name": "RFingerB2"
        },
        {
            "matrix": [
                1.0,
                0.0,
                0.0,
                0.0,
                0.0,
                1.0,
                0.0,
                0.0,
                0.0,
                0.0,
                1.0,
                0.0,
                0.14561820030212406,
                7.620000275210259e-8,
                1.7780000405309696e-7,
                1.0
            ],
            "name": "RFingerB3"
        },
        {
            "children": [
                45
            ],
            "matrix": [
                0.7311537861824036,
                0.453358918428421,
                0.5097841024398804,
                0.0,
                0.538990318775177,
                -0.8419621586799622,
                -0.024272574111819269,
                0.0,
                0.4182147383689881,
                0.29251569509506228,
                -0.8599599003791809,
                0.0,
                0.2477424591779709,
                0.12193980813026428,
                0.22647401690483097,
                1.0
            ],
            "name": "RFingerA1"
        },
        {
            "matrix": [
                0.991782546043396,
                0.0,
                0.12793517112731934,
                0.0,
                0.0,
                1.0,
                0.0,
                0.0,
                -0.12793517112731934,
                0.0,
                0.991782546043396,
                0.0,
                0.17036618292331696,
                0.000016662399502820337,
                -0.000004063999767822679,
                1.0
            ],
            "name": "RFingerA2"
        },
        {
            "children": [
                47
            ],
            "matrix": [
                0.9999956488609314,
                0.0022511794231832029,
                -0.001896410598419607,
                0.0,
                -0.0019067757530137897,
                0.004611143842339516,
                -0.999987542629242,
                0.0,
                -0.0022424068301916124,
                0.9999868273735046,
                0.004615416284650564,
                0.0,
                0.46383196115493777,
                -0.08965589851140976,
                -0.09522460401058196,
                1.0
            ],
            "name": "RFingerD1"
        },
        {
            "children": [
                48
            ],
            "matrix": [
                1.0,
                0.0,
                0.0,
                0.0,
                0.0,
                1.0,
                0.0,
                0.0,
                0.0,
                0.0,
                1.0,
                0.0,
                0.14965654909610749,
                0.0,
                3.8099997823337619e-7,
                1.0
            ],
            "name": "RFingerD2"
        },
        {
            "matrix": [
                1.0,
                0.0,
                0.0,
                0.0,
                0.0,
                1.0,
                0.0,
                0.0,
                0.0,
                0.0,
                1.0,
                0.0,
                0.14417065680027009,
                0.0,
                0.0,
                1.0
            ],
            "name": "RFingerD3"
        },
        {
            "children": [
                50
            ],
            "matrix": [
                0.9999956488609314,
                0.0022511794231832029,
                -0.001896410598419607,
                0.0,
                -0.0019067757530137897,
                0.004611143842339516,
                -0.999987542629242,
                0.0,
                -0.0022424068301916124,
                0.9999868273735046,
                0.004615416284650564,
                0.0,
                0.4177487194538117,
                -0.0799073874950409,
                -0.2265166938304901,
                1.0
            ],
            "name": "RFingerE1"
        },
        {
            "children": [
                51
            ],
            "matrix": [
                1.0,
                0.0,
                0.0,
                0.0,
                0.0,
                1.0,
                0.0,
                0.0,
                0.0,
                0.0,
                1.0,
                0.0,
                0.13824203610420228,
                0.0,
                -0.000024993600163725209,
                1.0
            ],
            "name": "RFingerE2"
        },
        {
            "matrix": [
                1.0,
                0.0,
                0.0,
                0.0,
                0.0,
                1.0,
                0.0,
                0.0,
                0.0,
                0.0,
                1.0,
                0.0,
                0.12156414985656738,
                0.0,
                0.0,
                1.0
            ],
            "name": "RFingerE3"
        },
        {
            "children": [
                53
            ],
            "matrix": [
                0.7315250635147095,
                -5.369498126128747e-7,
                0.6818145513534546,
                0.0,
                -5.369498126128747e-7,
                1.0,
                0.0000013636290532303977,
                0.0,
                -0.6818145513534546,
                -0.0000013636290532303977,
                0.7315250635147095,
                0.0,
                0.991021692752838,
                0.0,
                -2.5400000325248585e-8,
                1.0
            ],
            "name": "Head"
        },
        {
            "matrix": [
                0.056346066296100619,
                0.0,
                0.9984112977981569,
                0.0,
                0.0,
                1.0,
                0.0,
                0.0,
                -0.9984112977981569,
                0.0,
                0.056346066296100619,
                0.0,
                0.2626156806945801,
                0.0,
                0.0,
                1.0
            ],
            "name": "Jaw"
        },
        {
            "children": [
                55
            ],
            "matrix": [
                0.1348392516374588,
                -0.9906821846961976,
                0.019162366166710858,
                0.0,
                0.9837380647659302,
                0.1315283179283142,
                -0.12230975180864334,
                0.0,
                0.11864969879388808,
                0.035342905670404437,
                0.99230694770813,
                0.0,
                0.4060799479484558,
                -0.17574742436408997,
                0.08864574134349823,
                1.0
            ],
            "name": "LShoulder"
        },
        {
            "children": [
                56
            ],
            "matrix": [
                0.9913554787635804,
                -0.12934093177318574,
                0.02202721126377583,
                0.0,
                0.12937231361865998,
                0.9915961027145386,
                3.6776381051595318e-8,
                0.0,
                -0.021842101588845258,
                0.002849674783647061,
                0.9997573494911194,
                0.0,
                0.46002957224845889,
                0.0,
                -5.0800000650497177e-8,
                1.0
            ],
            "name": "LArm"
        },
        {
            "children": [
                57
            ],
            "matrix": [
                1.0,
                0.0,
                0.0,
                0.0,
                0.0,
                1.0,
                0.0,
                0.0,
                0.0,
                0.0,
                1.0,
                0.0,
                0.8266302347183228,
                3.8099997823337619e-7,
                0.0,
                1.0
            ],
            "name": "LForeArm"
        },
        {
            "children": [
                70,
                67,
                64,
                61,
                58
            ],
            "matrix": [
                0.9984613060951232,
                0.0,
                -0.05545258894562721,
                0.0,
                0.0,
                1.0,
                0.0,
                0.0,
                0.05545258894562721,
                0.0,
                0.9984613060951232,
                0.0,
                0.584149181842804,
                3.8099997823337619e-7,
                0.0,
                1.0
            ],
            "name": "LHand"
        },
        {
            "children": [
                59
            ],
            "matrix": [
                0.9999956488609314,
                -0.002251179190352559,
                -0.00189640698954463,
                0.0,
                0.0019067759858444336,
                0.004612874705344439,
                0.999987542629242,
                0.0,
                -0.002242403104901314,
                -0.9999868273735046,
                0.004617147147655487,
                0.0,
                0.4177512526512146,
                0.07990890741348267,
                -0.2265166938304901,
                1.0
            ],
            "name": "LFingerE1"
        },
        {
            "children": [
                60
            ],
            "matrix": [
                1.0,
                0.0,
                0.0,
                0.0,
                0.0,
                1.0,
                0.0,
                0.0,
                0.0,
                0.0,
                1.0,
                0.0,
                0.1382346749305725,
                0.0,
                -0.000002692399903025944,
                1.0
            ],
            "name": "LFingerE2"
        },
        {
            "matrix": [
                1.0,
                0.0,
                0.0,
                0.0,
                0.0,
                1.0,
                0.0,
                0.0,
                0.0,
                0.0,
                1.0,
                0.0,
                0.12156999111175536,
                0.0,
                0.0,
                1.0
            ],
            "name": "LFingerE3"
        },
        {
            "children": [
                62
            ],
            "matrix": [
                0.9999956488609314,
                -0.002251179190352559,
                -0.00189640698954463,
                0.0,
                0.0019067759858444336,
                0.004612874705344439,
                0.999987542629242,
                0.0,
                -0.002242403104901314,
                -0.9999868273735046,
                0.004617147147655487,
                0.0,
                0.4638344645500183,
                0.08964396268129349,
                -0.09522434324026108,
                1.0
            ],
            "name": "LFingerD1"
        },
        {
            "children": [
                63
            ],
            "matrix": [
                1.0,
                0.0,
                0.0,
                0.0,
                0.0,
                1.0,
                0.0,
                0.0,
                0.0,
                0.0,
                1.0,
                0.0,
                0.14965374767780305,
                0.0,
                -0.0000023114000669011149,
                1.0
            ],
            "name": "LFingerD2"
        },
        {
            "matrix": [
                1.0,
                0.0,
                0.0,
                0.0,
                0.0,
                1.0,
                0.0,
                0.0,
                0.0,
                0.0,
                1.0,
                0.0,
                0.14416608214378358,
                -0.0,
                0.0,
                1.0
            ],
            "name": "LFingerD3"
        },
        {
            "children": [
                65
            ],
            "matrix": [
                0.9999956488609314,
                -0.002251179190352559,
                -0.00189640698954463,
                0.0,
                0.0019067759858444336,
                0.004612874705344439,
                0.999987542629242,
                0.0,
                -0.002242403104901314,
                -0.9999868273735046,
                0.004617147147655487,
                0.0,
                0.47615092992782595,
                0.09391014277935028,
                0.053409088402986529,
                1.0
            ],
            "name": "LFingerC1"
        },
        {
            "children": [
                66
            ],
            "matrix": [
                1.0,
                0.0,
                0.0,
                0.0,
                0.0,
                1.0,
                0.0,
                0.0,
                0.0,
                0.0,
                1.0,
                0.0,
                0.17259478569030765,
                -0.0,
                -0.0000019304000034026105,
                1.0
            ],
            "name": "LFingerC2"
        },
        {
            "matrix": [
                1.0,
                0.0,
                0.0,
                0.0,
                0.0,
                1.0,
                0.0,
                0.0,
                0.0,
                0.0,
                1.0,
                0.0,
                0.15571774542331696,
                0.0,
                0.0,
                1.0
            ],
            "name": "LFingerC3"
        },
        {
            "children": [
                68
            ],
            "matrix": [
                0.9999956488609314,
                -0.002251179190352559,
                -0.00189640698954463,
                0.0,
                0.0019067759858444336,
                0.004612874705344439,
                0.999987542629242,
                0.0,
                -0.002242403104901314,
                -0.9999868273735046,
                0.004617147147655487,
                0.0,
                0.46443647146224978,
                0.0900869444012642,
                0.2006198614835739,
                1.0
            ],
            "name": "LFingerB1"
        },
        {
            "children": [
                69
            ],
            "matrix": [
                1.0,
                0.0,
                0.0,
                0.0,
                0.0,
                1.0,
                0.0,
                0.0,
                0.0,
                0.0,
                1.0,
                0.0,
                0.1558460146188736,
                7.620000275210259e-8,
                0.0,
                1.0
            ],
            "name": "LFingerB2"
        },
        {
            "matrix": [
                1.0,
                0.0,
                0.0,
                0.0,
                0.0,
                1.0,
                0.0,
                0.0,
                0.0,
                0.0,
                1.0,
                0.0,
                0.1456037163734436,
                -7.620000275210259e-8,
                -1.7780000405309696e-7,
                1.0
            ],
            "name": "LFingerB3"
        },
        {
            "children": [
                71
            ],
            "matrix": [
                0.7311537861824036,
                -0.453358918428421,
                0.5097841024398804,
                0.0,
                -0.538990318775177,
                -0.8419621586799622,
                0.024272574111819269,
                0.0,
                0.4182147383689881,
                -0.29251569509506228,
                -0.8599599003791809,
                0.0,
                0.2477432042360306,
                -0.1219387874007225,
                0.22647325694561008,
                1.0
            ],
            "name": "LFingerA1"
        },
        {
            "matrix": [
                0.9917824268341065,
