{
    "asset": {
        "generator": "COLLADA2GLTF",
        "version": "2.0"
    },
    "scenes": [
        {
            "nodes": [
                0
            ]
        }
    ],
    "scene": 0,
    "nodes": [
        {
            "children": [
                56,
                1
            ],
            "matrix": [
                1.0,
                0.0,
                0.0,
                0.0,
                0.0,
                0.0,
                -1.0,
                0.0,
                0.0,
                1.0,
                0.0,
                0.0,
                0.0,
                0.0,
                0.0,
                1.0
            ],
            "name": "Z_UP"
        },
        {
            "mesh": 0,
            "skin": 0,
            "name": "DodrioM"
        },
        {
            "children": [
                46,
                36,
                26,
                16,
                6,
                3
            ],
            "matrix": [
                -0.000003728380534084863,
                1.0,
                0.0,
                0.0,
                -1.0,
                -0.000003728380534084863,
                -0.0,
                0.0,
                0.0,
                0.0,
                1.0,
                0.0,
                0.0,
                2.527818202972412,
                -0.0388874001801014,
                1.0
            ],
            "name": "Waist"
        },
        {
            "children": [
                4
            ],
            "matrix": [
                -0.9915978908538818,
                -0.0000018497319160815096,
                0.12935858964920045,
                0.0,
                0.00000187103285043122,
                -1.0,
                4.3138012273402647e-8,
                0.0,
                0.12935858964920045,
                2.848097153673735e-7,
                0.9915978908538818,
                0.0,
                -0.4506826102733612,
                1.4784756535365928e-12,
                -0.3905605673789978,
                1.0
            ],
            "name": "Tail1"
        },
        {
            "children": [
                5
            ],
            "matrix": [
                0.9942764639854432,
                4.547478929875505e-13,
                -0.1068377122282982,
                0.0,
                -4.506269218450959e-13,
                1.0,
                6.271366211714134e-14,
                0.0,
                0.1068377122282982,
                -1.4210770858940226e-14,
                0.9942764639854432,
                0.0,
                0.5172410011291504,
                0.0,
                0.0,
                1.0
            ],
            "name": "Tail2"
        },
        {
            "matrix": [
                0.9982437491416932,
                -2.2699580388106658e-13,
                -0.05924030765891075,
                0.0,
                2.2651006775526589e-13,
                1.0,
                -1.4914583240308034e-14,
                0.0,
                0.05924030765891075,
                1.4698633672713209e-15,
                0.9982437491416932,
                0.0,
                0.39610791206359866,
                2.9569411155727647e-12,
                4.844669021508708e-8,
                1.0
            ],
            "name": "Tail3"
        },
        {
            "children": [
                7
            ],
            "matrix": [
                -0.9996667504310608,
                0.000001863545207925199,
                -0.025815129280090333,
                0.0,
                -0.0000018643901285031464,
                -1.0,
                8.659781336461947e-9,
                0.0,
                -0.025815129280090333,
                5.6786365831840167e-8,
                0.9996667504310608,
                0.0,
                -0.377400815486908,
                0.2476956844329834,
                0.031073596328496938,
                1.0
            ],
            "name": "RThigh"
        },
        {
            "children": [
                8
            ],
            "matrix": [
                0.9980576634407044,
                -1.1091163231400096e-16,
                0.0622965469956398,
                0.0,
                -2.552756143039246e-19,
                1.0,
                1.7844716267931836e-15,
                0.0,
                -0.0622965469956398,
                -1.7810214498407804e-15,
                0.9980576634407044,
                0.0,
                0.9923452138900756,
                4.844669021508708e-8,
                -1.392841966207925e-7,
                1.0
            ],
            "name": "RLeg"
        },
        {
            "children": [
                14,
                13,
                11,
                9
            ],
            "matrix": [
                0.03651229664683342,
                0.000001943087681866018,
                0.9993332028388976,
                0.0,
                -0.020813610404729844,
                0.9997830986976624,
                0.0007585158455185592,
                0.0,
                -0.9991164207458496,
                -0.02082742750644684,
                0.03650441765785217,
                0.0,
                0.9543747901916504,
                -4.844669021508708e-8,
                9.840722015042049e-8,
                1.0
            ],
            "name": "RFoot"
        },
        {
            "children": [
                10
            ],
            "matrix": [
                0.9063546657562256,
                0.4177584350109101,
                -0.06323879212141037,
                0.0,
                -0.4180709719657898,
                0.9083713293075562,
                0.008843150921165944,
                0.0,
                0.06113860383629799,
                0.01842327043414116,
                0.9979592561721802,
                0.0,
                0.11058174073696137,
                0.16171497106552125,
                -0.10442445427179337,
                1.0
            ],
            "name": "RToeD1"
        },
        {
            "matrix": [
                0.9895001649856569,
                -0.005442173220217228,
                -0.14442913234233857,
                0.0,
                0.003487043082714081,
                0.9998988509178162,
                -0.013786643743515017,
                0.0,
                0.14448955655097962,
                0.013138256035745144,
                0.9894191026687622,
                0.0,
                0.14218765497207642,
                1.09004858472872e-7,
                9.689338043017418e-8,
                1.0
            ],
            "name": "RToeD2"
        },
        {
            "children": [
                12
            ],
            "matrix": [
                0.8835325241088867,
                -0.4654279947280884,
                -0.05241197347640991,
                0.0,
                0.46511250734329226,
                0.8850517272949219,
                -0.01880902610719204,
                0.0,
                0.05514155700802803,
                -0.007759077940136194,
                0.998448371887207,
                0.0,
                0.08164425939321518,
                -0.1801951378583908,
                -0.10442396998405457,
                1.0
            ],
            "name": "RToeC1"
        },
        {
            "matrix": [
                0.980143427848816,
                0.001971106743440032,
                -0.1982801854610443,
                0.0,
                -0.0027575634885579349,
                0.99998939037323,
                -0.0036903417203575379,
                0.0,
                0.1982708126306534,
                0.004163834266364574,
                0.9801384210586548,
                0.0,
                0.178780660033226,
                0.0000015987394590410989,
                0.0,
                1.0
            ],
            "name": "RToeC2"
        },
        {
            "matrix": [
                -0.912156343460083,
                -0.00853613018989563,
                -0.40975356101989748,
                0.0,
                -1.0469228328702229e-7,
                -0.9997830986976624,
                0.020828064531087877,
                0.0,
                -0.40984246134758,
                0.018998494371771817,
                0.9119584560394288,
                0.0,
                -0.13614986836910249,
                0.006470147054642439,
                -0.09272320568561554,
                1.0
            ],
            "name": "RToeB"
        },
        {
            "children": [
                15
            ],
            "matrix": [
                0.9957551956176758,
                -0.005126127973198891,
                -0.09189816564321518,
                0.0,
                0.003179939929395914,
                0.9997678399086,
                -0.02131158858537674,
                0.0,
                0.09198607504367829,
                0.020928895100951196,
                0.9955403208732604,
                0.0,
                0.11038588732481004,
                0.007021324243396521,
                -0.10442394018173218,
                1.0
            ],
            "name": "RToeA1"
        },
        {
            "matrix": [
                0.9918031096458436,
                -9.457734790885296e-7,
                -0.1277756690979004,
                0.0,
                5.880227718080278e-7,
                1.0,
                -0.000002837556166923605,
                0.0,
                0.1277756690979004,
                0.00000273916202786495,
                0.9918031096458436,
                0.0,
                0.22029009461402897,
                -9.689338043017418e-8,
                2.422331988327642e-7,
                1.0
            ],
            "name": "RToeA2"
        },
        {
            "children": [
                17
            ],
            "matrix": [
                1.0,
                0.0,
                0.0,
                0.0,
                0.0,
                1.0,
                0.0,
                0.0,
                0.0,
                0.0,
                1.0,
                0.0,
                0.22871685028076173,
                0.3682999908924103,
                0.382460504770279,
                1.0
            ],
            "name": "NeckC1"
        },
        {
            "children": [
                18
            ],
            "matrix": [
                1.0,
                0.0,
                0.0,
                0.0,
                0.0,
                1.0,
                0.0,
                0.0,
                0.0,
                0.0,
                1.0,
                0.0,
                0.4085844159126282,
                0.0,
                0.0,
                1.0
            ],
            "name": "NeckC2"
        },
        {
            "children": [
                19
            ],
            "matrix": [
                1.0,
                0.0,
                0.0,
                0.0,
                0.0,
                1.0,
                0.0,
                0.0,
                0.0,
                0.0,
                1.0,
                0.0,
                0.3308349847793579,
                0.0,
                0.0,
                1.0
            ],
            "name": "NeckC3"
        },
        {
            "children": [
                23,
                21,
                20
            ],
            "matrix": [
                1.0,
                0.0,
                0.0,
                0.0,
                0.0,
                1.0,
                0.0,
                0.0,
                0.0,
                0.0,
                1.0,
                0.0,
                0.2763519883155823,
                4.844669021508708e-8,
                0.0,
                1.0
            ],
            "name": "HeadC"
        },
        {
            "matrix": [
                -0.06363333016633988,
                1.1336599214928357e-7,
                0.9979733228683472,
                0.0,
                -0.0000026054858608404176,
                -1.0,
                -5.2536229588895376e-8,
                0.0,
                0.9979733228683472,
                -0.0000026035484097519658,
                0.06363333016633988,
                0.0,
                0.3347201943397522,
                -0.001287833321839571,
                0.3575456440448761,
                1.0
            ],
            "name": "UpperBeakC"
        },
        {
            "children": [
                22
            ],
            "matrix": [
                0.0003450125514063984,
                -6.580599953842635e-10,
                0.9999999403953552,
                0.0,
                0.000003814701358351158,
                1.0,
                -6.580599953842635e-10,
                0.0,
                -0.9999999403953552,
                0.000003814701358351158,
                0.0003450125514063984,
                0.0,
                0.2244343608617783,
                -4.844669021508708e-8,
                0.3304108083248139,
                1.0
            ],
            "name": "LowerBeakC"
        },
        {
            "matrix": [
                0.9949764013290404,
                0.0000020100660549360329,
                0.10010993480682372,
                0.0,
                0.000002543963773860014,
                -1.0,
                -0.000005205455181567231,
                0.0,
                0.10010993480682372,
                0.0000054339811867976099,
                -0.9949764013290404,
                0.0,
                -0.06526786834001541,
                4.844669021508708e-8,
                -0.05420326814055443,
                1.0
            ],
            "name": "TongueC"
        },
        {
            "children": [
                25,
                24
            ],
            "matrix": [
                1.0,
                0.0,
                0.0,
                0.0,
                0.0,
                1.0,
                0.0,
                0.0,
                0.0,
                0.0,
                1.0,
                0.0,
                0.5825744271278381,
                0.0,
                0.27407363057136538,
                1.0
            ],
            "name": "HairC"
        },
        {
            "matrix": [
                0.5975233912467957,
                -0.3240408599376679,
                -0.7334598302841187,
                0.0,
                0.47671791911125185,
                0.8790563344955444,
                -5.0019409059132168e-8,
                0.0,
                0.6447525024414063,
                -0.349653422832489,
                0.6797327995300293,
                0.0,
                0.2918706238269806,
                -0.1365974098443985,
                -0.21977858245372773,
                1.0
            ],
            "name": "RHairC"
        },
        {
            "matrix": [
                0.5975236892700195,
                0.3240406811237335,
                -0.7334596514701843,
                0.0,
                -0.4767175912857056,
                0.8790565133094788,
                1.2147817862739885e-8,
                0.0,
                0.6447525024414063,
                0.34965312480926516,
                0.6797329783439636,
                0.0,
                0.29187139868736269,
                0.13659606873989106,
                -0.21977858245372773,
                1.0
            ],
            "name": "LHairC"
        },
        {
            "children": [
                27
            ],
            "matrix": [
                1.0,
                0.0,
                0.0,
                0.0,
                0.0,
                1.0,
                0.0,
                0.0,
                0.0,
                0.0,
                1.0,
                0.0,
                0.22870968282222749,
                -0.3682999908924103,
                0.382460504770279,
                1.0
            ],
            "name": "NeckB1"
        },
        {
            "children": [
                28
            ],
            "matrix": [
                1.0,
                0.0,
                0.0,
                0.0,
                0.0,
                1.0,
                0.0,
                0.0,
                0.0,
                0.0,
                1.0,
                0.0,
                0.4085894823074341,
                0.0,
                0.0,
                1.0
            ],
            "name": "NeckB2"
        },
        {
            "children": [
                29
            ],
            "matrix": [
                1.0,
                0.0,
                0.0,
                0.0,
                0.0,
                1.0,
                0.0,
                0.0,
                0.0,
                0.0,
                1.0,
                0.0,
                0.33084720373153689,
                0.0,
                0.0,
                1.0
            ],
            "name": "NeckB3"
        },
        {
            "children": [
                33,
                31,
                30
            ],
            "matrix": [
                1.0,
                0.0,
                0.0,
                0.0,
                0.0,
                1.0,
                0.0,
                0.0,
                0.0,
                0.0,
                1.0,
                0.0,
                0.2763392925262451,
                4.844669021508708e-8,
                0.0,
                1.0
            ],
            "name": "HeadB"
        },
        {
            "matrix": [
                -0.06363333016633988,
                -6.191210104589118e-7,
                0.9979733228683472,
                0.0,
                0.0000020999925709475066,
                -1.0,
                -4.86477404137986e-7,
                0.0,
                0.9979733228683472,
                0.000002064780574073666,
                0.06363333016633988,
                0.0,
                0.3347143232822418,
                0.001288196537643671,
                0.35754817724227908,
                1.0
            ],
            "name": "UpperBeakB"
        },
        {
            "children": [
                32
            ],
            "matrix": [
                0.0003450125514063984,
                -6.580599953842635e-10,
                0.9999999403953552,
                0.0,
                0.000003814701358351158,
                1.0,
                -6.580599953842635e-10,
                0.0,
                -0.9999999403953552,
                0.000003814701358351158,
                0.0003450125514063984,
                0.0,
                0.22444675862789158,
                -4.844669021508708e-8,
                0.3304108083248139,
                1.0
            ],
            "name": "LowerBeakB"
        },
        {
            "matrix": [
                0.9949764013290404,
                0.0000020264055820007344,
                0.10010993480682372,
                0.0,
                0.000002026414676947752,
                -1.0,
                1.0159763519368427e-7,
                0.0,
                0.10010993480682372,
                1.0177699749647219e-7,
                -0.9949764013290404,
                0.0,
                -0.06526733189821243,
                4.844669021508708e-8,
                -0.054198622703552249,
                1.0
            ],
            "name": "TongueB"
        },
        {
            "children": [
                35,
                34
            ],
            "matrix": [
                1.0,
                0.0,
                0.0,
                0.0,
                0.0,
                1.0,
                0.0,
                0.0,
                0.0,
                0.0,
                1.0,
                0.0,
                0.5825690627098084,
                0.0,
                0.2740761339664459,
                1.0
            ],
            "name": "HairB"
        },
        {
            "matrix": [
                0.5975236892700195,
                0.3240406811237335,
                -0.7334596514701843,
                0.0,
                -0.4767175912857056,
                0.8790565133094788,
                1.2147817862739885e-8,
                0.0,
                0.6447525024414063,
                0.34965312480926516,
                0.6797329783439636,
                0.0,
                0.2918795049190521,
                0.13659736514091493,
                -0.2197795808315277,
                1.0
            ],
            "name": "RHairB"
        },
        {
            "matrix": [
                0.5975233912467957,
                -0.3240408599376679,
                -0.7334598302841187,
                0.0,
                0.47671791911125185,
                0.8790563344955444,
                -5.0019409059132168e-8,
                0.0,
                0.6447525024414063,
                -0.349653422832489,
                0.6797327995300293,
                0.0,
                0.2918818295001984,
                -0.1365974098443985,
                -0.2197805941104889,
                1.0
            ],
            "name": "LHairB"
        },
        {
            "children": [
                37
            ],
            "matrix": [
                1.0,
                0.0,
                0.0,
                0.0,
                0.0,
                1.0,
                0.0,
                0.0,
                0.0,
                0.0,
                1.0,
                0.0,
                0.3522217869758606,
                0.0,
                0.382460504770279,
                1.0
            ],
            "name": "NeckA1"
        },
        {
            "children": [
                38
            ],
            "matrix": [
                1.0,
                0.0,
                0.0,
                0.0,
                0.0,
                1.0,
                0.0,
                0.0,
                0.0,
                0.0,
                1.0,
                0.0,
                0.3823718726634979,
                0.0,
                0.0,
                1.0
            ],
            "name": "NeckA2"
        },
        {
            "children": [
                39
            ],
            "matrix": [
                1.0,
                0.0,
                0.0,
                0.0,
                0.0,
                1.0,
                0.0,
                0.0,
                0.0,
                0.0,
                1.0,
                0.0,
                0.3644110262393952,
                1.4784756535365928e-12,
                0.0,
                1.0
            ],
            "name": "NeckA3"
        },
        {
            "children": [
                43,
                41,
                40
            ],
            "matrix": [
                1.0,
                0.0,
                0.0,
                0.0,
                0.0,
                1.0,
                0.0,
                0.0,
                0.0,
                0.0,
                1.0,
                0.0,
                0.35931092500686648,
                0.0,
                0.0,
                1.0
            ],
            "name": "HeadA"
        },
        {
            "matrix": [
                -0.06363333016633988,
                -1.2013538253086157e-7,
                0.9979733228683472,
                0.0,
                0.0000025989781988755569,
                -1.0,
                4.5338147458551257e-8,
                0.0,
                0.9979733228683472,
                0.000002596596004877938,
                0.06363333016633988,
                0.0,
                0.23925244808197025,
                -1.4784756535365928e-12,
                0.35407599806785586,
                1.0
            ],
            "name": "UpperBeakA"
        },
        {
            "children": [
                42
            ],
            "matrix": [
                0.0003450125514063984,
                -6.580599953842635e-10,
                0.9999999403953552,
                0.0,
                0.000003814701358351158,
                1.0,
                -6.580599953842635e-10,
                0.0,
                -0.9999999403953552,
                0.000003814701358351158,
                0.0003450125514063984,
                0.0,
                0.13411661982536317,
                -2.9569411155727647e-12,
                0.3304108083248139,
                1.0
            ],
            "name": "LowerBeakA"
        },
        {
            "matrix": [
                0.9949764013290404,
                0.0000020100660549360329,
                0.10010993480682372,
                0.0,
                0.000002543963773860014,
                -1.0,
                -0.000005205455181567231,
                0.0,
                0.10010993480682372,
                0.0000054339811867976099,
                -0.9949764013290404,
                0.0,
                -0.06526733189821243,
                0.0,
                -0.054198622703552249,
                1.0
            ],
            "name": "TongueA"
        },
        {
            "children": [
                45,
                44
            ],
            "matrix": [
                1.0,
                0.0,
                0.0,
                0.0,
                0.0,
                1.0,
                0.0,
                0.0,
                0.0,
                0.0,
                1.0,
                0.0,
                0.4922385513782501,
                0.0,
                0.2740761339664459,
                1.0
            ],
            "name": "HairA"
        },
        {
            "matrix": [
                0.5975235104560852,
                0.32404065132141116,
                -0.7334598302841187,
                0.0,
                -0.33489149808883669,
                0.9319606423377992,
                0.13891366124153138,
                0.0,
                0.7285693883895874,
                0.1626252830028534,
                0.6653868556022644,
                0.0,
                0.2918716371059418,
                0.13659736514091493,
                -0.2197795808315277,
                1.0
            ],
            "name": "RHairA"
        },
        {
            "matrix": [
                0.5975232720375061,
                -0.32404083013534548,
                -0.7334599494934082,
                0.0,
                0.3348919451236725,
                0.9319605231285096,
                -0.1389135718345642,
                0.0,
                0.7285693883895874,
                -0.1626257300376892,
                0.6653867363929749,
                0.0,
                0.2918818295001984,
                -0.1365974098443985,
                -0.2197805941104889,
                1.0
            ],
            "name": "LHairA"
        },
        {
            "children": [
                47
            ],
            "matrix": [
                -0.9996667504310608,
                0.000001863545207925199,
                -0.025815129280090333,
                0.0,
                -0.0000018643901285031464,
                -1.0,
                8.659781336461947e-9,
                0.0,
                -0.025815129280090333,
                5.6786365831840167e-8,
                0.9996667504310608,
                0.0,
                -0.37740105390548708,
                -0.2476956844329834,
                0.031073596328496938,
                1.0
            ],
            "name": "LThigh"
        },
        {
            "children": [
                48
            ],
            "matrix": [
                0.9980576634407044,
                -1.1091163231400096e-16,
                0.0622965469956398,
                0.0,
                -2.552756143039246e-19,
                1.0,
                1.7844716267931836e-15,
                0.0,
                -0.0622965469956398,
                -1.7810214498407804e-15,
                0.9980576634407044,
                0.0,
                0.9923444390296936,
                4.844669021508708e-8,
                -6.055842494134822e-9,
                1.0
            ],
            "name": "LLeg"
        },
        {
            "children": [
                54,
                53,
                51,
                49
            ],
            "matrix": [
                0.03651229664683342,
                0.000001943087681866018,
                0.9993332028388976,
                0.0,
                -0.020813610404729844,
                0.9997830986976624,
                0.0007585158455185592,
                0.0,
                -0.9991164207458496,
                -0.02082742750644684,
                0.03650441765785217,
                0.0,
                0.9543747901916504,
                -4.844669021508708e-8,
                0.0,
                1.0
            ],
            "name": "LFoot"
        },
        {
            "children": [
                50
            ],
            "matrix": [
                0.9063525795936585,
                -0.420034259557724,
                -0.045784998685121539,
                0.0,
                0.4180755615234375,
                0.9072127938270568,
                -0.04666595160961151,
                0.0,
                0.06113803759217262,
                0.023154214024543767,
                0.9978607296943665,
                0.0,
                0.11058171838521958,
                -0.16171494126319886,
                -0.10442442446947098,
                1.0
            ],
            "name": "LToeD1"
        },
        {
            "matrix": [
                0.9895001649856569,
                0.00544230081140995,
                -0.1444290429353714,
                0.0,
                -0.003487344365566969,
                0.9998989105224608,
                0.013785474002361298,
                0.0,
                0.14448946714401246,
                -0.013137055560946465,
                0.9894191026687622,
                0.0,
                0.14218765497207642,
                2.422331846219095e-8,
                0.0,
                1.0
            ],
            "name": "LToeD2"
        },
        {
            "children": [
                52
            ],
            "matrix": [
                0.8835341334342957,
                0.462838351726532,
                -0.07175030559301377,
                0.0,
                -0.4651094377040863,
                0.8850688338279724,
                -0.01806640438735485,
                0.0,
                0.055142130702734,
                0.04933403059840202,
                0.9972590208053588,
                0.0,
                0.0816439762711525,
                0.18019405007362369,
                -0.1044239178299904,
                1.0
            ],
            "name": "LToeC1"
        },
        {
            "matrix": [
                0.9801433682441713,
                -0.0019709174521267416,
                -0.1982802152633667,
                0.0,
                0.0027571541722863914,
                0.99998939037323,
                0.0036892732605338098,
                0.0,
                0.19827084243297578,
                -0.004162705969065428,
                0.9801384210586548,
                0.0,
                0.17878203094005586,
                0.0,
                0.0,
                1.0
            ],
            "name": "LToeC2"
        },
        {
            "matrix": [
                -0.912156343460083,
                -0.00853613018989563,
                -0.40975356101989748,
                0.0,
                -1.0469228328702229e-7,
                -0.9997830986976624,
                0.020828064531087877,
                0.0,
                -0.40984246134758,
                0.018998494371771817,
                0.9119584560394288,
                0.0,
                -0.13615013659000398,
                -0.006470098625868559,
                -0.09272320568561554,
                1.0
            ],
            "name": "LToeB"
        },
        {
            "children": [
                55
            ],
            "matrix": [
                0.9957552552223206,
                0.001290499116294086,
                -0.09203159064054488,
                0.0,
                -0.0031758977565914394,
                0.9997880458831788,
                -0.02034291997551918,
                0.0,
                0.0919858291745186,
                0.02054885216057301,
                0.9955482482910156,
                0.0,
                0.11038562655448914,
                -0.007021471858024597,
                -0.10442394018173218,
                1.0
            ],
            "name": "LToeA1"
        },
        {
            "matrix": [
                0.9918031096458436,
                -2.6665078478593787e-10,
                -0.1277756541967392,
                0.0,
                2.7132818214425927e-10,
                1.0,
                1.9200306275446445e-11,
                0.0,
                0.1277756541967392,
                -5.3712059105981427e-11,
                0.9918031096458436,
                0.0,
                0.2202894389629364,
                0.0,
                -1.2111659231095473e-8,
                1.0
            ],
            "name": "LToeA2"
        },
        {
            "children": [
                57
            ],
            "matrix": [
                1.0,
                -0.0,
                0.0,
                0.0,
                0.0,
                3.995190525074577e-7,
                1.0,
                0.0,
                -0.0,
                -1.0,
                3.995190525074577e-7,
                0.0,
                0.0,
                0.0,
                0.0,
                1.0
            ],
            "name": "pm0085_00_dodorio"
        },
        {
            "children": [
                2
            ],
            "name": "Origin"
        }
    ],
    "meshes": [
        {
            "primitives": [
                {
                    "attributes": {
                        "JOINTS_0": 1,
                        "NORMAL": 2,
                        "POSITION": 3,
                        "TEXCOORD_0": 4,
                        "WEIGHTS_0": 5
                    },
                    "indices": 0,
                    "mode": 4,
                    "material": 0
                },
                {
                    "attributes": {
                        "JOINTS_0": 7,
                        "NORMAL": 8,
                        "POSITION": 9,
                        "TEXCOORD_0": 10,
                        "WEIGHTS_0": 11
                    },
                    "indices": 6,
                    "mode": 4,
                    "material": 1
                },
                {
                    "attributes": {
                        "JOINTS_0": 13,
                        "NORMAL": 14,
                        "POSITION": 15,
                        "TEXCOORD_0": 16,
                        "WEIGHTS_0": 17
                    },
                    "indices": 12,
                    "mode": 4,
                    "material": 2
                },
                {
                    "attributes": {
                        "JOINTS_0": 19,
                        "NORMAL": 20,
                        "POSITION": 21,
                        "TEXCOORD_0": 22,
                        "WEIGHTS_0": 23
                    },
                    "indices": 18,
                    "mode": 4,
                    "material": 3
                },
                {
                    "attributes": {
                        "JOINTS_0": 25,
                        "NORMAL": 26,
                        "POSITION": 27,
                        "TEXCOORD_0": 28,
                        "WEIGHTS_0": 29
                    },
                    "indices": 24,
                    "mode": 4,
                    "material": 4
                }
            ],
            "name": "DodrioM"
        }
    ],
    "skins": [
        {
            "inverseBindMatrices": 30,
            "skeleton": 2,
            "joints": [
                2,
                46,
                47,
                48,
                54,
                55,
                53,
                51,
                52,
                49,
                50,
                36,
                37,
                38,
                39,
                43,
                45,
                44,
                41,
                42,
                40,
                26,
                27,
                28,
                29,
                33,
                35,
                34,
                31,
                32,
                30,
                16,
                17,
                18,
                19,
                23,
                25,
                24,
                21,
                22,
                20,
                6,
                7,
                8,
                14,
                15,
                13,
                11,
                12,
                9,
                10,
                3,
                4,
                5
            ],
            "name": "geom-DodrioM-skin1"
        }
    ],
    "accessors": [
        {
            "bufferView": 0,
            "byteOffset": 0,
            "componentType": 5123,
            "count": 10530,
            "max": [
                2621
            ],
            "min": [
                0
            ],
            "type": "SCALAR"
        },
        {
            "bufferView": 1,
            "byteOffset": 0,
            "componentType": 5123,
            "count": 2622,
            "max": [
                52,
                53,
                53,
                0
            ],
            "min": [
                0,
                0,
                0,
                0
            ],
            "type": "VEC4"
        },
        {
            "bufferView": 2,
            "byteOffset": 0,
            "componentType": 5126,
            "count": 2622,
            "max": [
                0.9990692734718324,
                1.0,
                0.99997740983963
            ],
            "min": [
                -0.9990692734718324,
                -1.0,
                -0.9999998807907105
            ],
            "type": "VEC3"
        },
        {
            "bufferView": 2,
            "byteOffset": 31464,
            "componentType": 5126,
            "count": 2622,
            "max": [
                0.6787464022636414,
                0.5453583002090454,
                5.065521717071533
            ],
            "min": [
                -0.6787464022636414,
                -1.77534818649292,
                -0.004448708146810532
            ],
            "type": "VEC3"
        },
        {
            "bufferView": 1,
            "byteOffset": 20976,
            "componentType": 5126,
            "count": 2622,
            "max": [
                1.0,
                0.9921870231628418
            ],
            "min": [
                0.0,
                0.007812023162841797
            ],
            "type": "VEC2"
        },
        {
            "bufferView": 3,
            "byteOffset": 0,
            "componentType": 5126,
            "count": 2622,
            "max": [
                1.0,
                0.9900000095367432,
                0.5899999737739563,
                0.0
            ],
            "min": [
