{
    "asset": {
        "generator": "COLLADA2GLTF",
        "version": "2.0"
    },
    "scenes": [
        {
            "nodes": [
                0
            ]
        }
    ],
    "scene": 0,
    "nodes": [
        {
            "children": [
                22,
                1
            ],
            "matrix": [
                1.0,
                0.0,
                0.0,
                0.0,
                0.0,
                0.0,
                -1.0,
                0.0,
                0.0,
                1.0,
                0.0,
                0.0,
                0.0,
                0.0,
                0.0,
                1.0
            ],
            "name": "Z_UP"
        },
        {
            "mesh": 0,
            "skin": 0,
            "name": "Arcanine"
        },
        {
            "children": [
                15,
                8,
                3
            ],
            "matrix": [
                -0.9997713565826416,
                -8.766799055592855e-7,
                -0.021382391452789308,
                0.0,
                -0.0005696445587091148,
                -0.9996439814567566,
                0.026675719767808919,
                0.0,
                -0.02137480117380619,
                0.026681801304221154,
                0.9994154572486876,
                0.0,
                0.0,
                0.0,
                0.0,
                1.0
            ],
            "name": "Hips"
        },
        {
            "children": [
                4
            ],
            "matrix": [
                0.7320179343223572,
                -0.01817300729453564,
                -0.6810429692268372,
                0.0,
                -9.242405667464482e-7,
                0.9996441602706908,
                -0.02667558193206787,
                0.0,
                0.6812853813171387,
                0.019527632743120198,
                0.731757402420044,
                0.0,
                1.0055278539657593,
                3.0279085905249306e-8,
                -0.1620749831199646,
                1.0
            ],
            "name": "Tail1"
        },
        {
            "children": [
                5
            ],
            "matrix": [
                0.9927161931991576,
                -2.769544305263744e-13,
                0.1204766109585762,
                0.0,
                2.825606231198624e-13,
                1.0,
                -2.945025815012312e-14,
                0.0,
                -0.1204766109585762,
                6.327769796858619e-14,
                0.9927161931991576,
                0.0,
                0.8354819416999817,
                4.996053348804708e-8,
                3.875735217206966e-7,
                1.0
            ],
            "name": "Tail2"
        },
        {
            "children": [
                6
            ],
            "matrix": [
                0.4547363221645355,
                -9.14823772291129e-14,
                0.8906261324882507,
                0.0,
                1.3995720205060672e-14,
                1.0,
                9.557098493671869e-14,
                0.0,
                -0.8906261324882507,
                -3.09946465465883e-14,
                0.4547363221645355,
                0.0,
                1.0652587413787842,
                5.147462189825092e-8,
                3.875735217206966e-7,
                1.0
            ],
            "name": "Tail3"
        },
        {
            "children": [
                7
            ],
            "matrix": [
                0.9976498484611512,
                3.653866488886881e-13,
                0.06851830333471298,
                0.0,
                -3.766035606197343e-13,
                1.0,
                1.5078921184602526e-13,
                0.0,
                -0.06851830333471298,
                -1.7623906891153785e-13,
                0.9976498484611512,
                0.0,
                0.8557511568069458,
                -7.607629726180677e-8,
                0.0,
                1.0
            ],
            "name": "Tail4"
        },
        {
            "matrix": [
                0.998717963695526,
                -2.804558487369221e-15,
                -0.05062041059136391,
                0.0,
                5.827750577984881e-15,
                1.0,
                5.957518820712966e-14,
                0.0,
                0.05062041059136391,
                -5.979381757521135e-14,
                0.998717963695526,
                0.0,
                0.9146463871002196,
                -7.645476074458203e-8,
                -7.751470434413932e-7,
                1.0
            ],
            "name": "Tail5"
        },
        {
            "children": [
                9
            ],
            "matrix": [
                0.1740367561578751,
                -0.0598466694355011,
                0.982918918132782,
                0.0,
                -2.1864576638108708e-7,
                0.9981515407562256,
                0.060774173587560657,
                0.0,
                -0.9847391843795776,
                -0.010577155277132988,
                0.17371505498886109,
                0.0,
                0.6738975644111633,
                -0.5731512308120728,
                0.197888121008873,
                1.0
            ],
            "name": "RThigh"
        },
        {
            "children": [
                10
            ],
            "matrix": [
                0.8211619257926941,
                1.858451170733133e-8,
                -0.5706952214241028,
                0.0,
                5.7187579116657628e-9,
                1.0,
                4.079329229966788e-8,
                0.0,
                0.5706952214241028,
                -3.676156623555471e-8,
                0.8211619257926941,
                0.0,
                0.7512633800506592,
                6.782536843275011e-7,
                9.689338043017418e-8,
                1.0
            ],
            "name": "RLeg"
        },
        {
            "children": [
                13,
                11
            ],
            "matrix": [
                -0.7048946619033814,
                0.000005712050551665016,
                0.7093120217323303,
                0.0,
                0.01182620320469141,
                0.9998611211776732,
                0.011744502000510693,
                0.0,
                -0.7092134356498718,
                0.01666710525751114,
                -0.7047967910766602,
                0.0,
                0.6442712545394898,
                -9.204857747135976e-7,
                -3.875735217206966e-7,
                1.0
            ],
            "name": "RFoot"
        },
        {
            "children": [
                12
            ],
            "matrix": [
                1.0,
                -1.4489442157488053e-14,
                -2.928239790402077e-13,
                0.0,
                4.667494757121422e-14,
                0.9939076900482178,
                0.11021563410758972,
                0.0,
                2.894430300905832e-13,
                -0.11021563410758972,
                0.9939076900482178,
                0.0,
                -0.0822070986032486,
                0.010743239894509316,
                -0.4648047685623169,
                1.0
            ],
            "name": "RToe"
        },
        {
            "matrix": [
                1.0,
                0.0,
                0.0,
                0.0,
                0.0,
                1.0,
                0.0,
                0.0,
                0.0,
                0.0,
                1.0,
                0.0,
                0.44294553995132449,
                -4.844669021508708e-8,
                -0.2466200739145279,
                1.0
            ],
            "name": "RToeA"
        },
        {
            "children": [
                14
            ],
            "matrix": [
                -0.9270070791244508,
                -0.03898541256785393,
                0.3730120658874512,
                0.0,
                -0.000009246750778402202,
                -0.9945802688598632,
                -0.1039716899394989,
                0.0,
                0.3750438094139099,
                -0.09638594835996628,
                0.9219825863838196,
                0.0,
                -0.4125519096851349,
                -0.02869369462132454,
                -0.01518914196640253,
                1.0
            ],
            "name": "RFeelerC1"
        },
        {
            "matrix": [
                0.9999030232429504,
                -2.305393560515096e-13,
                0.013925597071647644,
                0.0,
                2.2735100206529999e-13,
                1.0,
                2.305393560515096e-13,
                0.0,
                -0.013925597071647644,
                -2.2735100206529999e-13,
                0.9999030232429504,
                0.0,
                0.6599966287612915,
                9.689338043017418e-8,
                5.329123382580292e-7,
                1.0
            ],
            "name": "RFeelerC2"
        },
        {
            "children": [
                16
            ],
            "matrix": [
                0.17403660714626313,
                0.11218243092298508,
                0.9783283472061156,
                0.0,
                -8.079097142399405e-7,
                0.9934898614883424,
                -0.11392081528902054,
                0.0,
                -0.9847391843795776,
                0.01982560195028782,
                0.17290368676185609,
                0.0,
                0.6738975644111633,
                0.5731509923934937,
                0.1978882998228073,
                1.0
            ],
            "name": "LThigh"
        },
        {
            "children": [
                17
            ],
            "matrix": [
                0.8211621642112732,
                -4.124477648304037e-9,
                -0.5706949234008789,
                0.0,
                7.3808461564794929e-9,
                1.0,
                3.3930458442910096e-9,
                0.0,
                0.5706949234008789,
                -6.9984524841970609e-9,
                0.8211621642112732,
                0.0,
                0.7512661814689636,
                9.689338043017418e-8,
                -9.689338043017418e-8,
                1.0
            ],
            "name": "LLeg"
        },
        {
            "children": [
                20,
                18
            ],
            "matrix": [
                -0.7048936486244202,
                0.000006385862434399314,
                0.7093130350112915,
                0.0,
                0.0020029046572744848,
                0.9999960064888,
                0.001981422770768404,
                0.0,
                -0.7093101739883423,
                0.002817378612235189,
                -0.7048908472061157,
                0.0,
                0.6442710161209106,
                0.0,
                1.9378650506496346e-7,
                1.0
            ],
            "name": "LFoot"
        },
        {
            "children": [
                19
            ],
            "matrix": [
                1.0,
                -2.1893488270138126e-13,
                -9.994406696559394e-14,
                0.0,
                2.093941881865791e-13,
                0.996196985244751,
                -0.08712959289550781,
                0.0,
                1.186396900859643e-13,
                0.08712959289550781,
                0.996196985244751,
                0.0,
                -0.08220671862363816,
                -0.01074275467544794,
                -0.46480751037597659,
                1.0
            ],
            "name": "LToe"
        },
        {
            "matrix": [
                1.0,
                0.0,
                0.0,
                0.0,
                0.0,
                1.0,
                0.0,
                0.0,
                0.0,
                0.0,
                1.0,
                0.0,
                0.44294553995132449,
                -9.689338043017418e-8,
                -0.2466199696063995,
                1.0
            ],
            "name": "LToeA"
        },
        {
            "children": [
                21
            ],
            "matrix": [
                -0.927007257938385,
                0.031721197068691257,
                0.37369948625564577,
                0.0,
                -0.000005709208835469326,
                -0.9964178800582886,
                0.08456601202487946,
                0.0,
                0.3750433921813965,
                0.0783911794424057,
                0.9236868023872376,
                0.0,
                -0.412551611661911,
                0.028694074600934984,
                -0.015189575031399729,
                1.0
            ],
            "name": "LFeelerC1"
        },
        {
            "matrix": [
                0.9999030232429504,
                -1.1368677673524385e-13,
                0.01392558217048645,
                0.0,
                1.0734313015282189e-13,
                1.0,
                4.562864842905245e-13,
                0.0,
                -0.01392558217048645,
                -4.547474050965727e-13,
                0.9999030232429504,
                0.0,
                0.6599966287612915,
                -9.689338043017418e-8,
                -1.4534006709254758e-7,
                1.0
            ],
            "name": "LFeelerC2"
        },
        {
            "children": [
                23
            ],
            "matrix": [
                1.0,
                -0.0,
                0.0,
                0.0,
                0.0,
                3.995190525074577e-7,
                1.0,
                0.0,
                -0.0,
                -1.0,
                3.995190525074577e-7,
                0.0,
                0.0,
                0.0,
                0.0,
                1.0
            ],
            "name": "pm0059_00"
        },
        {
            "children": [
                24
            ],
            "name": "Origin"
        },
        {
            "children": [
                2,
                25
            ],
            "matrix": [
                -5.90325477389797e-9,
                0.02138906717300415,
                0.999771237373352,
                0.0,
                -1.0,
                -0.00000773993906477699,
                1.5968335276284055e-7,
                0.0,
                0.000007741583431197796,
                -0.999771237373352,
                0.02138906717300415,
                0.0,
                0.0,
                2.2603230476379396,
                -0.25487375259399416,
                1.0
            ],
            "name": "Waist"
        },
        {
            "children": [
                26
            ],
            "name": "Spine1"
        },
        {
            "children": [
                51,
                44,
                34,
                27
            ],
            "matrix": [
                0.8787874579429627,
                2.0176078147603194e-13,
                -0.4772133529186249,
                0.0,
                4.772135753228213e-7,
                1.0,
                8.787882848082518e-7,
                0.0,
                0.4772133529186249,
                -0.0000010000007932831068,
                0.8787874579429627,
                0.0,
                0.5992291569709778,
                -2.5400000325248585e-8,
                0.0,
                1.0
            ],
            "name": "Spine2"
        },
        {
            "children": [
                28
            ],
            "matrix": [
                -0.47496283054351809,
                0.4741797149181366,
                0.7413257956504822,
                0.0,
                -0.23538269102573396,
                -0.8801709413528442,
                0.4121820628643036,
                0.0,
                0.8479418158531189,
                0.021275900304317476,
                0.5296621918678284,
                0.0,
                0.7565133571624756,
                0.4728489518165589,
                0.1420421004295349,
                1.0
            ],
            "name": "RShoulder"
        },
        {
            "children": [
                29
            ],
            "matrix": [
                0.8801121711730957,
                0.4732206463813782,
                -0.03827264904975891,
                0.0,
                -0.4741780459880829,
                0.8801717758178711,
                -0.02127881534397602,
                0.0,
                0.02361693233251572,
                0.03687579557299614,
                0.9990407228469848,
                0.0,
                0.5527093410491943,
                3.875735217206966e-7,
                -3.875735217206966e-7,
                1.0
            ],
            "name": "RArm"
        },
        {
            "children": [
                32,
                30
            ],
            "matrix": [
                0.9893258213996888,
                -1.3907864888980273e-15,
                0.1457204967737198,
                0.0,
                -6.02604039801405e-14,
                1.0,
                4.186642623294629e-13,
                0.0,
                -0.1457204967737198,
                -4.2297654094525246e-13,
                0.9893258213996888,
                0.0,
                0.7965849041938782,
                4.844669021508708e-8,
                9.689338185125962e-7,
                1.0
            ],
            "name": "RForeArm"
        },
        {
            "children": [
                31
            ],
            "matrix": [
                0.0684240534901619,
                -7.42599922887166e-7,
                0.9976563453674316,
                0.0,
                -0.02883225493133068,
                0.999582290649414,
                0.0019781982991844417,
                0.0,
                -0.997239589691162,
                -0.028900038450956346,
                0.0683954507112503,
                0.0,
                0.8943619728088379,
                -4.844669021508708e-8,
                -0.000001937865135914763,
                1.0
            ],
            "name": "RHand"
        },
        {
            "matrix": [
                1.0,
                -2.1591430900136378e-13,
                -2.160085803802614e-13,
                0.0,
                2.0246578393869067e-13,
                0.9981722831726074,
                -0.06043230369687081,
                0.0,
                2.28661978674688e-13,
                0.06043230369687081,
                0.9981722831726074,
                0.0,
                0.309719979763031,
                0.0,
                -0.1988761276006699,
                1.0
            ],
            "name": "RFingerA"
        },
        {
            "children": [
                33
            ],
            "matrix": [
                -0.5869224071502686,
                -0.0000011370411812094972,
                -0.8096431493759155,
                0.0,
                0.0000021842674868821634,
                -1.0,
                -1.7903498417126685e-7,
                0.0,
                -0.8096431493759155,
                -0.0000018735569256023157,
                0.5869224071502686,
                0.0,
                0.47419261932373049,
                -1.4534006709254758e-7,
                -0.013036703690886498,
                1.0
            ],
            "name": "RFeelerB1"
        },
        {
            "matrix": [
                1.0,
                0.0,
                0.0,
                0.0,
                0.0,
                1.0,
                0.0,
                0.0,
                0.0,
                0.0,
                1.0,
                0.0,
                0.29783302545547488,
                -4.844669021508708e-8,
                0.0000014534006140820566,
                1.0
            ],
            "name": "RFeelerB2"
        },
        {
            "children": [
                35
            ],
            "matrix": [
                0.7320930361747742,
                2.0058998034908506e-15,
                -0.6812046766281128,
                0.0,
                -4.3328405099907217e-14,
                1.0,
                -4.36205535396788e-14,
                0.0,
                0.6812046766281128,
                6.144981442093855e-14,
                0.7320930361747742,
                0.0,
                1.0268150568008426,
                1.4784756535365928e-12,
                3.875735217206966e-7,
                1.0
            ],
            "name": "Neck"
        },
        {
            "children": [
                43,
                42,
                41,
                40,
                39,
                38,
                37,
                36
            ],
            "matrix": [
                0.9545881152153016,
                6.53111665769278e-14,
                -0.29792872071266177,
                0.0,
                -3.982192586749964e-14,
                1.0,
                9.16246855405152e-14,
                0.0,
                0.29792872071266177,
                -7.559973697404687e-14,
                0.9545881152153016,
                0.0,
                0.5049725770950317,
                2.5399820913207809e-8,
                9.689338043017418e-8,
                1.0
            ],
            "name": "Head"
        },
        {
            "matrix": [
                -0.017339611425995828,
                0.8230729103088379,
                -0.5676709413528442,
                0.0,
                -0.999778151512146,
                -0.02106226049363613,
                -1.94496312388992e-8,
                0.0,
                -0.01195644959807396,
                0.5675449967384338,
                0.8232555389404297,
                0.0,
                0.2935577034950257,
                0.5224348306655884,
                -0.10991062223911286,
                1.0
            ],
            "name": "RHairB"
        },
        {
            "matrix": [
                0.3679102063179016,
                0.8218300938606262,
                -0.4350142776966095,
                0.0,
                -0.9217745065689088,
                0.2607734203338623,
                -0.2869303226470947,
                0.0,
                -0.12236781418323516,
                0.5065496563911438,
                0.8534832000732422,
                0.0,
                0.7715346217155457,
                0.6401206254959106,
                0.4359549283981323,
                1.0
            ],
            "name": "REar"
        },
        {
            "matrix": [
                -0.017339907586574556,
                -0.8230727910995483,
                -0.5676711201667786,
                0.0,
                0.999778151512146,
                -0.02106263302266598,
                3.3601303073282909e-8,
                0.0,
                -0.011956676840782166,
                -0.5675451755523682,
                0.8232554197311401,
                0.0,
                0.29356229305267336,
                -0.5224348306655884,
                -0.1099095568060875,
                1.0
            ],
            "name": "LHairB"
        },
        {
            "matrix": [
                0.36791062355041506,
                -0.8218299746513367,
                -0.4350141286849976,
                0.0,
                0.9217743277549744,
                0.2607739567756653,
                0.28693029284477236,
                0.0,
                -0.12236755341291428,
                -0.506549596786499,
                0.853483259677887,
                0.0,
                0.7715409994125366,
                -0.6401206254959106,
                0.4359551668167114,
                1.0
            ],
            "name": "LEar"
        },
        {
            "matrix": [
                -0.22668875753879548,
                -7.02609611380467e-7,
                0.9739672541618348,
                0.0,
                1.5152461685374877e-7,
                1.0,
                7.566563908767421e-7,
                0.0,
                -0.9739672541618348,
                3.191055100160156e-7,
                -0.22668875753879548,
                0.0,
                0.4568035006523133,
                0.0,
                0.2009388953447342,
                1.0
            ],
            "name": "Jaw"
        },
        {
            "matrix": [
                -0.9100712537765504,
                -0.000001952799493665225,
                0.4144518673419953,
                0.0,
                -7.623859232808172e-7,
                1.0,
                0.000003037684336959501,
                0.0,
                -0.4144518673419953,
                0.000002448536861265893,
                -0.9100712537765504,
                0.0,
                -0.2409343272447586,
                0.0,
                0.577989399433136,
                1.0
            ],
            "name": "HairD"
        },
        {
            "matrix": [
                -0.19598041474819184,
                6.541539505633409e-7,
                -0.980607807636261,
                0.0,
                6.472829028325579e-8,
                1.0,
                6.541539505633409e-7,
                0.0,
                0.980607807636261,
                6.472829028325579e-8,
                -0.19598041474819184,
                0.0,
                0.5014135241508484,
                7.392364715155808e-13,
                -0.5289933085441589,
                1.0
            ],
            "name": "HairC"
        },
        {
            "matrix": [
                0.684343159198761,
                -6.109563945250543e-14,
                -0.7291601300239563,
                0.0,
                3.890035740901875e-14,
                1.0,
                -4.727966810918159e-14,
                0.0,
                0.7291601300239563,
                3.9909291386778289e-15,
                0.684343159198761,
                0.0,
                1.2014273405075074,
                -3.696182357577904e-13,
                0.30096435546875,
                1.0
            ],
            "name": "HairA"
        },
        {
            "children": [
                45
            ],
            "matrix": [
                -0.4749622941017151,
                -0.47417980432510378,
                0.7413260340690613,
                0.0,
                0.23538245260715488,
                -0.8801709413528442,
                -0.4121823012828827,
                0.0,
                0.8479421734809876,
                -0.02127590775489807,
                0.5296615958213806,
                0.0,
                0.7565135955810547,
                -0.4728489518165589,
                0.1420409381389618,
                1.0
            ],
            "name": "LShoulder"
        },
        {
            "children": [
                46
            ],
            "matrix": [
                0.8801121115684509,
                -0.47322070598602297,
                -0.03827264159917832,
                0.0,
                0.4741780757904053,
                0.8801717758178711,
                0.021277783438563348,
                0.0,
                0.02361741289496422,
                -0.036874882876873019,
                0.9990407824516296,
                0.0,
                0.5527118444442749,
                9.689338043017418e-8,
                -1.9378650506496346e-7,
                1.0
            ],
            "name": "LArm"
        },
        {
            "children": [
                49,
                47
            ],
            "matrix": [
                0.9893258213996888,
                -9.434950811737508e-7,
                0.1457204818725586,
                0.0,
                9.536747711536009e-7,
                1.0,
                2.047945959950809e-13,
                0.0,
                -0.1457204818725586,
                1.389697388276545e-7,
                0.9893258213996888,
                0.0,
                0.7965846657752991,
                0.0,
                -2.906801341850951e-7,
                1.0
            ],
            "name": "LForeArm"
        },
        {
            "children": [
                48
            ],
            "matrix": [
                0.06842409819364548,
                0.0000037602103475364858,
                0.9976563453674316,
                0.0,
                0.01531442441046238,
                0.999882161617279,
                -0.0010541059309616685,
                0.0,
                -0.9975388050079346,
                0.01535065844655037,
                0.06841597706079483,
                0.0,
                0.8943624496459961,
                1.4534006709254758e-7,
                0.0,
                1.0
            ],
            "name": "LHand"
        },
        {
            "matrix": [
                1.0,
                1.9172072376937373e-14,
                -2.2720219531712635e-13,
                0.0,
                -1.4208756614591657e-14,
                0.9997618198394777,
                0.021825267001986505,
                0.0,
                2.275665007996086e-13,
                -0.021825267001986505,
                0.9997618198394777,
                0.0,
                0.3097176849842072,
                4.844669021508708e-8,
                -0.1988763064146042,
                1.0
            ],
            "name": "LFingerA"
        },
        {
            "children": [
                50
            ],
            "matrix": [
                -0.5869224071502686,
                0.0000011368812238288229,
                -0.8096431493759155,
                0.0,
                -0.0000021841076431883268,
                -1.0,
                1.7911659710989628e-7,
                0.0,
                -0.8096431493759155,
                0.0000018734752984528312,
                0.5869224071502686,
                0.0,
                0.4741928577423096,
                0.0,
                -0.013034379109740258,
                1.0
            ],
            "name": "LFeelerB1"
        },
        {
            "matrix": [
                1.0,
                0.0,
                0.0,
                0.0,
                0.0,
                1.0,
                0.0,
                0.0,
                0.0,
                0.0,
                1.0,
                0.0,
                0.29783278703689577,
                1.4534006709254758e-7,
                -2.906801341850951e-7,
                1.0
            ],
            "name": "LFeelerB2"
        },
        {
            "children": [
                52
            ],
            "matrix": [
                0.8786035776138306,
                -3.596336824260999e-13,
                0.4775518476963043,
                0.0,
                9.108571816796028e-7,
                1.0,
                -0.000001675801286182832,
                0.0,
                -0.4775518476963043,
                0.000001907346586449421,
                0.8786035776138306,
                0.0,
                1.0268150568008426,
                1.4784756535365928e-12,
                3.875735217206966e-7,
                1.0
            ],
            "name": "FeelerA1"
        },
        {
            "children": [
                55,
                54,
                53
            ],
            "matrix": [
                0.21911369264125825,
                -0.0000021453081444633428,
                0.9756993055343628,
                0.0,
                0.0000021814332740177639,
                -1.0,
                -0.000002688625500013586,
                0.0,
                0.9756993055343628,
                0.000002717537654461921,
                -0.21911369264125825,
                0.0,
                0.44598308205604555,
                -7.620000275210259e-8,
                0.0,
                1.0
            ],
            "name": "FeelerA2"
        },
        {
            "matrix": [
                0.009965798817574978,
                -0.8204367756843567,
                -0.5716503858566284,
                0.0,
                0.999790370464325,
                0.01840025745332241,
                -0.008978457190096379,
                0.0,
                0.017884770408272744,
                -0.571441113948822,
                0.8204481601715088,
                0.0,
                0.29885411262512209,
                -0.4798644185066223,
                -0.011400078423321249,
                1.0
            ],
            "name": "RFeelerA"
        },
        {
            "matrix": [
                0.009965794160962105,
                0.8204367160797119,
                -0.571650505065918,
                0.0,
                -0.999790370464325,
                0.01840030960738659,
                0.00897853635251522,
                0.0,
                0.017884867265820504,
                0.5714411735534668,
                0.820448100566864,
                0.0,
                0.29885411262512209,
                0.4798644185066223,
                -0.011401241645216942,
                1.0
            ],
            "name": "LFeelerA"
        },
        {
            "matrix": [
                0.9529144763946532,
                -5.35302079830084e-15,
                -0.3032391667366028,
                0.0,
                -2.04355321320503e-14,
                1.0,
                -8.187047096036919e-14,
                0.0,
                0.3032391667366028,
                8.421241541557366e-14,
                0.9529144763946532,
                0.0,
                0.7375151515007019,
                2.5398703584755826e-8,
                0.0,
                1.0
            ],
            "name": "FeelerA3"
        }
    ],
    "meshes": [
        {
            "primitives": [
                {
                    "attributes": {
                        "JOINTS_0": 1,
                        "NORMAL": 2,
                        "POSITION": 3,
                        "TEXCOORD_0": 4,
                        "WEIGHTS_0": 5
                    },
                    "indices": 0,
                    "mode": 4,
                    "material": 0
                },
                {
                    "attributes": {
                        "JOINTS_0": 7,
                        "NORMAL": 8,
                        "POSITION": 9,
                        "TEXCOORD_0": 10,
                        "WEIGHTS_0": 11
                    },
                    "indices": 6,
                    "mode": 4,
                    "material": 1
                },
                {
                    "attributes": {
                        "JOINTS_0": 13,
                        "NORMAL": 14,
                        "POSITION": 15,
                        "TEXCOORD_0": 16,
                        "WEIGHTS_0": 17
                    },
                    "indices": 12,
                    "mode": 4,
                    "material": 2
                },
                {
                    "attributes": {
                        "JOINTS_0": 19,
                        "NORMAL": 20,
                        "POSITION": 21,
                        "TEXCOORD_0": 22,
                        "WEIGHTS_0": 23
                    },
                    "indices": 18,
                    "mode": 4,
                    "material": 3
                }
            ],
            "name": "Arcanine"
        }
    ],
    "skins": [
        {
            "inverseBindMatrices": 24,
            "skeleton": 2,
            "joints": [
                2,
                15,
                16,
                17,
                20,
                21,
                18,
                19,
                8,
                9,
                10,
                13,
                14,
                11,
                12,
                3,
                4,
                5,
                6,
                7,
                25,
                26,
                52,
                55,
                54,
                53,
                44,
                45,
                46,
                49,
                50,
                47,
                48,
                34,
                35,
                43,
                42,
                41,
                40,
                39,
                38,
                37,
                36,
                27,
                28,
                29,
                32,
                33,
                30,
                31
            ],
            "name": "geom-Arcanine-skin1"
        }
    ],
    "accessors": [
        {
            "bufferView": 0,
            "byteOffset": 0,
            "componentType": 5123,
            "count": 13032,
            "max": [
                3017
            ],
            "min": [
                0
            ],
            "type": "SCALAR"
        },
        {
            "bufferView": 1,
            "byteOffset": 0,
            "componentType": 5123,
            "count": 3018,
            "max": [
                49,
                49,
                49,
                45
            ],
            "min": [
                0,
                0,
                0,
                0
            ],
            "type": "VEC4"
        },
        {
            "bufferView": 2,
            "byteOffset": 0,
            "componentType": 5126,
            "count": 3018,
            "max": [
                0.999931275844574,
                0.9995828866958618,
                0.9998394250869752
            ],
            "min": [
                -0.999931275844574,
                -0.9997246861457824,
                -1.0
            ],
            "type": "VEC3"
        },
        {
            "bufferView": 2,
            "byteOffset": 36216,
            "componentType": 5126,
            "count": 3018,
            "max": [
                1.411709189414978,
                3.8374063968658449,
                4.649596691131592
            ],
            "min": [
                -1.4117093086242676,
                -2.772232055664063,
                0.0006695439806208015
            ],
            "type": "VEC3"
        },
        {
            "bufferView": 1,
            "byteOffset": 24144,
            "componentType": 5126,
            "count": 3018,
            "max": [
                0.9960939884185792,
                0.9921870231628418
            ],
            "min": [
                0.003905999939888716,
                0.005519986152648926
            ],
            "type": "VEC2"
        },
        {
            "bufferView": 3,
            "byteOffset": 0,
            "componentType": 5126,
            "count": 3018,
            "max": [
                1.0,
                0.9900000095367432,
                0.9800000190734864,
                0.36000001430511477
            ],
            "min": [
                0.009999999776482582,
                0.0,
                0.0,
                0.0
            ],
            "type": "VEC4"
        },
        {
            "bufferView": 0,
            "byteOffset": 26064,
            "componentType": 5123,
            "count": 480,
            "max": [
                111
            ],
            "min": [
                0
            ],
            "type": "SCALAR"
        },
        {
            "bufferView": 1,
            "byteOffset": 48288,
