{
    "asset": {
        "generator": "COLLADA2GLTF",
        "version": "2.0"
    },
    "scenes": [
        {
            "nodes": [
                0
            ]
        }
    ],
    "scene": 0,
    "nodes": [
        {
            "children": [
                28,
                1
            ],
            "matrix": [
                1.0,
                0.0,
                0.0,
                0.0,
                0.0,
                0.0,
                -1.0,
                0.0,
                0.0,
                1.0,
                0.0,
                0.0,
                0.0,
                0.0,
                0.0,
                1.0
            ],
            "name": "Z_UP"
        },
        {
            "mesh": 0,
            "skin": 0,
            "name": "Squirtle"
        },
        {
            "children": [
                24,
                18,
                16,
                10,
                7,
                3
            ],
            "matrix": [
                -0.0000034620645692484688,
                1.0,
                0.0,
                0.0,
                -1.0,
                -0.0000034620645692484688,
                0.0,
                0.0,
                0.0,
                0.0,
                1.0,
                0.0,
                0.0,
                0.4452924728393555,
                0.018635090440511705,
                1.0
            ],
            "name": "Waist"
        },
        {
            "children": [
                4
            ],
            "matrix": [
                -0.9402430653572084,
                0.30093374848365786,
                0.1593167781829834,
                0.0,
                -0.20399072766304017,
                -0.8724544048309326,
                0.4440845251083374,
                0.0,
                0.2726366519927979,
                0.3850482404232025,
                0.881706953048706,
                0.0,
                -0.14821560680866242,
                0.18250559270381928,
                0.05108777806162834,
                1.0
            ],
            "name": "RThigh"
        },
        {
            "children": [
                5
            ],
            "matrix": [
                0.6793811321258545,
                0.0,
                -0.7337856292724609,
                0.0,
                0.0,
                1.0,
                0.0,
                0.0,
                0.7337856292724609,
                0.0,
                0.6793811321258545,
                0.0,
                0.15475407242774964,
                -2.539999854889175e-7,
                3.301999811355927e-7,
                1.0
            ],
            "name": "RLeg"
        },
        {
            "children": [
                6
            ],
            "matrix": [
                -0.5062380433082581,
                -0.048617441207170489,
                0.8610222935676575,
                0.0,
                -0.20017370581626893,
                0.9777660369873048,
                -0.06248277425765991,
                0.0,
                -0.8388406038284302,
                -0.20398516952991489,
                -0.50471431016922,
                0.0,
                0.12179426103830338,
                -2.5400000325248585e-8,
                7.620000275210259e-8,
                1.0
            ],
            "name": "RFoot"
        },
        {
            "matrix": [
                1.0,
                0.0,
                0.0,
                0.0,
                0.0,
                1.0,
                0.0,
                0.0,
                0.0,
                0.0,
                1.0,
                0.0,
                0.06858000159263611,
                5.0800000650497177e-8,
                -0.020523961633443834,
                1.0
            ],
            "name": "RToe"
        },
        {
            "children": [
                8
            ],
            "matrix": [
                -0.3452000617980957,
                0.0,
                -0.938529133796692,
                0.0,
                0.0,
                1.0,
                0.0,
                0.0,
                0.938529133796692,
                0.0,
                -0.3452000617980957,
                0.0,
                -0.3095752000808716,
                0.0,
                -0.11195074766874314,
                1.0
            ],
            "name": "Tail1"
        },
        {
            "children": [
                9
            ],
            "matrix": [
                0.8986647129058838,
                0.0,
                0.4386362135410309,
                0.0,
                0.0,
                1.0,
                0.0,
                0.0,
                -0.4386362135410309,
                0.0,
                0.8986647129058838,
                0.0,
                0.10476738214492798,
                0.0,
                0.0,
                1.0
            ],
            "name": "Tail2"
        },
        {
            "matrix": [
                0.9114334583282472,
                0.0,
                0.41144752502441409,
                0.0,
                0.0,
                1.0,
                0.0,
                0.0,
                -0.41144752502441409,
                0.0,
                0.9114334583282472,
                0.0,
                0.10719510167837145,
                0.0,
                0.0,
                1.0
            ],
            "name": "Tail3"
        },
        {
            "children": [
                11
            ],
            "matrix": [
                -0.20365183055400849,
                -0.6365112662315369,
                0.7438946962356567,
                0.0,
                0.8986045718193054,
                -0.4231344163417816,
                -0.11604782938957216,
                0.0,
                0.3886331915855408,
                0.6448338031768799,
                0.6581440567970276,
                0.0,
                0.16330751776695252,
                -0.19957108795642856,
                0.13542695343494416,
                1.0
            ],
            "name": "LArm"
        },
        {
            "children": [
                12
            ],
            "matrix": [
                1.0,
                0.0,
                0.0,
                0.0,
                0.0,
                1.0,
                0.0,
                0.0,
                0.0,
                0.0,
                1.0,
                0.0,
                0.18199607729911805,
                0.0,
                7.620000275210259e-8,
                1.0
            ],
            "name": "LForeArm"
        },
        {
            "children": [
                15,
                14,
                13
            ],
            "matrix": [
                0.9979165196418762,
                -0.02085067704319954,
                -0.061056122183799747,
                0.0,
                0.018897920846939088,
                0.9992967247962952,
                -0.03238767758011818,
                0.0,
                0.06168848648667336,
                0.03116636350750923,
                0.997608721256256,
                0.0,
                0.10100385546684264,
                0.0,
                2.5400000325248585e-8,
                1.0
            ],
            "name": "LHand"
        },
        {
            "matrix": [
                0.9981164336204528,
                -0.03952548652887345,
                0.04691760987043381,
                0.0,
                0.058245740830898288,
                0.37045222520828249,
                -0.9270235300064088,
                0.0,
                0.01926032081246376,
                0.9280101656913756,
                0.3720566630363465,
                0.0,
                0.05412587523460388,
                0.0032839153427630665,
                -0.04036872461438179,
                1.0
            ],
            "name": "LFingerC"
        },
        {
            "matrix": [
                0.9973686933517456,
                -0.05920949205756188,
                0.041832707822322848,
                0.0,
                0.06370560079813004,
                0.9912152290344238,
                -0.11590494215488434,
                0.0,
                -0.03460254147648811,
                0.11826493591070177,
                0.9923790097236632,
                0.0,
                0.05527649447321892,
                0.03750157356262207,
                -0.0035692588426172739,
                1.0
            ],
            "name": "LFingerB"
        },
        {
            "matrix": [
                0.993025839328766,
                0.06752201169729233,
                0.09664612263441086,
                0.0,
                -0.10735297203063964,
                0.17900753021240238,
                0.977973222732544,
                0.0,
                0.048734333366155627,
                -0.9815279245376588,
                0.18500779569149018,
                0.0,
                0.04354829713702202,
                -0.0016303752781823278,
                0.04012869670987129,
                1.0
            ],
            "name": "LFingerA"
        },
        {
            "children": [
                17
            ],
            "matrix": [
                0.9511972069740297,
                0.0,
                0.30858373641967776,
                0.0,
                0.0,
                1.0,
                0.0,
                0.0,
                -0.30858373641967776,
                0.0,
                0.9511972069740297,
                0.0,
                0.2762250304222107,
                0.0,
                0.14931339025497437,
                1.0
            ],
            "name": "Head"
        },
        {
            "matrix": [
                -0.3366782367229462,
                -7.340773128250433e-11,
                0.9416197538375856,
                0.0,
                7.340773128250433e-11,
                -1.0,
                -5.1711898652051499e-11,
                0.0,
                0.9416197538375856,
                5.1711898652051499e-11,
                0.3366782367229462,
                0.0,
                0.1348877102136612,
                0.0,
                0.05986881256103516,
                1.0
            ],
            "name": "Jaw"
        },
        {
            "children": [
                19
            ],
            "matrix": [
                -0.20365183055400849,
                0.6365112662315369,
                0.7438946962356567,
                0.0,
                -0.8986045718193054,
                -0.4231344163417816,
                0.11604782938957216,
                0.0,
                0.3886331915855408,
                -0.6448338031768799,
                0.6581440567970276,
                0.0,
                0.1633077710866928,
                0.19957084953784944,
                0.13542670011520389,
                1.0
            ],
            "name": "RArm"
        },
        {
            "children": [
                20
            ],
            "matrix": [
                1.0,
                0.0,
                0.0,
                0.0,
                0.0,
                1.0,
                0.0,
                0.0,
                0.0,
                0.0,
                1.0,
                0.0,
                0.18199709057807926,
                3.8099997823337619e-7,
                -2.794000124595186e-7,
                1.0
            ],
            "name": "RForeArm"
        },
        {
            "children": [
                23,
                22,
                21
            ],
            "matrix": [
                0.9979165196418762,
                0.02085147611796856,
                -0.06105610355734825,
                0.0,
                -0.01889865100383759,
                0.9992966651916504,
                0.03238879144191742,
                0.0,
                0.06168851256370545,
                -0.03116743080317974,
                0.997608721256256,
                0.0,
                0.10100334882736206,
                -2.2860000115088042e-7,
                1.2699999274445873e-7,
                1.0
            ],
            "name": "RHand"
        },
        {
            "matrix": [
                0.9981164932250976,
                0.03952611610293389,
                0.04691668227314949,
                0.0,
                -0.058245111256837848,
                0.3704521954059601,
                0.9270235300064088,
                0.0,
                0.019261250272393228,
                -0.9280101656913756,
                0.3720566630363465,
                0.0,
                0.05412587523460388,
                -0.003283965867012739,
                -0.04036872461438179,
                1.0
            ],
            "name": "RFingerC"
        },
        {
            "matrix": [
                0.9973687529563904,
                0.05920841544866562,
                0.04183166101574898,
                0.0,
                -0.06370439380407334,
                0.9912153482437134,
                0.11590468883514404,
                0.0,
                -0.03460165113210678,
                -0.1182645782828331,
                0.992379069328308,
                0.0,
                0.05527649447321892,
                -0.037501320242881778,
                -0.003569207852706313,
                1.0
            ],
            "name": "RFingerB"
        },
        {
            "matrix": [
                0.993025839328766,
                -0.06752201169729233,
                0.09664612263441086,
                0.0,
                0.10735297203063964,
                0.17900753021240238,
                -0.977973222732544,
                0.0,
                0.048734333366155627,
                0.9815279245376588,
                0.18500779569149018,
                0.0,
                0.04354829713702202,
                0.001630400656722486,
                0.04012869670987129,
                1.0
            ],
            "name": "RFingerA"
        },
        {
            "children": [
                25
            ],
            "matrix": [
                -0.9402431845664978,
                -0.3009332716464997,
                0.15931689739227296,
                0.0,
                0.20399023592472077,
                -0.8724545836448669,
                -0.444084495306015,
                0.0,
                0.2726365625858307,
                -0.3850483298301697,
                0.8817068934440613,
                0.0,
                -0.14821432530879978,
                -0.18250559270381928,
                0.05108777806162834,
                1.0
            ],
            "name": "LThigh"
        },
        {
            "children": [
                26
            ],
            "matrix": [
                0.6793811321258545,
                -7.337856118283526e-7,
                -0.7337856292724609,
                0.0,
                7.337856118283526e-7,
                1.0,
                -3.206188807780564e-7,
                0.0,
                0.7337856292724609,
                -3.206188807780564e-7,
                0.6793811321258545,
                0.0,
                0.15475508570671082,
                5.0800000650497177e-8,
                0.0,
                1.0
            ],
            "name": "LLeg"
        },
        {
            "children": [
                27
            ],
            "matrix": [
                -0.5062382817268372,
                0.0486159548163414,
                0.8610222339630127,
                0.0,
                0.20017223060131074,
                0.9777662754058838,
                0.06248364597558975,
                0.0,
                -0.8388407826423645,
                0.2039843499660492,
                -0.50471431016922,
                0.0,
                0.12179426103830338,
                0.0,
                0.0,
                1.0
            ],
            "name": "LFoot"
        },
        {
            "matrix": [
                1.0,
                0.0,
                0.0,
                0.0,
                0.0,
                1.0,
                0.0,
                0.0,
                0.0,
                0.0,
                1.0,
                0.0,
                0.06858000159263611,
                -7.620000275210259e-8,
                -0.02052408829331398,
                1.0
            ],
            "name": "LToe"
        },
        {
            "children": [
                29
            ],
            "matrix": [
                1.0,
                0.0,
                0.0,
                0.0,
                0.0,
                4.4896641959724089e-11,
                1.0,
                0.0,
                0.0,
                -1.0,
                4.4896641959724089e-11,
                0.0,
                0.0,
                0.0,
                0.0,
                1.0
            ],
            "name": "pm0007_00"
        },
        {
            "children": [
                2
            ],
            "name": "Origin"
        }
    ],
    "meshes": [
        {
            "primitives": [
                {
                    "attributes": {
                        "JOINTS_0": 1,
                        "NORMAL": 2,
                        "POSITION": 3,
                        "TEXCOORD_0": 4,
                        "WEIGHTS_0": 5
                    },
                    "indices": 0,
                    "mode": 4,
                    "material": 0
                },
                {
                    "attributes": {
                        "JOINTS_0": 7,
                        "NORMAL": 8,
                        "POSITION": 9,
                        "TEXCOORD_0": 10,
                        "WEIGHTS_0": 11
                    },
                    "indices": 6,
                    "mode": 4,
                    "material": 1
                }
            ],
            "name": "Squirtle"
        }
    ],
    "skins": [
        {
            "inverseBindMatrices": 12,
            "skeleton": 2,
            "joints": [
                2,
                16,
                17,
                10,
                11,
                12,
                15,
                14,
                13,
                24,
                25,
                26,
                27,
                18,
                19,
                20,
                23,
                22,
                21,
                3,
                4,
                5,
                6,
                7,
                8,
                9
            ],
            "name": "Squirtle-mesh-skin"
        }
    ],
    "accessors": [
        {
            "bufferView": 0,
            "byteOffset": 0,
            "componentType": 5123,
            "count": 13692,
            "max": [
                2840
            ],
            "min": [
                0
            ],
            "type": "SCALAR"
        },
        {
            "bufferView": 1,
            "byteOffset": 0,
            "componentType": 5123,
            "count": 2841,
            "max": [
                25,
                25,
                25,
                22
            ],
            "min": [
                0,
                0,
                0,
                0
            ],
            "type": "VEC4"
        },
        {
            "bufferView": 2,
            "byteOffset": 0,
            "componentType": 5126,
            "count": 2841,
            "max": [
                0.9994230270385742,
                0.9996879696846008,
                0.9991160035133362
            ],
            "min": [
                -0.9994230270385742,
                -0.9999529719352722,
                -1.0
            ],
            "type": "VEC3"
        },
        {
            "bufferView": 2,
            "byteOffset": 34092,
            "componentType": 5126,
            "count": 2841,
            "max": [
                0.47162720561027529,
                0.6555536985397339,
                1.1159515380859376
            ],
            "min": [
                -0.47162720561027529,
                -0.5505958199501038,
                0.0
            ],
            "type": "VEC3"
        },
        {
            "bufferView": 1,
            "byteOffset": 22728,
            "componentType": 5126,
            "count": 2841,
            "max": [
                0.9980000257492064,
                0.9932140111923218
            ],
            "min": [
                0.0020000000949949028,
                0.009500980377197266
            ],
            "type": "VEC2"
        },
        {
            "bufferView": 3,
            "byteOffset": 0,
            "componentType": 5126,
            "count": 2841,
            "max": [
                1.0,
                0.9900000095367432,
                0.8199999928474426,
                0.10000000149011612
            ],
            "min": [
                0.009999999776482582,
                0.0,
                0.0,
                0.0
            ],
            "type": "VEC4"
        },
        {
            "bufferView": 0,
            "byteOffset": 27384,
            "componentType": 5123,
            "count": 552,
            "max": [
                119
            ],
            "min": [
                0
            ],
            "type": "SCALAR"
        },
        {
            "bufferView": 1,
            "byteOffset": 45456,
            "componentType": 5123,
            "count": 120,
            "max": [
                1,
                2,
                0,
                0
            ],
            "min": [
                1,
                0,
                0,
                0
            ],
            "type": "VEC4"
        },
        {
            "bufferView": 2,
            "byteOffset": 68184,
            "componentType": 5126,
            "count": 120,
            "max": [
                0.8729099631309509,
                -0.4667899906635285,
                0.5892969965934753
            ],
            "min": [
                -0.8729099631309509,
                -0.936855971813202,
                -0.09855300188064577
            ],
            "type": "VEC3"
        },
        {
            "bufferView": 2,
            "byteOffset": 69624,
            "componentType": 5126,
            "count": 120,
            "max": [
                0.22913645207881928,
                -0.40019476413726809,
                1.0175544023513797
            ],
            "min": [
                -0.22913645207881928,
                -0.521294355392456,
                0.7570647597312927
            ],
            "type": "VEC3"
        },
        {
            "bufferView": 1,
            "byteOffset": 46416,
            "componentType": 5126,
            "count": 120,
            "max": [
                0.4517199993133545,
                -0.7571799755096436
            ],
            "min": [
                0.04828200116753578,
                -0.9923899173736572
            ],
            "type": "VEC2"
        },
        {
            "bufferView": 3,
            "byteOffset": 45456,
            "componentType": 5126,
            "count": 120,
            "max": [
                1.0,
                0.010000000707805157,
                0.0,
                0.0
            ],
            "min": [
                0.9900000095367432,
                0.0,
                0.0,
                0.0
            ],
            "type": "VEC4"
        },
        {
            "bufferView": 4,
            "byteOffset": 0,
            "componentType": 5126,
            "count": 26,
            "max": [
                0.665736973285675,
                1.0,
                0.644832968711853,
                0.0,
                0.9948399662971496,
                0.6524549722671509,
                0.345196008682251,
                0.0,
                1.0,
                0.8986070156097412,
                1.0,
                0.0,
                11.684100151062012,
                25.35849952697754,
                20.72329902648926,
                1.0
            ],
            "min": [
                -0.6657339930534363,
                -1.0,
                -0.6448349952697754,
                0.0,
                -0.8675659894943237,
                -0.6524549722671509,
                -1.0,
                0.0,
                -0.9402430057525636,
                -0.8986039757728577,
                -0.8026440143585205,
                0.0,
                -29.060298919677736,
                -25.35859870910645,
                -32.324100494384769,
                1.0
            ],
            "type": "MAT4"
        }
    ],
    "materials": [
        {
            "pbrMetallicRoughness": {
                "baseColorFactor": [
                    1.0,
                    1.0,
                    1.0,
                    1.0
                ],
                "baseColorTexture": {
                    "index": 0
                },
                "metallicFactor": 0.0
            },
            "name": "Material__60"
        },
        {
            "pbrMetallicRoughness": {
                "baseColorFactor": [
                    1.0,
                    1.0,
                    1.0,
                    1.0
                ],
                "baseColorTexture": {
                    "index": 1
                },
                "metallicFactor": 0.0
            },
            "name": "Material__61"
        }
    ],
    "textures": [
        {
            "sampler": 0,
            "source": 0
        },
        {
            "sampler": 0,
            "source": 1
        }
    ],
    "images": [
        {
            "uri": "pm0007_00_Body1.png"
        },
        {
            "uri": "pm0007_00_Eye1.png"
        }
    ],
    "samplers": [
        {
            "magFilter": 9729,
            "minFilter": 9986,
            "wrapS": 10497,
            "wrapT": 10497
        }
    ],
    "bufferViews": [
        {
            "buffer": 0,
            "byteOffset": 167480,
            "byteLength": 28488,
            "target": 34963
        },
        {
            "buffer": 0,
            "byteOffset": 120104,
            "byteLength": 47376,
            "byteStride": 8,
            "target": 34962
        },
        {
            "buffer": 0,
            "byteOffset": 49040,
            "byteLength": 71064,
            "byteStride": 12,
            "target": 34962
        },
        {
            "buffer": 0,
            "byteOffset": 1664,
            "byteLength": 47376,
            "byteStride": 16,
            "target": 34962
        },
        {
            "buffer": 0,
            "byteOffset": 0,
            "byteLength": 1664
        }
    ],
    "buffers": [
        {
            "byteLength": 195968,
            "uri": "Squirtle_ColladaMax0.bin"
        }
    ]
}
