{
    "asset": {
        "generator": "COLLADA2GLTF",
        "version": "2.0"
    },
    "scenes": [
        {
            "nodes": [
                0
            ]
        }
    ],
    "scene": 0,
    "nodes": [
        {
            "children": [
                30,
                29,
                1
            ],
            "matrix": [
                1.0,
                0.0,
                0.0,
                0.0,
                0.0,
                0.0,
                -1.0,
                0.0,
                0.0,
                1.0,
                0.0,
                0.0,
                0.0,
                0.0,
                0.0,
                1.0
            ],
            "name": "Z_UP"
        },
        {
            "mesh": 0,
            "skin": 0,
            "name": "Mesh_2__Eye_"
        },
        {
            "children": [
                5,
                4,
                3
            ],
            "matrix": [
                1.0,
                0.0,
                0.0,
                0.0,
                0.0,
                7.549790126404332e-8,
                -1.0,
                0.0,
                0.0,
                1.0,
                7.549790126404332e-8,
                0.0,
                0.0,
                0.0,
                0.0,
                1.0
            ],
            "name": "pm0060_00"
        },
        {
            "matrix": [
                1.0,
                0.0,
                0.0,
                0.0,
                0.0,
                1.0,
                0.0,
                0.0,
                0.0,
                0.0,
                1.0,
                0.0,
                0.0,
                0.0,
                2.651160002642428e-7,
                1.0
            ],
            "name": "pm0060_00_IrisSkin"
        },
        {
            "matrix": [
                1.0,
                0.0,
                0.0,
                0.0,
                0.0,
                1.0,
                0.0,
                0.0,
                0.0,
                0.0,
                1.0,
                0.0,
                0.0,
                0.0,
                2.651160002642428e-7,
                1.0
            ],
            "name": "pm0060_00_BodySkin"
        },
        {
            "children": [
                6
            ],
            "matrix": [
                1.0,
                -5.535039804271946e-7,
                -6.845020266155188e-7,
                0.0,
                6.845020266155188e-7,
                0.9778549075126648,
                0.20928390324115754,
                0.0,
                5.535039804271946e-7,
                -0.20928390324115754,
                0.9778549075126648,
                0.0,
                0.0,
                0.0,
                2.651160002642428e-7,
                1.0
            ],
            "name": "Origin"
        },
        {
            "children": [
                24,
                19,
                12,
                7
            ],
            "matrix": [
                -0.000004445039849088062,
                0.9901633262634276,
                -0.13991700112819673,
                0.0,
                -1.0,
                -0.000004453940164239612,
                2.49500004656511e-7,
                0.0,
                -3.761369953281246e-7,
                0.13991700112819673,
                0.9901630878448486,
                0.0,
                -7.280230021264322e-13,
                20.72929954528809,
                -2.592450130123325e-7,
                1.0
            ],
            "name": "Waist"
        },
        {
            "children": [
                8
            ],
            "matrix": [
                -0.0000050459098019928209,
                -1.0,
                3.7252799955922458e-8,
                0.0,
                -0.07040488719940186,
                3.129250103484083e-7,
                -0.9975184202194214,
                0.0,
                0.9975185990333556,
                -0.000005025880000175675,
                -0.0704047828912735,
                0.0,
                -8.522125244140625,
                0.000018358199668000453,
                -19.50139045715332,
                1.0
            ],
            "name": "Tail1"
        },
        {
            "children": [
                9
            ],
            "matrix": [
                1.0,
                1.2713699884536745e-11,
                0.000004183879809716018,
                0.0,
                -1.2744499899852713e-11,
                1.0,
                7.443300198417546e-9,
                0.0,
                -0.000004183879809716018,
                6.366459876644415e-12,
                1.0,
                0.0,
                0.0,
                15.789690017700196,
                9.536739753457368e-7,
                1.0
            ],
            "name": "Tail2"
        },
        {
            "children": [
                10
            ],
            "matrix": [
                1.0,
                3.7590200727523687e-14,
                4.547469985207581e-13,
                0.0,
                6.363229984162473e-14,
                1.0,
                7.4446702136299348e-9,
                0.0,
                -6.821210263296962e-13,
                0.0,
                1.0,
                0.0,
                0.0,
                17.03779983520508,
                -0.0000019073499970545528,
                1.0
            ],
            "name": "Tail3"
        },
        {
            "children": [
                11
            ],
            "matrix": [
                1.0,
                9.164980345553308e-15,
                -1.3642399926752646e-12,
                0.0,
                -5.005330121188833e-14,
                1.0,
                7.444440175419231e-9,
                0.0,
                1.3642399926752646e-12,
                -2.273740007038838e-13,
                0.9999998807907105,
                0.0,
                0.0,
                17.06269073486328,
                0.0,
                1.0
            ],
            "name": "Tail4"
        },
        {
            "matrix": [
                -0.0000015934399471007057,
                1.0,
                -8.634449955025048e-7,
                0.0,
                -1.0,
                -0.0000015934300563458237,
                0.000004913089924230008,
                0.0,
                0.000004913089924230008,
                8.708969971849001e-7,
                0.9999998807907105,
                0.0,
                7.27596021626864e-12,
                25.160499572753908,
                0.0,
                1.0
            ],
            "name": "EndTail4"
        },
        {
            "children": [
                13
            ],
            "matrix": [
                -1.8626499809215605e-7,
                -0.0704059973359108,
                -0.9975183010101318,
                0.0,
                1.0,
                -6.756170023436425e-7,
                -4.470350134511136e-8,
                0.0,
                -6.640329957008362e-7,
                -0.9975184202194214,
                0.0704059824347496,
                0.0,
                0.0000019073499970545528,
                -4.768369876728684e-7,
                -2.38419005427204e-7,
                1.0
            ],
            "name": "Spine"
        },
        {
            "children": [
                18,
                16,
                14
            ],
            "matrix": [
                0.0702306404709816,
                0.9975187182426452,
                -0.0049582370556890968,
                0.0,
                -0.0704059973359108,
                -0.0000012696799558398198,
                -0.9975184798240662,
                0.0,
                -0.9950432181358336,
                0.07040560245513916,
                0.07023117691278458,
                0.0,
                -2.38419005427204e-7,
                19.23579978942871,
                -2.98022992950564e-8,
                1.0
            ],
            "name": "Head"
        },
        {
            "children": [
                15
            ],
            "matrix": [
                0.3213930130004883,
                -0.9396926760673524,
                -0.11697939783334732,
                0.0,
                0.3420239984989166,
                -5.960479825262155e-7,
                0.9396913051605224,
                0.0,
                -0.8830208778381348,
                -0.34202009439468386,
                0.3213967978954315,
                0.0,
                7.566067218780518,
                -0.0002889629977289587,
                20.73653030395508,
                1.0
            ],
            "name": "UpperJaw"
        },
        {
            "matrix": [
                -0.000001572070004840498,
                1.0,
                0.0000024735900296946058,
                0.0,
                -0.9396926760673524,
                -6.247209967114031e-7,
                -0.34202009439468386,
                0.0,
                -0.34202009439468386,
                -0.0000028610199933609698,
                0.9396926760673524,
                0.0,
                0.0000019073499970545528,
                3.777573108673096,
                0.0,
                1.0
            ],
            "name": "EndUpperJaw"
        },
        {
            "children": [
                17
            ],
            "matrix": [
                0.3213931918144226,
                -0.9396926760673524,
                -0.11697900295257569,
                0.0,
                0.34202319383621218,
                -4.023330006930337e-7,
                0.939691722393036,
                0.0,
                -0.8830211758613586,
                -0.3420200049877167,
                0.3213961124420166,
                0.0,
                2.33078408241272,
                -0.00028348001069389284,
                22.82539939880371,
                1.0
            ],
            "name": "LowerJaw"
        },
        {
            "matrix": [
                -0.0000012591500535563685,
                0.9999998807907105,
                0.0000016689300537109376,
                0.0,
                -0.9396926760673524,
                -6.348020065161109e-7,
                -0.34202009439468386,
                0.0,
                -0.34202009439468386,
                -0.0000019371500457054937,
                0.9396926760673524,
                0.0,
                0.0,
                3.511565923690796,
                0.0000019073499970545528,
                1.0
            ],
            "name": "EndLowerJaw"
        },
        {
            "matrix": [
                1.0,
                4.547469985207581e-13,
                6.730019919132246e-8,
                0.0,
                0.0,
                1.0,
                -3.9870901312509888e-14,
                0.0,
                4.425689894560492e-7,
                -2.0041000109438656e-12,
                1.0,
                0.0,
                22.788799285888673,
                -0.000030279199563665317,
                -0.0000395774986827746,
                1.0
            ],
            "name": "EndHead"
        },
        {
            "children": [
                20
            ],
            "matrix": [
                -0.07040823251008988,
                9.313229725194104e-7,
                -0.9975181818008424,
                0.0,
                -0.9975181818008424,
                -0.0000030174899166013349,
                0.07040811330080033,
                0.0,
                -0.000002928079993580468,
                1.0,
                0.0000011250399438722525,
                0.0,
                -7.529656887054443,
                13.223299980163576,
                -4.485278129577637,
                1.0
            ],
            "name": "RThigh"
        },
        {
            "children": [
                23,
                21
            ],
            "matrix": [
                -0.949645221233368,
                2.401280028152542e-7,
                0.31332799792289736,
                0.0,
                -0.31332799792289736,
                0.000002131329893018119,
                -0.9496449828147888,
                0.0,
                -9.05245997273596e-7,
                -1.0,
                -0.00000191479989553045,
                0.0,
                0.0,
                7.263710021972656,
                0.0,
                1.0
            ],
            "name": "RFoot"
        },
        {
            "children": [
                22
            ],
            "matrix": [
                2.980279987241375e-7,
                -1.0,
                6.647209715993085e-7,
                0.0,
                0.9999998807907105,
                2.980150100029278e-7,
                -5.571150154537463e-7,
                0.0,
                5.732189833906887e-7,
                6.578000011359109e-7,
                1.0,
                0.0,
                11.971639633178713,
                0.000008583069757150952,
                -3.410777091979981,
                1.0
            ],
            "name": "RToe"
        },
        {
            "matrix": [
                -0.000001370900008623721,
                1.0,
                7.014630227786256e-7,
                0.0,
                -1.0,
                -0.0000013709100130654406,
                5.589059810517938e-7,
                0.0,
                5.621179752779426e-7,
                -6.922720103830216e-7,
                1.0,
                0.0,
                -9.536739753457368e-7,
                14.141599655151368,
                2.38419005427204e-7,
                1.0
            ],
            "name": "EndRToe"
        },
        {
            "matrix": [
                0.9999998807907105,
                -4.687940140246649e-12,
                1.3515899865979009e-7,
                0.0,
                2.9796899170264625e-8,
                1.0,
                -6.920350070771519e-9,
                0.0,
                -1.190550023011383e-7,
                0.0,
                1.0,
                0.0,
                5.664776802062988,
                0.0000019073499970545528,
                -0.0000019073499970545528,
                1.0
            ],
            "name": "EndRFoot"
        },
        {
            "children": [
                25
            ],
            "matrix": [
                -0.07040628790855408,
                5.58793999516638e-7,
                -0.9975183010101318,
                0.0,
                -0.9975184202194214,
                -0.0000018328399846723189,
                0.07040618360042572,
                0.0,
                -0.000001788140025382745,
                1.0,
                6.854530170130602e-7,
                0.0,
                -7.529609203338623,
                -13.22327995300293,
                -4.485252857208252,
                1.0
            ],
            "name": "LThigh"
        },
        {
            "children": [
                28,
                26
            ],
            "matrix": [
                -0.9496458768844605,
                8.203029722153589e-8,
                -0.31332528591156008,
                0.0,
                0.3133254051208496,
                -4.6194199398996729e-7,
                -0.9496458768844605,
                0.0,
                -2.346930045860063e-7,
                -0.9999998807907105,
                3.874309868479031e-7,
                0.0,
                0.0,
                7.263765811920166,
                0.0,
                1.0
            ],
            "name": "LFoot"
        },
        {
            "children": [
                27
            ],
            "matrix": [
                -0.0000013709100130654406,
                -1.0,
                -5.612100153484789e-7,
                0.0,
                1.0,
                -0.000001370900008623721,
                8.203439847420668e-7,
                0.0,
                -8.092459893305204e-7,
                -5.065850245955517e-7,
                0.9999998807907105,
                0.0,
                11.971590042114258,
                0.00001621249975869432,
                -3.410759925842285,
                1.0
            ],
            "name": "LToe"
        },
        {
            "matrix": [
                -0.0000015497299727940118,
                1.0,
                -8.832370212985552e-7,
                0.0,
                -0.9999998807907105,
                -0.0000014304999922387652,
                -8.212539910346095e-7,
                0.0,
                -8.22766025976307e-7,
                8.91263027824607e-7,
                1.0,
                0.0,
                -0.0000028610199933609698,
                14.14169979095459,
                2.38419005427204e-7,
                1.0
            ],
            "name": "EndLToe"
        },
        {
            "matrix": [
                1.0,
                6.497810102479296e-12,
                -7.091900044997601e-8,
                0.0,
                2.980920044137747e-8,
                1.0,
                5.462380059384486e-8,
                0.0,
                8.201830326015626e-8,
                -4.547469985207581e-13,
                0.9999998807907105,
                0.0,
                5.664778232574463,
                0.000014305100194178522,
                0.000004291529876354616,
                1.0
            ],
            "name": "EndLFoot"
        },
        {
            "mesh": 1,
            "skin": 1,
            "name": "Mesh_1__BodyNyorobon_"
        },
        {
            "children": [
                2
            ],
            "matrix": [
                1.0,
                2.2204500197172535e-16,
                -2.2204500197172535e-16,
                0.0,
                0.0,
                -1.0,
                -3.258410004036705e-7,
                0.0,
                -2.2204500197172535e-16,
                3.258410004036705e-7,
                -1.0,
                0.0,
                0.0,
                0.0,
                0.0,
                1.0
            ],
            "name": "Armature"
        }
    ],
    "meshes": [
        {
            "primitives": [
                {
                    "attributes": {
                        "JOINTS_0": 1,
                        "NORMAL": 2,
                        "POSITION": 3,
                        "TEXCOORD_0": 4,
                        "WEIGHTS_0": 5
                    },
                    "indices": 0,
                    "mode": 4,
                    "material": 0
                }
            ],
            "name": "Mesh_2__Eye_"
        },
        {
            "primitives": [
                {
                    "attributes": {
                        "JOINTS_0": 7,
                        "NORMAL": 8,
                        "POSITION": 9,
                        "TEXCOORD_0": 10,
                        "WEIGHTS_0": 11
                    },
                    "indices": 6,
                    "mode": 4,
                    "material": 1
                }
            ],
            "name": "Mesh_1__BodyNyorobon_"
        }
    ],
    "skins": [
        {
            "inverseBindMatrices": 12,
            "skeleton": 2,
            "joints": [
                2,
                5,
                6,
                24,
                25,
                28,
                26,
                27,
                19,
                20,
                23,
                21,
                22,
                12,
                13,
                18,
                16,
                17,
                14,
                15,
                7,
                8,
                9,
                10,
                11,
                4,
                3
            ],
            "name": "Armature"
        },
        {
            "inverseBindMatrices": 13,
            "skeleton": 2,
            "joints": [
                2,
                5,
                6,
                24,
                25,
                28,
                26,
                27,
                19,
                20,
                23,
                21,
                22,
                12,
                13,
                18,
                16,
                17,
                14,
                15,
                7,
                8,
                9,
                10,
                11,
                4,
                3
            ],
            "name": "Armature"
        }
    ],
    "accessors": [
        {
            "bufferView": 0,
            "byteOffset": 0,
            "componentType": 5123,
            "count": 1296,
            "max": [
                241
            ],
            "min": [
                0
            ],
            "type": "SCALAR"
        },
        {
            "bufferView": 1,
            "byteOffset": 0,
            "componentType": 5123,
            "count": 242,
            "max": [
                14,
                14,
                0,
                0
            ],
            "min": [
                13,
                0,
                0,
                0
            ],
            "type": "VEC4"
        },
        {
            "bufferView": 2,
            "byteOffset": 0,
            "componentType": 5126,
            "count": 242,
            "max": [
                0.8437451720237732,
                0.9262673258781432,
                -0.17828910052776338
            ],
            "min": [
                -0.8437451720237732,
                0.17041540145874024,
                -0.9140294194221496
            ],
            "type": "VEC3"
        },
        {
            "bufferView": 2,
            "byteOffset": 2904,
            "componentType": 5126,
            "count": 242,
            "max": [
                17.19849967956543,
                24.905099868774419,
                -44.2598991394043
            ],
            "min": [
                -17.19849967956543,
                13.32890033721924,
                -56.22800064086914
            ],
            "type": "VEC3"
        },
        {
            "bufferView": 1,
            "byteOffset": 1936,
            "componentType": 5126,
            "count": 242,
            "max": [
                1.2125500440597537,
                2.9664499759674074
            ],
            "min": [
                0.7874450087547302,
                2.7760400772094728
            ],
            "type": "VEC2"
        },
        {
            "bufferView": 3,
            "byteOffset": 0,
            "componentType": 5126,
            "count": 242,
            "max": [
                1.0,
                0.9900000095367432,
                0.0,
                0.0
            ],
            "min": [
                0.009999989531934262,
                0.0,
                0.0,
                0.0
            ],
            "type": "VEC4"
        },
        {
            "bufferView": 0,
            "byteOffset": 2592,
            "componentType": 5123,
            "count": 10656,
            "max": [
                2191
            ],
            "min": [
                0
            ],
            "type": "SCALAR"
        },
        {
            "bufferView": 1,
            "byteOffset": 3872,
            "componentType": 5123,
            "count": 2192,
            "max": [
                22,
                23,
                23,
                18
            ],
            "min": [
                2,
                0,
                0,
                0
            ],
            "type": "VEC4"
        },
        {
            "bufferView": 2,
            "byteOffset": 5808,
            "componentType": 5126,
            "count": 2192,
            "max": [
                0.999664306640625,
                0.9985045790672302,
                1.0
            ],
            "min": [
                -0.999664306640625,
                -0.9970396757125856,
                -0.9998779296875
            ],
            "type": "VEC3"
        },
        {
            "bufferView": 2,
            "byteOffset": 32112,
            "componentType": 5126,
            "count": 2192,
            "max": [
                27.47649955749512,
                30.518199920654298,
                0.00005299999975250103
            ],
            "min": [
                -27.47649955749512,
                -84.66410064697266,
                -59.82849884033203
            ],
            "type": "VEC3"
        },
        {
            "bufferView": 1,
            "byteOffset": 21408,
            "componentType": 5126,
            "count": 2192,
            "max": [
                1.0,
                1.993211030960083
            ],
            "min": [
                0.0,
                1.0106979608535769
            ],
            "type": "VEC2"
        },
        {
            "bufferView": 3,
            "byteOffset": 3872,
            "componentType": 5126,
            "count": 2192,
            "max": [
                1.0,
                0.9900000095367432,
                0.8899999856948853,
                0.5400000214576721
            ],
            "min": [
                0.009999989531934262,
                0.0,
                0.0,
                0.0
            ],
            "type": "VEC4"
        },
        {
            "bufferView": 4,
            "byteOffset": 0,
            "componentType": 5126,
            "count": 27,
            "max": [
                1.0,
                0.9496458172798156,
                0.9975184798240662,
                0.0,
                0.9496458172798156,
                0.9496461749076844,
                1.0,
                0.0,
                0.000006525966000481276,
                1.0,
                0.9396925568580629,
                0.0,
                12.766240119934082,
                13.07511043548584,
                35.14912033081055,
                1.0
            ],
            "min": [
                -0.9496461153030396,
                -1.0,
                -1.0,
                0.0,
                -1.0,
                -1.0,
                -5.940619871580566e-7,
                0.0,
                -0.9999998211860656,
                -1.0,
                -1.0,
                0.0,
                -90.7654037475586,
                -65.60491180419922,
                -13.223159790039065,
                1.0
            ],
            "type": "MAT4"
        },
        {
            "bufferView": 4,
            "byteOffset": 1728,
            "componentType": 5126,
            "count": 27,
            "max": [
                1.0,
                0.9496458172798156,
                0.9975184798240662,
                0.0,
                0.9496458172798156,
                0.9496461749076844,
                1.0,
                0.0,
                0.000006525966000481276,
                1.0,
                0.9396925568580629,
                0.0,
                12.766240119934082,
                13.07511043548584,
                35.14912033081055,
                1.0
            ],
            "min": [
                -0.9496461153030396,
                -1.0,
                -1.0,
                0.0,
                -1.0,
                -1.0,
                -5.940619871580566e-7,
                0.0,
                -0.9999998211860656,
                -1.0,
                -1.0,
                0.0,
                -90.7654037475586,
                -65.60491180419922,
                -13.223159790039065,
                1.0
            ],
            "type": "MAT4"
        }
    ],
    "materials": [
        {
            "pbrMetallicRoughness": {
                "baseColorTexture": {
                    "index": 0
                },
                "metallicFactor": 0.0
            },
            "emissiveFactor": [
                0.0,
                0.0,
                0.0
            ],
            "doubleSided": true,
            "name": "Eye-effect"
        },
        {
            "pbrMetallicRoughness": {
                "baseColorTexture": {
                    "index": 1
                },
                "metallicFactor": 0.0
            },
            "emissiveFactor": [
                0.0,
                0.0,
                0.0
            ],
            "normalTexture": {
                "index": 2
            },
            "doubleSided": true,
            "name": "BodyNyorobon-effect"
        }
    ],
    "textures": [
        {
            "sampler": 0,
            "source": 0
        },
        {
            "sampler": 0,
            "source": 1
        },
        {
            "sampler": 0,
            "source": 2
        }
    ],
    "images": [
        {
            "uri": "Eye1_0.png"
        },
        {
            "uri": "Body1_0.png"
        },
        {
            "uri": "pm0060_00_BodyNor.png"
        }
    ],
    "samplers": [
        {
            "magFilter": 9729,
            "minFilter": 9986,
            "wrapS": 10497,
            "wrapT": 10497
        }
    ],
    "bufferViews": [
        {
            "buffer": 0,
            "byteOffset": 139760,
            "byteLength": 23904,
            "target": 34963
        },
        {
            "buffer": 0,
            "byteOffset": 100816,
            "byteLength": 38944,
            "byteStride": 8,
            "target": 34962
        },
        {
            "buffer": 0,
            "byteOffset": 42400,
            "byteLength": 58416,
            "byteStride": 12,
            "target": 34962
        },
        {
            "buffer": 0,
            "byteOffset": 3456,
            "byteLength": 38944,
            "byteStride": 16,
            "target": 34962
        },
        {
            "buffer": 0,
            "byteOffset": 0,
            "byteLength": 3456
        }
    ],
    "buffers": [
        {
            "byteLength": 163664,
            "uri": "poliwag0.bin"
        }
    ]
}
