{
    "asset": {
        "generator": "COLLADA2GLTF",
        "version": "2.0"
    },
    "scenes": [
        {
            "nodes": [
                0
            ]
        }
    ],
    "scene": 0,
    "nodes": [
        {
            "children": [
                17,
                3,
                1
            ],
            "matrix": [
                1.0,
                0.0,
                0.0,
                0.0,
                0.0,
                0.0,
                -1.0,
                0.0,
                0.0,
                1.0,
                0.0,
                0.0,
                0.0,
                0.0,
                0.0,
                1.0
            ],
            "name": "Z_UP"
        },
        {
            "mesh": 0,
            "skin": 0,
            "name": "Sandshrew_Roll"
        },
        {
            "matrix": [
                0.8690375089645386,
                -1.1368656667107293e-13,
                -0.4947462379932404,
                0.0,
                1.0943707013733389e-13,
                1.0,
                -3.755794232476045e-14,
                0.0,
                0.4947462379932404,
                -2.1504318304895778e-14,
                0.8690375089645386,
                0.0,
                0.0,
                0.0,
                0.0,
                1.0
            ],
            "name": "Feeler"
        },
        {
            "mesh": 1,
            "skin": 1,
            "name": "Sandshrew"
        },
        {
            "children": [
                13,
                9,
                5
            ],
            "matrix": [
                -0.8690374493598938,
                -0.0000016986717810141272,
                0.4947463274002075,
                0.0,
                0.0000019057896452068237,
                -1.0,
                -8.584049027149378e-8,
                0.0,
                0.4947463274002075,
                8.682838483764499e-7,
                0.8690374493598938,
                0.0,
                0.0,
                0.0,
                0.0,
                1.0
            ],
            "name": "Hips"
        },
        {
            "children": [
                6
            ],
            "matrix": [
                -0.003347297664731741,
                -2.645881806984107e-7,
                -0.9999943971633912,
                0.0,
                -0.000005168810730538098,
                -1.0,
                2.818913173996407e-7,
                0.0,
                -0.9999943971633912,
                0.000005169725227460731,
                0.003347297664731741,
                0.0,
                0.30732500553131106,
                7.392365257256894e-13,
                -0.31350964307785036,
                1.0
            ],
            "name": "Tail1"
        },
        {
            "children": [
                7
            ],
            "matrix": [
                0.9999946355819702,
                -0.0000638958445051685,
                -0.003281994257122278,
                0.0,
                0.00006599993503186852,
                0.9999998211860656,
                0.0006409963243640959,
                0.0,
                0.003281952580437064,
                -0.000641209480818361,
                0.9999943971633912,
                0.0,
                0.3090087771415711,
                2.5399820913207809e-8,
                8.962618380792264e-7,
                1.0
            ],
            "name": "Tail2"
        },
        {
            "children": [
                8
            ],
            "matrix": [
                1.0,
                -0.00015783308481331915,
                0.00015878677368164065,
                0.0,
                0.00015796501247677952,
                0.9999996423721314,
                -0.000831127108540386,
                0.0,
                -0.0001586555445101112,
                0.0008311521960422397,
                0.9999996423721314,
                0.0,
                0.2678963243961334,
                0.0,
                -2.422331846219095e-8,
                1.0
            ],
            "name": "Tail3"
        },
        {
            "matrix": [
                0.9999999403953552,
                0.00022200004605110735,
                -0.0002220000169472769,
                0.0,
                -0.00022223524865694344,
                0.9999994039535524,
                -0.001060008886270225,
                0.0,
                0.00022176455240696669,
                0.001060058129951358,
                0.9999994039535524,
                0.0,
                0.22383876144886018,
                2.540025434427662e-8,
                -2.422331846219095e-8,
                1.0
            ],
            "name": "Tail4"
        },
        {
            "children": [
                10
            ],
            "matrix": [
                0.947470247745514,
                -0.12598833441734318,
                0.2939848303794861,
                0.0,
                -2.168634267718517e-7,
                0.9191506505012512,
                0.39390623569488528,
                0.0,
                -0.31984391808509829,
                -0.3732145130634308,
                0.8708678483963013,
                0.0,
                0.16504548490047456,
                -0.3237178921699524,
                0.04150309041142464,
                1.0
            ],
            "name": "RThigh"
        },
        {
            "children": [
                11
            ],
            "matrix": [
                0.7416025996208191,
                -5.075751374761239e-9,
                -0.6708394885063171,
                0.0,
                -6.3773009095768888e-9,
                1.0,
                -1.4616274413015164e-8,
                0.0,
                0.6708394885063171,
                1.5117612051085417e-8,
                0.7416025996208191,
                0.0,
                0.219521626830101,
                0.0000014776221632928357,
                -9.204858884004352e-7,
                1.0
            ],
            "name": "RLeg"
        },
        {
            "children": [
                12
            ],
            "matrix": [
                -0.39840492606163027,
                9.41169673751574e-7,
                0.9172096252441406,
                0.0,
                4.120919925298949e-7,
                1.0,
                -8.471238857055141e-7,
                0.0,
                -0.9172096252441406,
                4.047641155580095e-8,
                -0.39840492606163027,
                0.0,
                0.2867482304573059,
                -0.0000017925261772688828,
                8.720404593987041e-7,
                1.0
            ],
            "name": "RFoot"
        },
        {
            "matrix": [
                1.0,
                0.0,
                0.0,
                0.0,
                0.0,
                1.0,
                0.0,
                0.0,
                0.0,
                0.0,
                1.0,
                0.0,
                0.15200909972190858,
                0.000002083206254610559,
                -0.02503778785467148,
                1.0
            ],
            "name": "RToe"
        },
        {
            "children": [
                14
            ],
            "matrix": [
                0.947470247745514,
                0.1259885281324387,
                0.2939848005771637,
                0.0,
                1.6172624128785178e-8,
                0.9191506505012512,
                -0.39390623569488528,
                0.0,
                -0.31984397768974306,
                0.3732144236564636,
                0.8708678483963013,
                0.0,
                0.16504596173763276,
                0.3237178921699524,
                0.04150331765413284,
                1.0
            ],
            "name": "LThigh"
        },
        {
            "children": [
                15
            ],
            "matrix": [
                0.7416027188301086,
                -2.5984604690165729e-8,
                -0.6708393096923828,
                0.0,
                7.680929670073056e-9,
                1.0,
                -3.024331718393114e-8,
                0.0,
                0.6708393096923828,
                1.727585541289045e-8,
                0.7416027188301086,
                0.0,
                0.21952104568481449,
                -2.422331846219095e-8,
                0.0,
                1.0
            ],
            "name": "LLeg"
        },
        {
            "children": [
                16
            ],
            "matrix": [
                -0.39840322732925417,
                -0.0000012350518545645173,
                0.9172104001045228,
                0.0,
                -3.9891915548651016e-8,
                1.0,
                0.0000013292029734657265,
                0.0,
                -0.9172104001045228,
                4.929694910060789e-7,
                -0.39840322732925417,
                0.0,
                0.28675076365470889,
                4.844669021508708e-8,
                4.844669021508708e-8,
                1.0
            ],
            "name": "LFoot"
        },
        {
            "matrix": [
                1.0,
                0.0,
                0.0,
                0.0,
                0.0,
                1.0,
                0.0,
                0.0,
                0.0,
                0.0,
                1.0,
                0.0,
                0.15201018750667573,
                -4.844669021508708e-8,
                -0.025037897750735284,
                1.0
            ],
            "name": "LToe"
        },
        {
            "children": [
                18
            ],
            "matrix": [
                1.0,
                -0.0,
                0.0,
                0.0,
                0.0,
                3.995190525074577e-7,
                1.0,
                0.0,
                -0.0,
                -1.0,
                3.995190525074577e-7,
                0.0,
                0.0,
                0.0,
                0.0,
                1.0
            ],
            "name": "pm0027_00"
        },
        {
            "children": [
                19
            ],
            "name": "Origin"
        },
        {
            "children": [
                2,
                4,
                20
            ],
            "matrix": [
                -0.000003428598802202032,
                0.8690374493598938,
                0.4947463572025299,
                0.0,
                -1.0,
                -0.000003956019554607337,
                1.8858585804082396e-8,
                0.0,
                0.000001973615098904702,
                -0.4947463572025299,
                0.8690374493598938,
                0.0,
                0.0,
                0.6896023750305176,
                0.0575873889029026,
                1.0
            ],
            "name": "Waist"
        },
        {
            "children": [
                35,
                28,
                21
            ],
            "name": "Spine"
        },
        {
            "children": [
                22
            ],
            "matrix": [
                0.029239462688565259,
                0.8765148520469666,
                0.4804859459400177,
                0.0,
                -0.9974088668823242,
                -0.006025687325745821,
                0.07168847322463989,
                0.0,
                0.06573126465082169,
                -0.4813371002674103,
                0.874067485332489,
                0.0,
                0.21849508583545688,
                0.18378731608390809,
                0.053277768194675449,
                1.0
            ],
            "name": "RShoulder"
        },
        {
            "children": [
                23
            ],
            "matrix": [
                0.957274854183197,
                -0.26919713616371157,
                0.10563036054372788,
                0.0,
                0.27578893303871157,
                0.9597291350364684,
                -0.05348324403166771,
                0.0,
                -0.08697899430990219,
                0.08032985031604767,
                0.9929661750793456,
                0.0,
                0.14117401838302613,
                -0.0000011627205367403804,
                7.509230499636033e-7,
                1.0
            ],
            "name": "RArm"
        },
        {
            "children": [
                24
            ],
            "matrix": [
                1.0,
                0.0,
                0.0,
                0.0,
                0.0,
                1.0,
                0.0,
                0.0,
                0.0,
                0.0,
                1.0,
                0.0,
                0.16650164127349854,
                5.329123382580292e-7,
                -0.0000010416031273052798,
                1.0
            ],
            "name": "RForeArm"
        },
        {
            "children": [
                27,
                26,
                25
            ],
            "matrix": [
                1.0,
                7.429785853219073e-8,
                -1.424678544026392e-7,
                0.0,
                -7.540197799471572e-8,
                0.9999698400497437,
                -0.00776568241417408,
                0.0,
                1.418865878122233e-7,
                0.00776568241417408,
                0.9999698400497437,
                0.0,
                0.1877858340740204,
                -2.906801341850951e-7,
                9.689337048257585e-7,
                1.0
            ],
            "name": "RHand"
        },
        {
            "matrix": [
                0.9921503663063048,
                -0.05468577891588211,
                0.11245953291654588,
                0.0,
                -0.035266146063804629,
                0.7404489517211914,
                0.6711867451667786,
                0.0,
                -0.11997491866350174,
                -0.6698841452598572,
                0.7327081561088562,
                0.0,
                0.06097356230020523,
                0.0718551054596901,
                0.013169302605092526,
                1.0
            ],
            "name": "RFingerC"
        },
        {
            "matrix": [
                0.9884384274482728,
                0.1503596007823944,
                0.019531916826963426,
                0.0,
                -0.08434932678937912,
                0.6523419618606567,
                -0.753216564655304,
                0.0,
                -0.12599483132362369,
                0.7428606748580933,
                0.6574825644493103,
                0.0,
                0.05556768178939819,
                -0.04172046482563019,
                0.020382091403007509,
                1.0
            ],
            "name": "RFingerB"
        },
        {
            "matrix": [
                0.9952750205993652,
                0.003460576757788658,
                0.09703411906957628,
                0.0,
                0.003986937925219536,
                0.997065246105194,
                -0.07645270228385925,
                0.0,
                -0.0970139130949974,
                0.07647833228111267,
                0.992340326309204,
                0.0,
                0.0701056495308876,
                0.020410431548953058,
                -0.023148417472839357,
                1.0
            ],
            "name": "RFingerA"
        },
        {
            "children": [
                29
            ],
            "matrix": [
                0.029239343479275705,
                -0.8765149116516113,
                0.4804859161376953,
                0.0,
                0.9974088668823242,
                -0.006025858223438263,
                -0.07168854027986527,
                0.0,
                0.06573141366243363,
                0.4813370108604431,
                0.8740675449371338,
                0.0,
                0.21849489212036136,
                -0.1837872713804245,
                0.05327784642577171,
                1.0
            ],
            "name": "LShoulder"
        },
        {
            "children": [
                30
            ],
            "matrix": [
                0.957274854183197,
                0.2691970467567444,
                0.10563039779663086,
                0.0,
                -0.2757887244224549,
                0.959729254245758,
                0.05348211526870728,
                0.0,
                -0.08697935193777085,
                -0.08032876253128052,
                0.9929661750793456,
                0.0,
                0.14117449522018434,
                0.0,
                -9.689338043017418e-8,
                1.0
            ],
            "name": "LArm"
        },
        {
            "children": [
                31
            ],
            "matrix": [
                1.0,
                0.0,
                0.0,
                0.0,
                0.0,
                1.0,
                0.0,
                0.0,
                0.0,
                0.0,
                1.0,
                0.0,
                0.1665000468492508,
                -9.689338043017418e-8,
                2.422331846219095e-8,
                1.0
            ],
            "name": "LForeArm"
        },
        {
            "children": [
                34,
                33,
                32
            ],
            "matrix": [
                1.0,
                -6.3099485636541889e-9,
                1.56873358747589e-8,
                0.0,
                6.187931056444995e-9,
                0.9999698400497437,
                0.007765947841107845,
                0.0,
                -1.5735864167254477e-8,
                -0.007765947841107845,
                0.9999698400497437,
                0.0,
                0.18778707087039948,
                0.0,
                -7.266990564858135e-8,
                1.0
            ],
            "name": "LHand"
        },
        {
            "matrix": [
                0.9921502470970154,
                0.05468708649277687,
                0.1124596893787384,
                0.0,
                0.03526530787348747,
                0.7404488325119019,
                -0.6711869239807129,
                0.0,
                -0.11997590214014054,
                0.669884204864502,
                0.7327079176902771,
                0.0,
                0.06097356230020523,
                -0.0718551054596901,
                0.013168695382773877,
                1.0
            ],
            "name": "LFingerC"
        },
        {
            "matrix": [
                0.9884384274482728,
                -0.1503596007823944,
                0.019531894475221639,
                0.0,
                0.08434934169054032,
                0.6523419618606567,
                0.753216564655304,
                0.0,
                -0.1259948164224625,
                -0.7428606748580933,
                0.6574825644493103,
                0.0,
                0.055569130927324298,
                0.04172211512923241,
                0.02038279175758362,
                1.0
            ],
            "name": "LFingerB"
        },
        {
            "matrix": [
                0.9952750205993652,
                -0.0034616112243384125,
                0.09703422337770462,
                0.0,
                -0.003985812421888113,
                0.9970653057098388,
                0.07645171135663986,
                0.0,
                -0.09701409935951232,
                -0.07647723704576493,
                0.9923403859138488,
                0.0,
                0.0701066181063652,
                -0.020408686250448228,
                -0.023148175328969957,
                1.0
            ],
            "name": "LFingerA"
        },
        {
            "children": [
                37,
                36
            ],
            "matrix": [
                0.9974953532218932,
                0.0,
                -0.07073181122541428,
                0.0,
                0.0,
                1.0,
                0.0,
                0.0,
                0.07073181122541428,
                0.0,
                0.9974953532218932,
                0.0,
                0.3987114131450653,
                -1.8480938892943836e-13,
                -4.844669021508708e-8,
                1.0
            ],
            "name": "Head"
        },
        {
            "matrix": [
                0.6400418281555176,
                0.7607067823410034,
                -0.10803568363189696,
                0.0,
                -0.7013834714889526,
                0.5210527777671814,
                -0.4863797128200531,
                0.0,
                -0.3137000501155853,
                0.38707780838012698,
                0.8670427203178406,
                0.0,
                0.28303447365760805,
                0.2370114028453827,
                -0.1504584699869156,
                1.0
            ],
            "name": "REar"
        },
        {
            "matrix": [
                0.6400423645973206,
                -0.7607063055038452,
                -0.10803570598363877,
                0.0,
                0.7013830542564392,
                0.5210531949996948,
                0.4863798022270203,
                0.0,
                -0.3136998414993286,
                -0.3870780766010285,
                0.8670426607131958,
                0.0,
                0.28303447365760805,
                -0.2370114773511887,
                -0.1504589170217514,
                1.0
            ],
            "name": "LEar"
        }
    ],
    "meshes": [
        {
            "primitives": [
                {
                    "attributes": {
                        "JOINTS_0": 1,
                        "NORMAL": 2,
                        "POSITION": 3,
                        "TEXCOORD_0": 4,
                        "WEIGHTS_0": 5
                    },
                    "indices": 0,
                    "mode": 4,
                    "material": 0
                }
            ],
            "name": "Sandshrew_Roll"
        },
        {
            "primitives": [
                {
                    "attributes": {
                        "JOINTS_0": 7,
                        "NORMAL": 8,
                        "POSITION": 9,
                        "TEXCOORD_0": 10,
                        "WEIGHTS_0": 11
                    },
                    "indices": 6,
                    "mode": 4,
                    "material": 1
                },
                {
                    "attributes": {
                        "JOINTS_0": 13,
                        "NORMAL": 14,
                        "POSITION": 15,
                        "TEXCOORD_0": 16,
                        "WEIGHTS_0": 17
                    },
                    "indices": 12,
                    "mode": 4,
                    "material": 2
                }
            ],
            "name": "Sandshrew"
        }
    ],
    "skins": [
        {
            "inverseBindMatrices": 18,
            "skeleton": 2,
            "joints": [
                2
            ],
            "name": "geom-Sandshrew_Roll-skin1"
        },
        {
            "inverseBindMatrices": 19,
            "skeleton": 4,
            "joints": [
                4,
                13,
                14,
                15,
                16,
                9,
                10,
                11,
                12,
                5,
                6,
                7,
                8,
                20,
                35,
                37,
                36,
                28,
                29,
                30,
                31,
                34,
                33,
                32,
                21,
                22,
                23,
                24,
                27,
                26,
                25
            ],
            "name": "geom-Sandshrew-skin1"
        }
    ],
    "accessors": [
        {
            "bufferView": 0,
            "byteOffset": 0,
            "componentType": 5123,
            "count": 4152,
            "max": [
                800
            ],
            "min": [
                0
            ],
            "type": "SCALAR"
        },
        {
            "bufferView": 1,
            "byteOffset": 0,
            "componentType": 5123,
            "count": 801,
            "max": [
                0,
                0,
                0,
                0
            ],
            "min": [
                0,
                0,
                0,
                0
            ],
            "type": "VEC4"
        },
        {
            "bufferView": 2,
            "byteOffset": 0,
            "componentType": 5126,
            "count": 801,
            "max": [
                0.9998639225959778,
                1.0,
                0.999963104724884
            ],
            "min": [
                -0.9998639225959778,
                -0.9999969005584716,
                -0.999999701976776
            ],
            "type": "VEC3"
        },
        {
            "bufferView": 2,
            "byteOffset": 9612,
            "componentType": 5126,
            "count": 801,
            "max": [
                0.4420082271099091,
                0.46371760964393618,
                1.2153010368347169
            ],
            "min": [
                -0.4420082271099091,
                -0.5792978405952454,
                0.16641926765441898
            ],
            "type": "VEC3"
        },
        {
            "bufferView": 1,
            "byteOffset": 6408,
            "componentType": 5126,
            "count": 801,
            "max": [
                1.0,
                0.9921870231628418
            ],
            "min": [
                0.0,
                0.007812023162841797
            ],
            "type": "VEC2"
        },
        {
            "bufferView": 3,
            "byteOffset": 0,
            "componentType": 5126,
            "count": 801,
            "max": [
                1.0,
                0.0,
                0.0,
                0.0
            ],
            "min": [
                1.0,
                0.0,
                0.0,
                0.0
            ],
            "type": "VEC4"
        },
        {
            "bufferView": 0,
            "byteOffset": 8304,
            "componentType": 5123,
            "count": 11412,
            "max": [
                2407
            ],
            "min": [
                0
            ],
            "type": "SCALAR"
        },
        {
            "bufferView": 1,
            "byteOffset": 12816,
            "componentType": 5123,
            "count": 2408,
            "max": [
                27,
                30,
                30,
                27
            ],
            "min": [
                0,
                0,
                0,
                0
            ],
            "type": "VEC4"
        },
        {
            "bufferView": 2,
            "byteOffset": 19224,
            "componentType": 5126,
            "count": 2408,
            "max": [
                0.999793291091919,
                0.9991443157196044,
                0.9999743103981018
            ],
            "min": [
                -0.999793291091919,
                -0.9998764395713806,
                -1.0
            ],
            "type": "VEC3"
        },
        {
            "bufferView": 2,
            "byteOffset": 48120,
            "componentType": 5126,
            "count": 2408,
            "max": [
                0.7328154444694519,
                1.325245022773743,
                1.4907691478729249
            ],
            "min": [
                -0.7328154444694519,
                -0.7714208364486694,
                0.0
            ],
            "type": "VEC3"
        },
        {
            "bufferView": 1,
            "byteOffset": 32080,
            "componentType": 5126,
            "count": 2408,
            "max": [
                1.0,
                0.9921870231628418
            ],
            "min": [
                0.0,
                0.007140994071960449
            ],
            "type": "VEC2"
        },
        {
            "bufferView": 3,
            "byteOffset": 12816,
            "componentType": 5126,
            "count": 2408,
            "max": [
                1.0,
                0.9900000095367432,
                0.8700000047683716,
                0.429999977350235
            ],
            "min": [
                0.009999999776482582,
                0.0,
                0.0,
                0.0
            ],
            "type": "VEC4"
        },
        {
            "bufferView": 0,
            "byteOffset": 31128,
            "componentType": 5123,
            "count": 636,
            "max": [
                127
            ],
            "min": [
                0
            ],
            "type": "SCALAR"
        },
        {
            "bufferView": 1,
            "byteOffset": 51344,
            "componentType": 5123,
            "count": 128,
            "max": [
                14,
                0,
                0,
                0
            ],
            "min": [
                14,
                0,
                0,
                0
            ],
            "type": "VEC4"
        },
        {
            "bufferView": 2,
            "byteOffset": 77016,
            "componentType": 5126,
            "count": 128,
            "max": [
                0.9955058097839356,
                -0.04740215837955475,
                0.5119547843933106
            ],
            "min": [
                -0.9955058097839356,
                -0.919305980205536,
                -0.454589992761612
            ],
            "type": "VEC3"
        },
        {
            "bufferView": 2,
            "byteOffset": 78552,
            "componentType": 5126,
            "count": 128,
            "max": [
                0.2957245707511902,
                -0.4325619637966156,
                1.2700202465057374
            ],
            "min": [
                -0.2957245707511902,
                -0.694293737411499,
                0.9968966245651244
            ],
            "type": "VEC3"
        },
        {
            "bufferView": 1,
            "byteOffset": 52368,
            "componentType": 5126,
            "count": 128,
            "max": [
                0.4921899735927582,
                -0.7578099966049194
            ],
            "min": [
                0.007812976837158203,
                -0.9605699777603148
            ],
            "type": "VEC2"
        },
        {
            "bufferView": 3,
            "byteOffset": 51344,
            "componentType": 5126,
            "count": 128,
            "max": [
                1.0,
                0.0,
                0.0,
                0.0
            ],
            "min": [
                1.0,
                0.0,
                0.0,
                0.0
            ],
            "type": "VEC4"
        },
        {
            "bufferView": 4,
            "byteOffset": 0,
            "componentType": 5126,
            "count": 1,
            "max": [
                -0.0000037392001104308298,
                -1.0,
                -4.547470256258124e-13,
                0.0,
                4.470350063456864e-7,
                -1.1941799545750476e-12,
                -1.0,
                0.0,
                1.0,
                -0.0000037392001104308298,
                4.470350063456864e-7,
                0.0,
                -27.149700164794927,
                0.00010151799506274985,
                -2.267224073410034,
                1.0
            ],
            "min": [
                -0.0000037392001104308298,
                -1.0,
                -4.547470256258124e-13,
                0.0,
                4.470350063456864e-7,
                -1.1941799545750476e-12,
                -1.0,
                0.0,
                1.0,
                -0.0000037392001104308298,
                4.470350063456864e-7,
                0.0,
                -27.149700164794927,
                0.00010151799506274985,
                -2.267224073410034,
                1.0
            ],
            "type": "MAT4"
        },
        {
            "bufferView": 4,
            "byteOffset": 64,
            "componentType": 5126,
            "count": 31,
            "max": [
                0.8765156269073486,
                1.0,
                0.6778576970100403,
                0.0,
                1.0,
                0.8112549781799316,
                0.00000177653998889582,
                0.0,
                0.9018552899360656,
                0.958281397819519,
                1.0,
                0.0,
                27.149700164794927,
                33.94655990600586,
                35.40707778930664,
                1.0
            ],
            "min": [
                -0.8765140175819397,
                -1.0,
                -0.6778602004051209,
                0.0,
                -0.9191516041755676,
                -0.8112550973892212,
                -1.0,
                0.0,
                -1.0,
                -0.9582803249359132,
                -0.954511284828186,
                0.0,
                -42.116939544677737,
                -33.94655990600586,
                -15.093609809875489,
                1.0
            ],
            "type": "MAT4"
        }
    ],
    "materials": [
        {
            "pbrMetallicRoughness": {
                "baseColorFactor": [
                    1.0,
                    1.0,
                    1.0,
                    1.0
                ],
                "baseColorTexture": {
                    "index": 0
                },
                "metallicFactor": 0.0
            },
            "emissiveFactor": [
                0.0,
                0.0,
                0.0
            ],
            "occlusionTexture": {
                "index": 0
            },
            "name": "Material__47"
        },
        {
            "pbrMetallicRoughness": {
                "baseColorFactor": [
                    1.0,
                    1.0,
                    1.0,
                    1.0
                ],
                "baseColorTexture": {
                    "index": 1
                },
                "metallicFactor": 0.0
            },
            "emissiveFactor": [
                0.0,
                0.0,
                0.0
            ],
            "occlusionTexture": {
                "index": 1
            },
            "name": "Material__35"
        },
        {
            "pbrMetallicRoughness": {
                "baseColorFactor": [
                    1.0,
                    1.0,
                    1.0,
                    1.0
                ],
                "baseColorTexture": {
                    "index": 2
                },
                "metallicFactor": 0.0
            },
            "emissiveFactor": [
                0.0,
                0.0,
                0.0
            ],
            "occlusionTexture": {
                "index": 2
            },
            "name": "Material__36"
        }
    ],
    "textures": [
        {
            "sampler": 0,
            "source": 0
        },
        {
            "sampler": 0,
            "source": 1
        },
        {
            "sampler": 0,
            "source": 2
        }
    ],
    "images": [
        {
            "uri": "pm0027_00_BodyB1.png"
        },
        {
            "uri": "pm0027_00_BodyA1.png"
        },
        {
            "uri": "pm0027_00_Eye1.png"
        }
    ],
    "samplers": [
        {
            "magFilter": 9729,
            "minFilter": 9986,
            "wrapS": 10497,
            "wrapT": 10497
        }
    ],
    "bufferViews": [
        {
            "buffer": 0,
            "byteOffset": 188920,
            "byteLength": 32400,
            "target": 34963
        },
        {
            "buffer": 0,
            "byteOffset": 135528,
            "byteLength": 53392,
            "byteStride": 8,
            "target": 34962
        },
        {
            "buffer": 0,
            "byteOffset": 55440,
            "byteLength": 80088,
            "byteStride": 12,
            "target": 34962
        },
        {
            "buffer": 0,
            "byteOffset": 2048,
            "byteLength": 53392,
            "byteStride": 16,
            "target": 34962
        },
        {
            "buffer": 0,
            "byteOffset": 0,
            "byteLength": 2048
        }
    ],
    "buffers": [
        {
            "byteLength": 221320,
            "uri": "Sandshrew_OpenCollada0.bin"
        }
    ]
}
