{
    "asset": {
        "generator": "COLLADA2GLTF",
        "version": "2.0"
    },
    "scenes": [
        {
            "nodes": [
                0
            ]
        }
    ],
    "scene": 0,
    "nodes": [
        {
            "children": [
                15,
                1
            ],
            "matrix": [
                1.0,
                0.0,
                0.0,
                0.0,
                0.0,
                0.0,
                -1.0,
                0.0,
                0.0,
                1.0,
                0.0,
                0.0,
                0.0,
                0.0,
                0.0,
                1.0
            ],
            "name": "Z_UP"
        },
        {
            "mesh": 0,
            "skin": 0,
            "name": "Psyduck"
        },
        {
            "children": [
                10,
                5,
                3
            ],
            "matrix": [
                -1.0,
                -0.000003462199174464331,
                -3.5527200315476049e-15,
                0.0,
                0.000003462199174464331,
                -1.0,
                6.1501120881387687e-21,
                0.0,
                -3.5527200315476049e-15,
                -6.1501120881387687e-21,
                1.0,
                0.0,
                0.0,
                0.0,
                0.0,
                1.0
            ],
            "name": "_04_Hips"
        },
        {
            "children": [
                4
            ],
            "matrix": [
                -0.22994038462638856,
                4.801183877134463e-7,
                -0.9732047319412231,
                0.0,
                -0.0000024435735213046429,
                -1.0,
                8.400888162896082e-8,
                0.0,
                -0.9732047319412231,
                0.000002397414164079237,
                0.22994038462638856,
                0.0,
                0.2701188325881958,
                -3.696182357577904e-13,
                -0.6476694941520691,
                1.0
            ],
            "name": "_24_Tail1"
        },
        {
            "matrix": [
                1.0,
                0.0,
                0.0,
                0.0,
                0.0,
                1.0,
                0.0,
                0.0,
                0.0,
                0.0,
                1.0,
                0.0,
                0.25567638874053957,
                0.0,
                2.422331846219095e-8,
                1.0
            ],
            "name": "_25_Tail2"
        },
        {
            "children": [
                6
            ],
            "matrix": [
                0.9908788204193116,
                -4.724879261175375e-7,
                -0.13475583493709565,
                0.0,
                4.768372718899627e-7,
                1.0,
                5.117494901690605e-14,
                0.0,
                0.13475583493709565,
                -6.425665333154029e-8,
                0.9908788204193116,
                0.0,
                -0.13008256256580354,
                -0.3174999952316284,
                0.01134628150612116,
                1.0
            ],
            "name": "_15_RThigh"
        },
        {
            "children": [
                9,
                8,
                7
            ],
            "matrix": [
                -0.1347556710243225,
                5.140516350365942e-7,
                0.9908788800239564,
                0.0,
                -4.3769344415522939e-7,
                1.0,
                -5.783081178378779e-7,
                0.0,
                -0.9908788800239564,
                -5.116314696351765e-7,
                -0.1347556710243225,
                0.0,
                0.806833803653717,
                0.0,
                -1.211165994163821e-7,
                1.0
            ],
            "name": "_16_RFoot"
        },
        {
            "matrix": [
                0.9615592956542968,
                0.2745973467826843,
                0.000003337861471663928,
                0.0,
                -0.2745973467826843,
                0.9615592956542968,
                0.000012305667951295618,
                0.0,
                1.695518534461371e-7,
                -0.000012749196685035712,
                1.0,
                0.0,
                0.2796463668346405,
                0.23332715034484864,
                -0.11405788362026216,
                1.0
            ],
            "name": "_22_RToeC"
        },
        {
            "matrix": [
                0.956902027130127,
                -0.2904109656810761,
                -2.218992420921495e-7,
                0.0,
                0.2904109656810761,
                0.956902027130127,
                2.2168542557210464e-7,
                0.0,
                1.479559585959578e-7,
                -2.765732176612801e-7,
                1.0,
                0.0,
                0.2800019681453705,
                -0.23212294280529026,
                -0.11405763030052184,
                1.0
            ],
            "name": "_20_RToeB"
        },
        {
            "matrix": [
                1.0,
                0.0,
                0.0,
                0.0,
                0.0,
                1.0,
                0.0,
                0.0,
                0.0,
                0.0,
                1.0,
                0.0,
                0.34723833203315737,
                0.0,
                -0.11405763030052184,
                1.0
            ],
            "name": "_18_RToeA"
        },
        {
            "children": [
                11
            ],
            "matrix": [
                0.9908788204193116,
                -4.724879261175375e-7,
                -0.13475583493709565,
                0.0,
                4.768372718899627e-7,
                1.0,
                5.117494901690605e-14,
                0.0,
                0.13475583493709565,
                -6.425665333154029e-8,
                0.9908788204193116,
                0.0,
                -0.1300838142633438,
                0.3174999952316284,
                0.01134628150612116,
                1.0
            ],
            "name": "_06_LThigh"
        },
        {
            "children": [
                14,
                13,
                12
            ],
            "matrix": [
                -0.1347559243440628,
                4.497982502016385e-7,
                0.9908788204193116,
                0.0,
                0.000005700306246581022,
                1.0,
                3.212823287412903e-7,
                0.0,
                -0.9908788204193116,
                0.000005691607384505915,
                -0.1347559243440628,
                0.0,
                0.8068360686302185,
                0.0,
                -2.422331846219095e-8,
                1.0
            ],
            "name": "_07_LFoot"
        },
        {
            "matrix": [
                0.9615588784217836,
                -0.2745988667011261,
                0.0000033378598800481997,
                0.0,
                0.2745988667011261,
                0.9615588784217836,
                -0.000011444099982327316,
                0.0,
                -6.701201016312554e-8,
                0.000011920748875127174,
                1.0,
                0.0,
                0.2796463668346405,
                -0.23332718014717106,
                -0.11405793577432633,
                1.0
            ],
            "name": "_13_LToeC"
        },
        {
            "matrix": [
                0.9569025039672852,
                0.2904094159603119,
                -1.5678043041589266e-7,
                0.0,
                -0.2904094159603119,
                0.9569025039672852,
                0.000001141806706073112,
                0.0,
                4.816150180886325e-7,
                -0.000001047067144099856,
                1.0,
                0.0,
                0.2800019681453705,
                0.2321215867996216,
                -0.11405768245458604,
                1.0
            ],
            "name": "_11_LToeB"
        },
        {
            "matrix": [
                1.0,
                0.0,
                0.0,
                0.0,
                0.0,
                1.0,
                0.0,
                0.0,
                0.0,
                0.0,
                1.0,
                0.0,
                0.34723833203315737,
                -4.844669021508708e-8,
                -0.11405765265226364,
                1.0
            ],
            "name": "_09_LToeA"
        },
        {
            "children": [
                16
            ],
            "matrix": [
                1.0,
                -0.0,
                0.0,
                0.0,
                0.0,
                4.4896641959724089e-11,
                1.0,
                0.0,
                -0.0,
                -1.0,
                4.4896641959724089e-11,
                0.0,
                0.0,
                0.0,
                0.0,
                1.0
            ],
            "name": "_01_pm0054_00"
        },
        {
            "children": [
                17
            ],
            "name": "_02_Origin"
        },
        {
            "children": [
                2,
                18
            ],
            "matrix": [
                -0.000003728380534084863,
                1.0,
                0.0,
                0.0,
                -1.0,
                -0.000003728380534084863,
                -0.0,
                0.0,
                0.0,
                0.0,
                1.0,
                0.0,
                0.0,
                0.8160613179206848,
                -0.006149212829768658,
                1.0
            ],
            "name": "_03_Waist"
        },
        {
            "children": [
                33,
                26,
                19
            ],
            "name": "_27_Spine"
        },
        {
            "children": [
                20
            ],
            "matrix": [
                0.15674494206905366,
                0.9856498837471008,
                0.06265254318714142,
                0.0,
                -0.9875900745391846,
                0.1570534855127335,
                -5.497969191026186e-9,
                0.0,
                -0.009839806705713272,
                -0.061875034123659137,
                0.9980353713035584,
                0.0,
                0.2433767169713974,
                0.13075029850006104,
                0.0,
                1.0
            ],
            "name": "_48_RShoulder"
        },
        {
            "children": [
                21
            ],
            "matrix": [
                0.985649824142456,
                0.15705372393131257,
                -0.061875082552433017,
                0.0,
                -0.15674518048763276,
                0.9875900745391846,
                0.009839861653745177,
                0.0,
                0.0626526027917862,
                -3.7766547222872769e-8,
                0.9980353713035584,
                0.0,
                0.466666579246521,
                9.689338185125962e-7,
                -3.0279085905249305e-9,
                1.0
            ],
            "name": "_49_RArm"
        },
        {
            "children": [
                22
            ],
            "matrix": [
                1.0,
                0.0,
                0.0,
                0.0,
                0.0,
                1.0,
                0.0,
                0.0,
                0.0,
                0.0,
                1.0,
                0.0,
                0.324688196182251,
                -1.9378650506496346e-7,
                3.0279085905249305e-9,
                1.0
            ],
            "name": "_50_RForeArm"
        },
        {
            "children": [
                25,
                24,
                23
            ],
            "matrix": [
                1.0,
                0.0,
                0.0,
                0.0,
                0.0,
                1.0,
                0.0,
                0.0,
                0.0,
                0.0,
                1.0,
                0.0,
                0.2639313936233521,
                0.0,
                0.0,
                1.0
            ],
            "name": "_51_RHand"
        },
        {
            "matrix": [
                0.8383386731147766,
                0.5451498031616211,
                2.504552969978904e-15,
                0.0,
                -0.5451498031616211,
                0.8383386731147766,
                5.108182113248722e-15,
                0.0,
                6.850609777397281e-16,
                -5.647742947682659e-15,
                1.0,
                0.0,
                0.15879826247692109,
                0.11945617944002152,
                0.0,
                1.0
            ],
            "name": "_57_RFingerC"
        },
        {
            "matrix": [
                1.0,
                0.0,
                0.0,
                0.0,
                0.0,
                1.0,
                0.0,
                0.0,
                0.0,
                0.0,
                1.0,
                0.0,
                0.182374507188797,
                -9.689338043017418e-8,
                -0.000005588025487668347,
                1.0
            ],
            "name": "_55_RFingerB"
        },
        {
            "matrix": [
                0.8383381962776184,
                -0.5451505184173584,
                3.606314347219227e-15,
                0.0,
                0.5451505184173584,
                0.8383381962776184,
                1.9097084126600469e-15,
                0.0,
                -4.064389765094352e-15,
                3.650026964769942e-16,
                1.0,
                0.0,
                0.15879826247692109,
                -0.1194564774632454,
                0.0,
                1.0
            ],
            "name": "_53_RFingerA"
        },
        {
            "children": [
                27
            ],
            "matrix": [
                0.1567448079586029,
                -0.9856498837471008,
                0.06265251338481903,
                0.0,
                0.9875901341438294,
                0.15705335140228272,
                -4.373938100599162e-9,
                0.0,
                -0.009839783422648909,
                0.06187500432133675,
                0.9980354309082032,
                0.0,
                0.24337564408779145,
                -0.13075029850006104,
                0.0,
                1.0
            ],
            "name": "_37_LShoulder"
        },
        {
            "children": [
                28
            ],
            "matrix": [
                0.985649824142456,
                -0.15705369412899018,
                -0.06187509745359421,
                0.0,
                0.15674513578414918,
                0.9875900745391846,
                -0.009840034879744052,
                0.0,
                0.06265264749526978,
                2.081386298868893e-7,
                0.9980353713035584,
                0.0,
                0.4666668176651001,
                -1.9378650506496346e-7,
                -4.541875764374481e-9,
                1.0
            ],
            "name": "_38_LArm"
        },
        {
            "children": [
                29
            ],
            "matrix": [
                1.0,
                0.0,
                0.0,
                0.0,
                0.0,
                1.0,
                0.0,
                0.0,
                0.0,
                0.0,
                1.0,
                0.0,
                0.324688196182251,
                0.0,
                0.0,
                1.0
            ],
            "name": "_39_LForeArm"
        },
        {
            "children": [
                32,
                31,
                30
            ],
            "matrix": [
                1.0,
                0.0,
                0.0,
                0.0,
                0.0,
                1.0,
                0.0,
                0.0,
                0.0,
                0.0,
                1.0,
                0.0,
                0.2639313936233521,
                1.9378650506496346e-7,
                1.5139567377531194e-9,
                1.0
            ],
            "name": "_40_LHand"
        },
        {
            "matrix": [
                0.8383387923240662,
                -0.5451496243476868,
                5.012373369551841e-15,
                0.0,
                0.5451496243476868,
                0.8383387923240662,
                1.7440802579926644e-8,
                0.0,
                -9.507851395085254e-9,
                -1.4621298838335406e-8,
                1.0,
                0.0,
                0.1587969958782196,
                -0.1194564774632454,
                1.5139567377531194e-9,
                1.0
            ],
            "name": "_46_LFingerC"
        },
        {
            "matrix": [
                1.0,
                0.0,
                0.0,
                0.0,
                0.0,
                1.0,
                0.0,
                0.0,
                0.0,
                0.0,
                1.0,
                0.0,
                0.18237432837486268,
                -1.9378650506496346e-7,
                -0.000005600141321338015,
                1.0
            ],
            "name": "_44_LFingerB"
        },
        {
            "matrix": [
                0.8383378982543945,
                0.5451509952545166,
                -1.4670466619293166e-8,
                0.0,
                -0.5451509952545166,
                0.8383378982543945,
                -3.918809788933282e-15,
                0.0,
                1.2298806417732069e-8,
                7.997622120115011e-9,
                1.0,
                0.0,
                0.1587969958782196,
                0.11945589631795885,
                3.0279085905249305e-9,
                1.0
            ],
            "name": "_42_LFingerA"
        },
        {
            "children": [
                36,
                35,
                34
            ],
            "matrix": [
                1.0,
                0.0,
                0.0,
                0.0,
                0.0,
                1.0,
                0.0,
                0.0,
                0.0,
                0.0,
                1.0,
                0.0,
                0.5276062488555908,
                -1.8480938892943836e-13,
                0.0,
                1.0
            ],
            "name": "_28_Head"
        },
        {
            "matrix": [
                -0.4922965168952942,
                -0.0000010273449788655853,
                0.8704275488853455,
                0.0,
                0.0000021934195046924289,
                -1.0,
                6.027812560205349e-8,
                0.0,
                0.8704275488853455,
                0.0000019388874079595554,
                0.4922965168952942,
                0.0,
                0.2820669710636139,
                -5.544286817843469e-13,
                0.4598466753959656,
                1.0
            ],
            "name": "_35_UpperJaw"
        },
        {
            "matrix": [
                -0.6272834539413452,
                0.0000012644414937312832,
                0.7787910103797913,
                0.0,
                -0.00000209851441468345,
                -1.0,
                -6.666981278158346e-8,
                0.0,
                0.7787910103797913,
                -0.0000016761249526098257,
                0.6272834539413452,
                0.0,
                0.05837346613407135,
                -5.544286817843469e-13,
                0.5182819366455078,
                1.0
            ],
            "name": "_33_LowerJaw"
        },
        {
            "children": [
                37
            ],
            "matrix": [
                0.876580536365509,
                5.011447393133903e-14,
                -0.4812551438808441,
                0.0,
                2.6587953172452218e-8,
                1.0,
                4.8428642429598777e-8,
                0.0,
                0.4812551438808441,
                -5.524719526306399e-8,
                0.876580536365509,
                0.0,
                0.8764981627464294,
                0.0009904297767207029,
                -0.23601095378398896,
                1.0
            ],
            "name": "_30_FeelerA"
        },
        {
            "matrix": [
                1.0,
                0.0,
                0.0,
                0.0,
                0.0,
                1.0,
                0.0,
                0.0,
                0.0,
                0.0,
                1.0,
                0.0,
                0.22312940657138825,
                0.0,
                -2.906801341850951e-7,
                1.0
            ],
            "name": "_31_FeelerB"
        }
    ],
    "meshes": [
        {
            "primitives": [
                {
                    "attributes": {
                        "COLOR_0": 1,
                        "JOINTS_0": 2,
                        "NORMAL": 3,
                        "POSITION": 4,
                        "TEXCOORD_0": 5,
                        "WEIGHTS_0": 6
                    },
                    "indices": 0,
                    "mode": 4,
                    "material": 0
                },
                {
                    "attributes": {
                        "COLOR_0": 8,
                        "JOINTS_0": 9,
                        "NORMAL": 10,
                        "POSITION": 11,
                        "TEXCOORD_0": 12,
                        "WEIGHTS_0": 13
                    },
                    "indices": 7,
                    "mode": 4,
                    "material": 1
                },
                {
                    "attributes": {
                        "COLOR_0": 15,
                        "JOINTS_0": 16,
                        "NORMAL": 17,
                        "POSITION": 18,
                        "TEXCOORD_0": 19,
                        "WEIGHTS_0": 20
                    },
                    "indices": 14,
                    "mode": 4,
                    "material": 2
                },
                {
                    "attributes": {
                        "COLOR_0": 22,
                        "JOINTS_0": 23,
                        "NORMAL": 24,
                        "POSITION": 25,
                        "TEXCOORD_0": 26,
                        "WEIGHTS_0": 27
                    },
                    "indices": 21,
                    "mode": 4,
                    "material": 3
                }
            ],
            "name": "Psyduck"
        }
    ],
    "skins": [
        {
            "inverseBindMatrices": 28,
            "skeleton": 2,
            "joints": [
                27,
                28,
                20,
                21,
                18,
                19,
                2,
                33,
                5,
                26,
                35,
                10,
                3,
                4,
                34,
                36,
                37,
                29,
                31,
                30,
                32,
                22,
                25,
                24,
                23,
                11,
                14,
                12,
                13,
                6,
                9,
                7,
                8
            ],
            "name": "geom-Psyduck-skin1"
        }
    ],
    "accessors": [
        {
            "bufferView": 0,
            "byteOffset": 0,
            "componentType": 5123,
            "count": 14082,
            "max": [
                2872
            ],
            "min": [
                0
            ],
            "type": "SCALAR"
        },
        {
            "bufferView": 1,
            "byteOffset": 0,
            "componentType": 5126,
            "count": 2873,
            "max": [
                1.0,
                1.0,
                1.0
            ],
            "min": [
                1.0,
                1.0,
                1.0
            ],
            "type": "VEC3"
        },
        {
            "bufferView": 2,
            "byteOffset": 0,
            "componentType": 5123,
            "count": 2873,
            "max": [
                29,
                32,
                32,
                24
            ],
            "min": [
                0,
                0,
                0,
                0
            ],
            "type": "VEC4"
        },
        {
            "bufferView": 1,
            "byteOffset": 34476,
            "componentType": 5126,
            "count": 2873,
            "max": [
                1.0,
                0.9999939799308776,
                0.99960458278656
            ],
            "min": [
                -1.0,
                -1.0,
                -0.999920129776001
            ],
            "type": "VEC3"
        },
        {
            "bufferView": 1,
            "byteOffset": 68952,
            "componentType": 5126,
            "count": 2873,
            "max": [
                1.4335074424743653,
                2.6071829795837404,
                1.3792961835861209
            ],
            "min": [
                -1.4335074424743653,
                -4.6709327961025347e-8,
                -1.2268809080123902
            ],
            "type": "VEC3"
        },
        {
            "bufferView": 2,
            "byteOffset": 22984,
            "componentType": 5126,
            "count": 2873,
            "max": [
                0.9977927803993224,
                0.9940571188926696
            ],
            "min": [
                0.0,
                0.0016428232192993165
            ],
            "type": "VEC2"
        },
        {
            "bufferView": 3,
            "byteOffset": 0,
            "componentType": 5126,
            "count": 2873,
            "max": [
                1.0,
                0.9900000095367432,
                0.8899999856948853,
                0.4699999988079071
            ],
            "min": [
                0.009999999776482582,
                0.0,
                0.0,
                0.0
            ],
            "type": "VEC4"
        },
        {
            "bufferView": 0,
            "byteOffset": 28164,
            "componentType": 5123,
            "count": 246,
            "max": [
                59
            ],
            "min": [
                0
            ],
            "type": "SCALAR"
        },
        {
            "bufferView": 1,
            "byteOffset": 103428,
            "componentType": 5126,
            "count": 60,
            "max": [
                1.0,
                1.0,
                1.0
            ],
            "min": [
                1.0,
                1.0,
                1.0
            ],
            "type": "VEC3"
        },
        {
            "bufferView": 2,
            "byteOffset": 45968,
            "componentType": 5123,
            "count": 60,
            "max": [
                7,
                14,
                0,
                0
            ],
            "min": [
                7,
                0,
                0,
                0
            ],
            "type": "VEC4"
        },
        {
            "bufferView": 1,
            "byteOffset": 104148,
            "componentType": 5126,
            "count": 60,
            "max": [
                0.8632727861404419,
                0.6195344924926758,
                0.9592885971069336
            ],
            "min": [
                -0.8632727861404419,
                0.000834705017041415,
                0.5003795027732849
            ],
            "type": "VEC3"
        },
        {
            "bufferView": 1,
            "byteOffset": 104868,
            "componentType": 5126,
            "count": 60,
            "max": [
                0.5308853983879089,
                2.050072193145752,
                0.6432397365570068
            ],
            "min": [
                -0.5308853983879089,
                1.606298565864563,
                0.3528212308883667
            ],
            "type": "VEC3"
        },
        {
            "bufferView": 2,
            "byteOffset": 46448,
            "componentType": 5126,
            "count": 60,
            "max": [
                0.4941120147705078,
                0.2283303141593933
            ],
            "min": [
                0.007085842080414295,
                0.007642388343811035
            ],
            "type": "VEC2"
        },
        {
            "bufferView": 3,
            "byteOffset": 45968,
            "componentType": 5126,
            "count": 60,
            "max": [
                1.0,
                0.03999999910593033,
                0.0,
                0.0
            ],
            "min": [
                0.959999978542328,
                0.0,
                0.0,
                0.0
            ],
            "type": "VEC4"
        },
        {
            "bufferView": 0,
            "byteOffset": 28656,
            "componentType": 5123,
            "count": 123,
            "max": [
                31
            ],
            "min": [
                0
            ],
            "type": "SCALAR"
        },
        {
            "bufferView": 1,
            "byteOffset": 105588,
            "componentType": 5126,
            "count": 32,
            "max": [
                1.0,
                1.0,
                1.0
            ],
            "min": [
                1.0,
                1.0,
                1.0
            ],
            "type": "VEC3"
        },
        {
            "bufferView": 2,
            "byteOffset": 46928,
            "componentType": 5123,
            "count": 32,
            "max": [
                7,
                14,
                0,
                0
            ],
            "min": [
                7,
                0,
                0,
                0
            ],
            "type": "VEC4"
        },
        {
            "bufferView": 1,
            "byteOffset": 105972,
            "componentType": 5126,
            "count": 32,
            "max": [
                0.7372035980224609,
                0.5444629788398743,
                0.9758116006851196
            ],
            "min": [
                -3.008850057995005e-9,
                -0.07948915660381317,
                0.6140962243080139
            ],
            "type": "VEC3"
        },
        {
            "bufferView": 1,
            "byteOffset": 106356,
            "componentType": 5126,
            "count": 32,
            "max": [
                0.5346319079399109,
                2.052772045135498,
                0.6481978297233582
            ],
            "min": [
                1.626321419114646e-13,
                1.605912446975708,
                0.3559403717517853
            ],
            "type": "VEC3"
        },
        {
            "bufferView": 2,
            "byteOffset": 47184,
            "componentType": 5126,
            "count": 32,
            "max": [
                0.9865015149116516,
                0.9902560710906982
            ],
            "min": [
                0.0071839941665530209,
                0.01697850227355957
            ],
            "type": "VEC2"
        },
        {
            "bufferView": 3,
            "byteOffset": 46928,
            "componentType": 5126,
            "count": 32,
            "max": [
                1.0,
                0.05999999865889549,
                0.0,
                0.0
            ],
            "min": [
                0.9399999976158142,
                0.0,
                0.0,
                0.0
            ],
            "type": "VEC4"
        },
        {
            "bufferView": 0,
            "byteOffset": 28902,
            "componentType": 5123,
            "count": 123,
            "max": [
                31
            ],
            "min": [
                0
            ],
            "type": "SCALAR"
        },
        {
            "bufferView": 1,
            "byteOffset": 106740,
            "componentType": 5126,
            "count": 32,
            "max": [
                1.0,
                1.0,
                1.0
            ],
            "min": [
                1.0,
                1.0,
                1.0
            ],
            "type": "VEC3"
        },
        {
            "bufferView": 2,
            "byteOffset": 47440,
            "componentType": 5123,
            "count": 32,
            "max": [
                7,
                14,
                0,
                0
            ],
            "min": [
                7,
                0,
                0,
                0
            ],
            "type": "VEC4"
        },
        {
            "bufferView": 1,
            "byteOffset": 107124,
            "componentType": 5126,
            "count": 32,
            "max": [
                4.811360199141745e-9,
                0.5444629788398743,
                0.9758116006851196
            ],
            "min": [
                -0.7372035980224609,
                -0.07948915660381317,
                0.6140962243080139
            ],
            "type": "VEC3"
        },
        {
            "bufferView": 1,
            "byteOffset": 107508,
            "componentType": 5126,
            "count": 32,
            "max": [
                1.8480938892943836e-13,
                2.052772045135498,
                0.6481978297233582
            ],
            "min": [
                -0.5346319079399109,
                1.605912446975708,
                0.3559403717517853
            ],
            "type": "VEC3"
        },
        {
            "bufferView": 2,
            "byteOffset": 47696,
            "componentType": 5126,
            "count": 32,
            "max": [
                0.9865015149116516,
                0.9902560710906982
            ],
            "min": [
                0.007140712812542915,
                0.01697850227355957
            ],
            "type": "VEC2"
        },
        {
            "bufferView": 3,
            "byteOffset": 47440,
            "componentType": 5126,
            "count": 32,
            "max": [
                1.0,
                0.05999999865889549,
                0.0,
                0.0
            ],
            "min": [
                0.9399999976158142,
                0.0,
                0.0,
                0.0
            ],
            "type": "VEC4"
        },
        {
            "bufferView": 4,
            "byteOffset": 0,
            "componentType": 5126,
            "count": 33,
            "max": [
                1.0,
                1.0,
                0.06187509000301361,
                0.0,
                1.0,
                1.0,
                1.0,
                0.0,
                1.0,
                0.2904104888439179,
                1.0,
                0.0,
                36.93761825561524,
                62.15861892700195,
                4.816884994506836,
                1.0
            ],
            "min": [
                -1.0,
                -1.0,
                -0.06187501922249794,
                0.0,
                -1.0,
                -1.0,
                -0.13475576043128968,
                0.0,
                -0.9732046723365784,
                -0.2904098927974701,
                -4.371139894487897e-8,
                0.0,
                -89.99305725097656,
                -62.15869903564453,
                -64.50541687011719,
                1.0
            ],
            "type": "MAT4"
        }
    ],
    "materials": [
        {
            "pbrMetallicRoughness": {
                "baseColorFactor": [
                    1.0,
                    1.0,
                    1.0,
                    1.0
                ],
                "baseColorTexture": {
                    "index": 0
                },
                "metallicFactor": 0.0
            },
            "emissiveFactor": [
                0.0,
                0.0,
                0.0
            ],
            "occlusionTexture": {
                "index": 0
            },
            "name": "Body01"
        },
        {
            "pbrMetallicRoughness": {
                "baseColorFactor": [
                    1.0,
                    1.0,
                    1.0,
                    1.0
                ],
                "baseColorTexture": {
                    "index": 1
                },
                "metallicFactor": 0.0
            },
            "emissiveFactor": [
                0.0,
                0.0,
                0.0
            ],
            "occlusionTexture": {
                "index": 1
            },
            "name": "Eye"
        },
        {
            "pbrMetallicRoughness": {
                "baseColorTexture": {
                    "index": 2
                },
                "metallicFactor": 0.0
            },
            "emissiveFactor": [
                0.0,
                0.0,
                0.0
            ],
            "occlusionTexture": {
                "index": 2
            },
            "name": "LIris"
        },
        {
            "pbrMetallicRoughness": {
                "baseColorTexture": {
                    "index": 3
                },
                "metallicFactor": 0.0
            },
            "emissiveFactor": [
                0.0,
                0.0,
                0.0
            ],
            "occlusionTexture": {
                "index": 3
            },
            "name": "RIris"
        }
    ],
    "textures": [
        {
            "sampler": 0,
            "source": 0
        },
        {
            "sampler": 0,
            "source": 1
        },
        {
            "sampler": 0,
            "source": 2
        },
        {
            "sampler": 0,
            "source": 2
        }
    ],
    "images": [
        {
            "uri": "pm0054_00_Body1.png"
        },
        {
            "uri": "pm0054_00_Eye1.png"
        },
        {
            "uri": "pm0054_00_Iris2.png"
        }
    ],
    "samplers": [
        {
            "magFilter": 9729,
            "minFilter": 9986,
            "wrapS": 10497,
            "wrapT": 10497
        }
    ],
    "bufferViews": [
        {
            "buffer": 0,
            "byteOffset": 205908,
            "byteLength": 29148,
            "target": 34963
        },
        {
            "buffer": 0,
            "byteOffset": 50064,
            "byteLength": 107892,
            "byteStride": 12,
            "target": 34962
        },
        {
            "buffer": 0,
            "byteOffset": 157956,
            "byteLength": 47952,
            "byteStride": 8,
            "target": 34962
        },
        {
            "buffer": 0,
            "byteOffset": 2112,
            "byteLength": 47952,
            "byteStride": 16,
            "target": 34962
        },
        {
            "buffer": 0,
            "byteOffset": 0,
            "byteLength": 2112
        }
    ],
    "buffers": [
        {
            "byteLength": 235056,
            "uri": "Psyduck0.bin"
        }
    ]
}
